1.000 0.008 -0.018 -0.009 0.999 -0.007 -0.014 0.028 0.098 -0.159 -0.960 0.176 0.256 -0.929 0.011 -0.067 -0.904 0.037 0.093 -0.895 -0.048 -0.114 -0.531 0.003 0.172 -0.515 0.015 -0.037 -0.415 0.008 0.049 -0.410 
1.000 0.007 -0.021 -0.016 0.999 -0.005 -0.014 0.029 0.116 -0.159 -0.953 0.144 0.250 -0.941 0.000 -0.068 -0.904 0.034 0.087 -0.892 -0.049 -0.112 -0.531 -0.002 0.167 -0.517 0.011 -0.039 -0.415 0.009 0.046 -0.410 
1.000 0.014 -0.016 0.002 1.000 -0.014 -0.016 0.016 0.042 -0.163 -0.976 0.124 0.267 -0.943 0.041 -0.053 -0.888 0.024 0.112 -0.890 -0.045 -0.107 -0.533 -0.004 0.167 -0.517 0.003 -0.030 -0.416 -0.006 0.057 -0.408 
1.000 0.014 -0.016 0.003 1.000 -0.012 -0.017 0.018 0.042 -0.167 -0.975 0.116 0.262 -0.946 0.026 -0.058 -0.891 0.020 0.107 -0.891 -0.046 -0.109 -0.532 -0.009 0.164 -0.518 -0.000 -0.032 -0.416 -0.007 0.055 -0.409 
1.000 0.014 -0.015 0.002 1.000 -0.012 -0.013 0.018 0.051 -0.165 -0.974 0.121 0.262 -0.945 0.024 -0.057 -0.893 0.027 0.108 -0.890 -0.043 -0.108 -0.533 -0.006 0.164 -0.518 0.002 -0.032 -0.416 -0.004 0.056 -0.409 
1.000 0.014 -0.015 0.002 1.000 -0.016 -0.014 0.016 0.051 -0.159 -0.975 0.125 0.267 -0.943 0.024 -0.050 -0.893 0.025 0.114 -0.889 -0.043 -0.105 -0.533 -0.004 0.167 -0.517 0.002 -0.029 -0.416 -0.006 0.059 -0.408 
1.000 0.014 -0.015 0.003 1.000 -0.012 -0.014 0.019 0.059 -0.167 -0.973 0.130 0.257 -0.945 0.019 -0.059 -0.894 0.027 0.105 -0.890 -0.040 -0.110 -0.533 -0.002 0.162 -0.519 0.001 -0.033 -0.416 -0.005 0.055 -0.409 
1.000 0.013 -0.015 0.003 1.000 -0.012 -0.012 0.019 0.064 -0.166 -0.973 0.135 0.256 -0.944 0.021 -0.058 -0.894 0.029 0.106 -0.890 -0.038 -0.110 -0.533 0.001 0.162 -0.519 0.002 -0.032 -0.416 -0.004 0.055 -0.409 
1.000 0.013 -0.013 0.003 1.000 -0.013 -0.014 0.019 0.078 -0.166 -0.971 0.125 0.261 -0.945 0.009 -0.057 -0.897 0.043 0.107 -0.886 -0.032 -0.110 -0.533 -0.003 0.164 -0.518 -0.000 -0.032 -0.416 -0.005 0.056 -0.409 
1.000 0.012 -0.015 0.001 1.000 -0.013 -0.010 0.020 0.067 -0.166 -0.969 0.130 0.250 -0.944 0.005 -0.056 -0.899 0.030 0.105 -0.891 -0.045 -0.113 -0.532 -0.011 0.161 -0.519 0.004 -0.031 -0.416 -0.004 0.056 -0.409 
1.000 0.012 -0.015 0.001 1.000 -0.012 -0.011 0.021 0.073 -0.163 -0.969 0.135 0.249 -0.943 0.005 -0.057 -0.899 0.027 0.104 -0.892 -0.042 -0.111 -0.532 -0.008 0.161 -0.519 0.004 -0.031 -0.416 -0.005 0.055 -0.409 
1.000 0.012 -0.016 0.001 1.000 -0.012 -0.012 0.021 0.079 -0.164 -0.968 0.132 0.246 -0.944 0.002 -0.057 -0.899 0.025 0.105 -0.891 -0.039 -0.112 -0.532 -0.010 0.160 -0.519 0.003 -0.031 -0.416 -0.006 0.056 -0.409 
1.000 0.012 -0.016 0.001 1.000 -0.015 -0.012 0.019 0.074 -0.160 -0.970 0.129 0.253 -0.943 0.000 -0.052 -0.899 0.024 0.109 -0.891 -0.042 -0.110 -0.532 -0.012 0.163 -0.518 0.003 -0.029 -0.416 -0.007 0.058 -0.408 
1.000 0.012 -0.016 0.000 1.000 -0.012 -0.011 0.021 0.072 -0.168 -0.969 0.133 0.245 -0.944 0.002 -0.058 -0.899 0.025 0.104 -0.891 -0.043 -0.113 -0.532 -0.010 0.159 -0.520 0.004 -0.032 -0.416 -0.006 0.055 -0.409 
1.000 0.012 -0.024 -0.008 1.000 -0.012 -0.003 0.025 0.065 -0.172 -0.968 0.148 0.238 -0.945 0.022 -0.059 -0.895 0.039 0.104 -0.888 -0.046 -0.114 -0.531 0.001 0.156 -0.521 0.011 -0.030 -0.416 0.002 0.053 -0.409 
1.000 0.011 -0.024 -0.007 1.000 -0.013 -0.005 0.024 0.069 -0.169 -0.968 0.142 0.241 -0.945 0.017 -0.057 -0.896 0.042 0.107 -0.887 -0.045 -0.113 -0.532 -0.002 0.157 -0.520 0.010 -0.029 -0.416 0.002 0.054 -0.409 
1.000 0.011 -0.023 -0.006 1.000 -0.013 -0.004 0.024 0.092 -0.169 -0.966 0.143 0.236 -0.946 0.015 -0.058 -0.897 0.044 0.105 -0.887 -0.033 -0.114 -0.532 -0.002 0.155 -0.521 0.009 -0.029 -0.416 0.004 0.053 -0.409 
1.000 0.011 -0.022 -0.005 1.000 -0.012 -0.004 0.025 0.089 -0.172 -0.966 0.138 0.234 -0.947 0.014 -0.059 -0.897 0.044 0.104 -0.888 -0.034 -0.116 -0.532 -0.004 0.153 -0.521 0.009 -0.030 -0.416 0.004 0.052 -0.409 
1.000 0.007 -0.022 0.001 1.000 -0.015 -0.010 0.022 0.068 -0.178 -0.969 0.098 0.242 -0.953 -0.007 -0.056 -0.901 0.071 0.108 -0.876 -0.040 -0.119 -0.531 -0.019 0.154 -0.521 0.005 -0.027 -0.416 0.017 0.055 -0.409 
1.000 0.007 -0.022 0.001 1.000 -0.013 -0.008 0.023 0.074 -0.183 -0.967 0.103 0.238 -0.953 -0.002 -0.060 -0.901 0.075 0.103 -0.876 -0.037 -0.121 -0.530 -0.016 0.151 -0.522 0.007 -0.029 -0.416 0.019 0.053 -0.409 
0.999 0.001 -0.033 0.022 1.000 -0.020 -0.004 0.010 0.099 -0.189 -0.959 0.187 0.234 -0.921 0.001 -0.047 -0.902 0.010 0.121 -0.893 -0.033 -0.138 -0.527 -0.017 0.156 -0.520 0.018 -0.022 -0.416 0.023 0.059 -0.408 
0.999 -0.001 -0.034 0.018 1.000 -0.017 -0.006 0.010 0.136 -0.209 -0.947 0.188 0.230 -0.924 -0.005 -0.050 -0.903 0.008 0.115 -0.894 -0.021 -0.151 -0.524 -0.012 0.156 -0.521 0.015 -0.025 -0.416 0.027 0.055 -0.408 
0.999 -0.002 -0.043 -0.011 0.999 -0.016 -0.011 0.027 0.264 -0.257 -0.864 0.195 0.232 -0.917 0.008 -0.062 -0.896 -0.016 0.110 -0.905 -0.017 -0.182 -0.514 -0.015 0.165 -0.518 -0.012 -0.035 -0.415 0.018 0.046 -0.410 
0.998 -0.006 -0.044 -0.042 0.999 -0.015 -0.008 0.043 0.326 -0.322 -0.765 0.193 0.231 -0.914 -0.035 -0.061 -0.905 -0.007 0.107 -0.906 -0.029 -0.214 -0.501 -0.018 0.176 -0.513 -0.009 -0.038 -0.415 0.015 0.044 -0.410 
0.997 -0.009 -0.056 -0.057 0.998 -0.009 -0.014 0.059 0.429 -0.305 -0.596 0.244 0.211 -0.889 -0.071 -0.076 -0.911 -0.023 0.092 -0.919 -0.007 -0.219 -0.500 -0.010 0.184 -0.511 -0.025 -0.047 -0.414 0.008 0.030 -0.411 
0.994 -0.016 -0.053 -0.096 0.997 -0.009 -0.014 0.081 0.435 -0.356 -0.474 0.188 0.207 -0.908 -0.082 -0.067 -0.919 -0.010 0.098 -0.918 -0.002 -0.234 -0.494 -0.027 0.195 -0.506 -0.030 -0.050 -0.413 0.011 0.028 -0.411 
0.996 -0.022 -0.057 -0.068 0.998 -0.005 -0.021 0.050 0.455 -0.444 -0.302 0.220 0.212 -0.853 -0.094 -0.083 -0.918 -0.044 0.093 -0.915 0.035 -0.329 -0.434 -0.071 0.196 -0.502 -0.032 -0.058 -0.412 -0.015 0.024 -0.412 
0.992 -0.035 -0.058 -0.103 0.997 -0.003 -0.028 0.068 0.536 -0.482 -0.133 0.219 0.224 -0.869 -0.112 -0.078 -0.915 -0.047 0.094 -0.916 0.149 -0.389 -0.353 -0.050 0.202 -0.502 -0.048 -0.057 -0.411 -0.020 0.026 -0.411 
0.992 -0.037 -0.055 -0.103 0.997 0.001 -0.036 0.069 0.584 -0.461 -0.088 0.231 0.232 -0.866 -0.132 -0.086 -0.913 -0.081 0.086 -0.925 0.202 -0.392 -0.323 -0.040 0.209 -0.500 -0.046 -0.064 -0.410 -0.023 0.023 -0.411 
0.994 -0.033 -0.057 -0.090 0.997 0.003 -0.031 0.068 0.515 -0.426 0.037 0.282 0.200 -0.843 -0.138 -0.089 -0.918 -0.071 0.081 -0.929 0.194 -0.423 -0.285 -0.025 0.195 -0.506 -0.047 -0.069 -0.409 -0.023 0.016 -0.412 
0.994 -0.038 -0.061 -0.079 0.998 0.003 -0.036 0.050 0.690 -0.470 0.157 0.227 0.254 -0.856 -0.125 -0.092 -0.910 -0.084 0.087 -0.923 0.333 -0.415 -0.120 -0.057 0.196 -0.503 -0.047 -0.068 -0.409 -0.041 0.022 -0.410 
0.995 -0.039 -0.057 -0.074 0.998 0.004 -0.032 0.046 0.606 -0.379 0.306 0.259 0.210 -0.837 -0.122 -0.089 -0.921 -0.076 0.081 -0.929 0.329 -0.432 -0.051 -0.056 0.184 -0.508 -0.043 -0.067 -0.410 -0.034 0.019 -0.411 
0.993 -0.046 -0.056 -0.097 0.997 0.007 -0.027 0.076 0.564 -0.389 0.383 0.221 0.245 -0.844 -0.148 -0.010 -0.895 -0.069 0.088 -0.929 0.312 -0.447 0.008 -0.076 0.189 -0.503 -0.053 -0.046 -0.411 -0.018 0.018 -0.412 
0.995 -0.051 -0.056 -0.071 0.999 0.012 -0.021 0.044 0.611 -0.349 0.469 0.182 0.259 -0.839 -0.092 -0.088 -0.906 -0.066 0.082 -0.927 0.340 -0.412 0.108 -0.113 0.181 -0.500 -0.027 -0.067 -0.411 -0.011 0.017 -0.412 
0.997 -0.046 -0.049 -0.047 0.999 0.010 -0.027 0.030 0.575 -0.315 0.531 0.219 0.256 -0.816 -0.107 -0.085 -0.914 -0.087 0.083 -0.928 0.338 -0.400 0.152 -0.104 0.167 -0.506 -0.041 -0.067 -0.410 -0.029 0.018 -0.411 
0.995 -0.051 -0.048 -0.072 0.999 0.009 -0.023 0.034 0.584 -0.315 0.610 0.149 0.271 -0.847 -0.092 -0.080 -0.908 -0.060 0.082 -0.920 0.340 -0.359 0.229 -0.128 0.174 -0.499 -0.031 -0.066 -0.411 -0.026 0.022 -0.411 
0.996 -0.050 -0.042 -0.058 0.999 0.010 -0.023 0.046 0.497 -0.279 0.666 0.158 0.253 -0.849 -0.099 -0.081 -0.915 -0.062 0.084 -0.924 0.306 -0.367 0.262 -0.126 0.163 -0.503 -0.029 -0.071 -0.410 -0.023 0.020 -0.411 
0.997 -0.049 -0.044 -0.048 0.999 0.009 -0.024 0.047 0.572 -0.232 0.650 0.208 0.252 -0.840 -0.099 -0.083 -0.913 -0.071 0.086 -0.926 0.348 -0.324 0.265 -0.093 0.156 -0.512 -0.033 -0.070 -0.410 -0.025 0.021 -0.411 
0.998 -0.048 -0.033 -0.031 0.999 0.007 -0.017 0.051 0.708 -0.214 0.590 0.125 0.275 -0.871 -0.078 -0.088 -0.907 -0.049 0.084 -0.920 0.411 -0.257 0.248 -0.121 0.158 -0.505 -0.038 -0.067 -0.410 -0.018 0.024 -0.411 
0.998 -0.047 -0.035 -0.032 0.998 0.009 -0.019 0.051 0.681 -0.213 0.626 0.118 0.274 -0.872 -0.078 -0.091 -0.907 -0.049 0.083 -0.920 0.398 -0.253 0.273 -0.125 0.157 -0.505 -0.039 -0.069 -0.410 -0.019 0.024 -0.411 
0.998 -0.036 -0.049 -0.000 1.000 0.010 -0.020 0.005 0.692 -0.173 0.671 0.110 0.261 -0.877 -0.069 -0.097 -0.898 -0.071 0.074 -0.917 0.400 -0.182 0.322 -0.130 0.134 -0.510 -0.023 -0.070 -0.410 -0.042 0.022 -0.410 
0.998 -0.036 -0.051 -0.014 1.000 0.010 -0.029 0.005 0.690 -0.182 0.671 0.136 0.226 -0.882 -0.092 -0.096 -0.904 -0.092 0.078 -0.920 0.400 -0.186 0.320 -0.117 0.126 -0.516 -0.043 -0.071 -0.409 -0.053 0.023 -0.409 
0.998 -0.035 -0.049 -0.014 1.000 0.010 -0.029 0.006 0.695 -0.174 0.668 0.131 0.229 -0.880 -0.093 -0.096 -0.904 -0.093 0.078 -0.919 0.404 -0.181 0.319 -0.122 0.128 -0.514 -0.043 -0.071 -0.409 -0.054 0.023 -0.408 
0.997 -0.028 -0.058 -0.034 0.999 0.008 -0.013 0.029 0.709 -0.150 0.668 0.102 0.233 -0.910 -0.056 -0.086 -0.904 -0.046 0.082 -0.916 0.410 -0.152 0.325 -0.105 0.147 -0.513 -0.025 -0.066 -0.411 -0.024 0.024 -0.411 
0.997 -0.029 -0.058 -0.036 1.000 0.007 -0.014 0.026 0.689 -0.153 0.685 0.158 0.219 -0.890 -0.066 -0.090 -0.912 -0.046 0.082 -0.918 0.401 -0.160 0.332 -0.092 0.142 -0.517 -0.024 -0.066 -0.411 -0.027 0.026 -0.411 
0.996 -0.029 -0.065 -0.047 1.000 0.007 -0.016 0.014 0.635 -0.168 0.733 0.146 0.208 -0.895 -0.068 -0.084 -0.904 -0.060 0.084 -0.919 0.370 -0.167 0.363 -0.099 0.135 -0.517 -0.020 -0.065 -0.411 -0.031 0.026 -0.411 
0.997 -0.028 -0.059 -0.035 1.000 0.006 -0.009 0.017 0.751 -0.119 0.623 0.153 0.204 -0.887 -0.057 -0.086 -0.912 -0.046 0.083 -0.924 0.435 -0.142 0.296 -0.103 0.139 -0.515 -0.005 -0.063 -0.412 -0.024 0.028 -0.411 
0.998 -0.023 -0.051 -0.013 1.000 0.004 -0.006 0.019 0.733 -0.107 0.655 0.087 0.222 -0.909 -0.046 -0.080 -0.908 -0.038 0.086 -0.924 0.422 -0.120 0.323 -0.121 0.139 -0.511 -0.010 -0.064 -0.412 -0.023 0.028 -0.411 
0.998 -0.023 -0.051 -0.013 1.000 0.005 -0.005 0.020 0.732 -0.106 0.656 0.096 0.219 -0.908 -0.045 -0.081 -0.908 -0.035 0.085 -0.924 0.422 -0.120 0.324 -0.116 0.138 -0.513 -0.010 -0.065 -0.412 -0.022 0.028 -0.411 
0.998 -0.024 -0.049 -0.005 1.000 0.005 -0.002 0.021 0.718 -0.096 0.674 0.169 0.199 -0.897 -0.035 -0.086 -0.914 -0.026 0.086 -0.922 0.414 -0.113 0.336 -0.081 0.122 -0.523 -0.010 -0.066 -0.412 -0.020 0.027 -0.411 
0.998 -0.027 -0.052 0.020 1.000 0.013 -0.000 -0.014 0.695 -0.056 0.705 0.162 0.183 -0.887 -0.032 -0.106 -0.905 -0.035 0.063 -0.920 0.399 -0.086 0.361 -0.103 0.097 -0.525 0.006 -0.072 -0.411 -0.039 0.016 -0.410 
0.999 -0.024 -0.043 -0.004 1.000 0.014 0.002 0.024 0.673 -0.070 0.727 0.080 0.186 -0.931 -0.037 -0.102 -0.906 -0.014 0.065 -0.920 0.387 -0.090 0.373 -0.106 0.115 -0.520 -0.009 -0.079 -0.410 -0.019 0.017 -0.412 
0.998 -0.034 -0.044 -0.017 1.000 0.012 0.008 0.010 0.672 -0.098 0.724 0.082 0.180 -0.905 -0.017 -0.098 -0.901 -0.012 0.071 -0.922 0.381 -0.108 0.375 -0.141 0.110 -0.513 0.023 -0.071 -0.410 -0.013 0.020 -0.412 
0.998 -0.024 -0.050 -0.008 0.999 0.012 0.008 0.034 0.713 -0.093 0.687 0.111 0.188 -0.925 -0.023 -0.099 -0.902 0.000 0.071 -0.918 0.404 -0.095 0.353 -0.092 0.114 -0.523 -0.007 -0.072 -0.411 -0.013 0.020 -0.412 
0.999 -0.027 -0.045 0.002 1.000 0.011 0.001 0.028 0.700 -0.113 0.691 0.087 0.189 -0.922 -0.035 -0.100 -0.904 -0.018 0.069 -0.922 0.401 -0.121 0.348 -0.114 0.112 -0.520 -0.006 -0.075 -0.410 -0.026 0.019 -0.411 
0.998 -0.018 -0.046 0.026 1.000 0.012 -0.004 0.000 0.725 -0.084 0.677 0.093 0.195 -0.905 -0.036 -0.102 -0.903 -0.042 0.064 -0.923 0.410 -0.085 0.349 -0.130 0.102 -0.518 -0.007 -0.075 -0.410 -0.038 0.018 -0.410 
0.998 -0.026 -0.048 -0.014 0.999 0.018 0.004 0.038 0.744 -0.101 0.646 0.104 0.168 -0.921 -0.041 -0.113 -0.908 -0.005 0.050 -0.925 0.424 -0.112 0.324 -0.109 0.109 -0.521 0.003 -0.079 -0.410 -0.019 0.014 -0.412 
0.998 -0.026 -0.048 -0.009 0.999 0.015 0.002 0.040 0.704 -0.152 0.682 0.100 0.181 -0.928 -0.045 -0.106 -0.906 -0.008 0.057 -0.919 0.401 -0.135 0.344 -0.097 0.110 -0.523 -0.007 -0.079 -0.410 -0.020 0.016 -0.412 
0.998 -0.030 -0.047 -0.016 0.999 0.016 0.002 0.031 0.705 -0.132 0.679 0.148 0.178 -0.900 -0.030 -0.108 -0.908 -0.016 0.061 -0.927 0.403 -0.140 0.339 -0.099 0.110 -0.523 -0.005 -0.075 -0.410 -0.016 0.017 -0.412 
0.998 -0.030 -0.048 -0.023 0.999 0.013 0.004 0.038 0.738 -0.156 0.642 0.089 0.199 -0.917 0.010 -0.104 -0.892 -0.020 0.070 -0.926 0.419 -0.145 0.318 -0.116 0.120 -0.517 -0.014 -0.070 -0.411 -0.019 0.020 -0.412 
0.998 -0.031 -0.047 -0.030 0.999 0.012 0.002 0.036 0.729 -0.162 0.647 0.098 0.196 -0.916 0.007 -0.102 -0.895 -0.023 0.074 -0.925 0.415 -0.154 0.318 -0.112 0.122 -0.518 -0.020 -0.069 -0.411 -0.022 0.020 -0.411 
0.997 -0.050 -0.043 -0.047 0.999 0.018 -0.006 0.046 0.628 -0.175 0.697 0.100 0.186 -0.890 -0.064 -0.105 -0.912 -0.034 0.061 -0.925 0.372 -0.230 0.325 -0.144 0.116 -0.511 -0.035 -0.074 -0.409 -0.032 0.016 -0.411 
0.996 -0.050 -0.047 -0.052 0.999 0.019 -0.007 0.045 0.665 -0.210 0.641 0.124 0.176 -0.887 -0.065 -0.108 -0.911 -0.037 0.061 -0.927 0.387 -0.257 0.284 -0.132 0.113 -0.515 -0.034 -0.075 -0.409 -0.032 0.015 -0.411 
0.992 -0.065 -0.054 -0.094 0.999 0.017 -0.012 0.038 0.614 -0.287 0.557 0.075 0.154 -0.866 -0.082 -0.110 -0.917 -0.048 0.066 -0.928 0.346 -0.371 0.200 -0.187 0.131 -0.493 -0.027 -0.079 -0.409 -0.035 0.012 -0.411 
0.994 -0.058 -0.054 -0.081 0.999 0.018 -0.004 0.031 0.614 -0.288 0.455 0.093 0.135 -0.863 -0.064 -0.113 -0.917 -0.048 0.062 -0.935 0.337 -0.412 0.116 -0.178 0.131 -0.496 -0.023 -0.082 -0.408 -0.032 0.006 -0.411 
0.995 -0.051 -0.055 -0.071 0.999 0.011 -0.004 0.032 0.632 -0.307 0.384 0.163 0.134 -0.851 -0.071 -0.098 -0.926 -0.035 0.075 -0.932 0.341 -0.422 0.054 -0.139 0.131 -0.509 -0.023 -0.077 -0.409 -0.035 0.012 -0.411 
0.994 -0.048 -0.054 -0.077 0.999 0.010 -0.006 0.033 0.555 -0.325 0.310 0.087 0.126 -0.837 -0.080 -0.103 -0.935 -0.044 0.076 -0.940 0.297 -0.455 -0.041 -0.199 0.152 -0.482 -0.042 -0.074 -0.408 -0.043 0.012 -0.410 
0.994 -0.028 -0.057 -0.086 0.999 -0.002 -0.006 0.043 0.576 -0.339 0.020 0.032 0.150 -0.868 -0.042 -0.083 -0.923 -0.039 0.095 -0.944 0.241 -0.400 -0.282 -0.200 0.171 -0.475 -0.051 -0.060 -0.410 -0.056 0.026 -0.408 
0.993 -0.034 -0.074 -0.086 0.999 0.006 -0.001 0.050 0.621 -0.338 -0.087 0.136 0.122 -0.881 -0.053 -0.099 -0.927 -0.017 0.083 -0.938 0.234 -0.372 -0.324 -0.125 0.146 -0.508 -0.036 -0.064 -0.411 -0.031 0.017 -0.411 
0.993 -0.020 -0.080 -0.086 0.998 -0.001 0.012 0.060 0.563 -0.320 -0.240 0.140 0.124 -0.912 -0.032 -0.082 -0.926 0.028 0.094 -0.936 0.150 -0.302 -0.429 -0.084 0.149 -0.516 -0.002 -0.059 -0.413 -0.009 0.022 -0.412 
0.995 -0.004 -0.083 -0.063 0.998 -0.003 0.012 0.060 0.499 -0.301 -0.340 0.156 0.142 -0.908 -0.026 -0.071 -0.930 0.022 0.103 -0.927 0.071 -0.248 -0.481 -0.076 0.155 -0.515 -0.012 -0.054 -0.414 -0.017 0.024 -0.411 
0.995 -0.004 -0.083 -0.063 0.998 -0.003 0.012 0.060 0.499 -0.301 -0.340 0.156 0.142 -0.908 -0.026 -0.071 -0.930 0.022 0.103 -0.927 0.071 -0.248 -0.481 -0.076 0.155 -0.515 -0.012 -0.054 -0.414 -0.017 0.024 -0.411 
0.996 -0.005 -0.080 -0.050 0.998 -0.005 0.016 0.059 0.450 -0.267 -0.435 0.150 0.144 -0.909 -0.031 -0.072 -0.928 0.030 0.100 -0.924 0.003 -0.215 -0.502 -0.082 0.149 -0.516 -0.008 -0.053 -0.414 -0.016 0.027 -0.411 
0.996 -0.002 -0.073 -0.058 0.998 -0.002 0.014 0.063 0.394 -0.242 -0.523 0.131 0.149 -0.909 -0.026 -0.079 -0.925 0.020 0.100 -0.930 -0.057 -0.184 -0.511 -0.092 0.159 -0.511 -0.010 -0.053 -0.414 -0.008 0.025 -0.412 
0.996 -0.005 -0.071 -0.052 0.999 0.002 0.012 0.045 0.419 -0.245 -0.558 0.092 0.140 -0.906 -0.028 -0.091 -0.925 0.016 0.082 -0.923 -0.029 -0.182 -0.514 -0.128 0.151 -0.506 -0.014 -0.057 -0.413 -0.018 0.020 -0.412 
0.997 0.007 -0.075 -0.024 0.999 -0.003 0.013 0.046 0.365 -0.219 -0.657 0.201 0.136 -0.909 -0.022 -0.083 -0.923 0.025 0.088 -0.914 -0.064 -0.168 -0.515 -0.047 0.126 -0.526 -0.014 -0.051 -0.414 -0.014 0.024 -0.412 
0.997 0.013 -0.066 -0.023 0.999 -0.001 0.016 0.046 0.293 -0.205 -0.767 0.112 0.160 -0.941 -0.002 -0.086 -0.914 0.031 0.084 -0.910 -0.083 -0.146 -0.519 -0.068 0.129 -0.523 -0.010 -0.052 -0.414 -0.012 0.026 -0.412 
0.997 0.008 -0.066 -0.029 0.999 0.002 0.010 0.040 0.294 -0.203 -0.796 0.122 0.151 -0.926 -0.020 -0.087 -0.914 0.016 0.090 -0.911 -0.065 -0.146 -0.522 -0.086 0.133 -0.520 -0.012 -0.050 -0.414 -0.013 0.028 -0.411 
0.998 0.012 -0.067 -0.012 0.999 -0.002 0.015 0.042 0.256 -0.177 -0.848 0.195 0.171 -0.912 -0.008 -0.076 -0.913 0.023 0.094 -0.909 -0.062 -0.133 -0.525 -0.043 0.134 -0.525 -0.011 -0.044 -0.415 -0.008 0.034 -0.411 
0.998 0.009 -0.064 -0.018 0.999 -0.000 0.017 0.033 0.269 -0.196 -0.860 0.133 0.170 -0.932 0.002 -0.079 -0.909 0.035 0.093 -0.903 -0.035 -0.138 -0.527 -0.065 0.133 -0.523 -0.003 -0.043 -0.415 -0.006 0.034 -0.411 
0.998 0.007 -0.061 -0.013 1.000 -0.001 0.017 0.015 0.267 -0.192 -0.889 0.106 0.167 -0.936 0.012 -0.080 -0.907 0.037 0.096 -0.899 -0.004 -0.137 -0.528 -0.082 0.126 -0.522 0.004 -0.043 -0.415 -0.014 0.035 -0.411 
0.998 0.007 -0.061 -0.013 1.000 -0.002 0.016 0.014 0.254 -0.189 -0.895 0.102 0.170 -0.936 0.011 -0.078 -0.907 0.034 0.098 -0.899 -0.009 -0.135 -0.528 -0.085 0.128 -0.521 0.003 -0.042 -0.415 -0.015 0.036 -0.411 
0.998 0.008 -0.059 -0.003 1.000 -0.002 0.017 0.004 0.193 -0.208 -0.939 0.076 0.165 -0.954 0.016 -0.074 -0.898 0.021 0.100 -0.890 0.012 -0.136 -0.528 -0.075 0.113 -0.527 0.007 -0.042 -0.415 -0.011 0.039 -0.411 
0.998 0.009 -0.059 -0.003 1.000 -0.002 0.016 0.005 0.190 -0.209 -0.939 0.074 0.164 -0.954 0.013 -0.075 -0.898 0.018 0.099 -0.890 0.010 -0.137 -0.528 -0.076 0.112 -0.527 0.006 -0.043 -0.415 -0.012 0.039 -0.411 
