0.999 -0.011 -0.026 0.025 0.996 -0.013 0.003 -0.092 0.048 -0.153 -0.976 0.182 0.231 -0.950 0.082 -0.021 -0.895 0.107 0.133 -0.863 -0.041 -0.107 -0.533 0.044 0.145 -0.523 0.066 -0.012 -0.412 0.102 0.072 -0.394 
0.999 -0.023 -0.028 -0.001 0.994 -0.009 0.008 -0.108 0.093 -0.165 -0.976 0.164 0.225 -0.953 0.121 -0.026 -0.887 0.122 0.129 -0.857 0.005 -0.104 -0.535 0.028 0.145 -0.524 0.077 -0.011 -0.410 0.099 0.071 -0.395 
0.999 -0.016 -0.024 0.015 0.995 -0.009 0.009 -0.094 0.066 -0.162 -0.973 0.180 0.225 -0.948 0.119 -0.029 -0.891 0.118 0.127 -0.863 -0.032 -0.112 -0.532 0.031 0.148 -0.523 0.079 -0.012 -0.409 0.106 0.069 -0.393 
0.999 -0.016 -0.024 0.016 0.995 -0.010 0.007 -0.095 0.066 -0.161 -0.973 0.175 0.226 -0.948 0.118 -0.028 -0.891 0.118 0.126 -0.862 -0.032 -0.112 -0.532 0.029 0.148 -0.523 0.078 -0.012 -0.410 0.105 0.069 -0.393 
0.999 -0.016 -0.024 0.016 0.995 -0.010 0.007 -0.095 0.067 -0.160 -0.973 0.176 0.227 -0.948 0.118 -0.027 -0.891 0.118 0.127 -0.862 -0.032 -0.112 -0.532 0.029 0.148 -0.523 0.078 -0.012 -0.410 0.106 0.069 -0.393 
0.999 -0.027 -0.025 0.018 0.996 -0.008 0.009 -0.091 0.054 -0.168 -0.973 0.186 0.230 -0.945 0.119 -0.032 -0.893 0.125 0.125 -0.862 -0.039 -0.116 -0.531 0.033 0.149 -0.522 0.073 -0.014 -0.410 0.106 0.068 -0.393 
0.999 -0.016 -0.032 0.021 0.996 -0.016 0.007 -0.084 0.039 -0.154 -0.969 0.204 0.244 -0.938 0.103 -0.017 -0.895 0.115 0.138 -0.859 -0.066 -0.115 -0.528 0.045 0.157 -0.519 0.064 -0.008 -0.412 0.103 0.072 -0.393 
0.999 -0.028 -0.033 0.000 0.996 -0.006 0.007 -0.091 0.089 -0.177 -0.969 0.171 0.227 -0.952 0.108 -0.034 -0.889 0.117 0.121 -0.860 -0.021 -0.116 -0.532 0.038 0.144 -0.523 0.070 -0.015 -0.411 0.099 0.066 -0.395 
0.999 -0.030 -0.033 -0.011 0.996 -0.005 0.005 -0.085 0.083 -0.181 -0.970 0.178 0.219 -0.950 0.098 -0.033 -0.891 0.119 0.117 -0.863 -0.019 -0.116 -0.532 0.033 0.144 -0.524 0.063 -0.013 -0.412 0.099 0.064 -0.395 
0.999 -0.030 -0.032 -0.007 0.996 -0.005 0.008 -0.084 0.080 -0.181 -0.969 0.176 0.221 -0.949 0.101 -0.034 -0.891 0.120 0.118 -0.862 -0.026 -0.118 -0.531 0.030 0.145 -0.524 0.066 -0.013 -0.412 0.101 0.064 -0.395 
0.999 -0.021 -0.038 0.017 0.995 -0.012 0.008 -0.104 0.087 -0.173 -0.965 0.184 0.226 -0.941 0.102 -0.023 -0.894 0.103 0.136 -0.862 -0.034 -0.123 -0.530 0.017 0.152 -0.522 0.072 -0.006 -0.411 0.095 0.073 -0.395 
0.999 -0.019 -0.038 0.016 0.996 -0.012 0.008 -0.088 0.058 -0.173 -0.968 0.212 0.229 -0.941 0.091 -0.031 -0.895 0.116 0.130 -0.856 -0.048 -0.121 -0.529 0.050 0.148 -0.521 0.063 -0.011 -0.412 0.100 0.067 -0.395 
0.999 -0.017 -0.038 0.012 0.995 -0.009 0.007 -0.097 0.078 -0.186 -0.965 0.198 0.223 -0.946 0.103 -0.034 -0.889 0.110 0.124 -0.861 -0.036 -0.127 -0.529 0.044 0.144 -0.523 0.069 -0.014 -0.411 0.098 0.063 -0.396 
0.999 -0.022 -0.042 0.003 0.995 -0.010 0.008 -0.103 0.091 -0.185 -0.963 0.189 0.224 -0.943 0.101 -0.034 -0.889 0.105 0.126 -0.860 -0.031 -0.126 -0.529 0.027 0.149 -0.523 0.068 -0.013 -0.411 0.093 0.065 -0.397 
0.999 -0.014 -0.033 0.016 0.995 -0.012 0.011 -0.101 0.069 -0.179 -0.970 0.213 0.231 -0.942 0.117 -0.028 -0.886 0.110 0.129 -0.860 -0.029 -0.121 -0.530 0.058 0.146 -0.521 0.072 -0.013 -0.411 0.099 0.066 -0.395 
0.999 -0.021 -0.036 0.002 0.995 -0.011 0.010 -0.096 0.088 -0.182 -0.961 0.227 0.225 -0.939 0.108 -0.032 -0.889 0.110 0.125 -0.856 -0.041 -0.125 -0.529 0.062 0.146 -0.521 0.069 -0.015 -0.411 0.102 0.064 -0.395 
0.999 -0.021 -0.034 -0.007 0.995 -0.010 0.009 -0.102 0.090 -0.187 -0.966 0.201 0.226 -0.949 0.118 -0.031 -0.883 0.104 0.124 -0.858 -0.022 -0.121 -0.531 0.066 0.141 -0.521 0.073 -0.014 -0.410 0.100 0.064 -0.395 
0.999 -0.027 -0.038 -0.013 0.994 -0.011 0.009 -0.108 0.109 -0.187 -0.964 0.241 0.231 -0.934 0.110 -0.030 -0.886 0.109 0.126 -0.853 -0.012 -0.121 -0.531 0.069 0.151 -0.518 0.072 -0.011 -0.411 0.100 0.066 -0.395 
0.999 -0.021 -0.036 -0.011 0.993 -0.016 0.007 -0.116 0.100 -0.180 -0.965 0.247 0.251 -0.923 0.107 -0.021 -0.892 0.096 0.134 -0.856 -0.021 -0.119 -0.531 0.060 0.168 -0.514 0.073 -0.006 -0.411 0.093 0.071 -0.396 
0.999 -0.010 -0.033 -0.001 0.993 -0.017 0.013 -0.113 0.097 -0.174 -0.964 0.285 0.264 -0.911 0.122 -0.019 -0.886 0.135 0.136 -0.859 -0.029 -0.119 -0.531 0.091 0.172 -0.509 0.080 -0.006 -0.409 0.102 0.072 -0.394 
0.999 -0.011 -0.032 -0.003 0.994 -0.018 0.006 -0.108 0.075 -0.169 -0.963 0.305 0.276 -0.900 0.101 -0.022 -0.892 0.117 0.133 -0.862 -0.052 -0.119 -0.529 0.101 0.181 -0.503 0.070 -0.006 -0.411 0.096 0.072 -0.395 
1.000 -0.011 -0.021 -0.005 0.993 -0.017 0.001 -0.116 0.079 -0.174 -0.966 0.307 0.293 -0.895 0.103 -0.018 -0.892 0.112 0.130 -0.863 -0.037 -0.119 -0.530 0.103 0.191 -0.499 0.072 -0.008 -0.411 0.097 0.075 -0.394 
0.999 -0.016 -0.027 -0.008 0.994 -0.015 0.001 -0.111 0.081 -0.184 -0.968 0.333 0.280 -0.888 0.104 -0.026 -0.886 0.109 0.124 -0.859 -0.027 -0.121 -0.531 0.114 0.182 -0.500 0.068 -0.010 -0.411 0.092 0.070 -0.396 
0.999 -0.011 -0.029 -0.008 0.994 -0.018 0.004 -0.111 0.089 -0.175 -0.965 0.360 0.294 -0.875 0.102 -0.020 -0.890 0.116 0.131 -0.862 -0.033 -0.120 -0.530 0.133 0.190 -0.493 0.071 -0.008 -0.411 0.094 0.072 -0.395 
0.999 -0.017 -0.031 -0.027 0.994 -0.015 0.005 -0.105 0.108 -0.184 -0.959 0.360 0.295 -0.876 0.100 -0.027 -0.892 0.106 0.125 -0.862 -0.029 -0.120 -0.531 0.139 0.191 -0.490 0.068 -0.012 -0.411 0.096 0.069 -0.396 
0.999 -0.017 -0.031 -0.027 0.994 -0.015 0.005 -0.105 0.108 -0.184 -0.959 0.360 0.295 -0.876 0.100 -0.027 -0.892 0.106 0.125 -0.862 -0.029 -0.120 -0.531 0.139 0.191 -0.490 0.068 -0.012 -0.411 0.096 0.069 -0.396 
0.999 -0.016 -0.025 -0.034 0.995 -0.017 0.002 -0.096 0.094 -0.181 -0.959 0.372 0.304 -0.871 0.096 -0.026 -0.887 0.101 0.124 -0.859 -0.044 -0.118 -0.530 0.156 0.193 -0.485 0.062 -0.011 -0.412 0.097 0.069 -0.395 
0.999 -0.016 -0.025 -0.035 0.995 -0.015 0.001 -0.096 0.095 -0.185 -0.958 0.367 0.306 -0.873 0.099 -0.032 -0.887 0.104 0.120 -0.858 -0.043 -0.120 -0.530 0.154 0.193 -0.485 0.062 -0.013 -0.412 0.097 0.067 -0.396 
0.999 -0.014 -0.029 -0.033 0.996 -0.017 0.002 -0.086 0.090 -0.185 -0.954 0.376 0.333 -0.865 0.090 -0.031 -0.881 0.105 0.121 -0.853 -0.057 -0.117 -0.529 0.193 0.188 -0.473 0.059 -0.014 -0.413 0.102 0.066 -0.394 
0.999 -0.011 -0.031 -0.027 0.995 -0.019 0.006 -0.097 0.098 -0.175 -0.960 0.375 0.366 -0.851 0.099 -0.021 -0.882 0.111 0.131 -0.853 -0.042 -0.112 -0.532 0.179 0.214 -0.467 0.064 -0.007 -0.412 0.099 0.074 -0.394 
0.999 -0.010 -0.031 -0.038 0.996 -0.021 0.007 -0.086 0.106 -0.174 -0.957 0.393 0.384 -0.837 0.105 -0.021 -0.877 0.113 0.131 -0.849 -0.042 -0.108 -0.532 0.211 0.210 -0.456 0.066 -0.007 -0.412 0.107 0.072 -0.392 
0.999 -0.009 -0.027 -0.045 0.995 -0.024 -0.002 -0.092 0.099 -0.174 -0.963 0.402 0.387 -0.831 0.083 -0.017 -0.874 0.097 0.133 -0.846 -0.034 -0.104 -0.534 0.221 0.209 -0.451 0.051 -0.007 -0.414 0.093 0.074 -0.395 
1.000 -0.004 -0.019 -0.022 0.995 -0.025 -0.006 -0.092 0.071 -0.167 -0.964 0.422 0.401 -0.814 0.076 -0.010 -0.883 0.090 0.137 -0.854 -0.056 -0.108 -0.531 0.217 0.226 -0.445 0.049 -0.005 -0.414 0.089 0.079 -0.395 
0.999 -0.007 -0.031 -0.028 0.995 -0.021 -0.001 -0.102 0.103 -0.172 -0.962 0.420 0.406 -0.812 0.082 -0.022 -0.880 0.097 0.134 -0.848 -0.034 -0.108 -0.533 0.218 0.228 -0.444 0.054 -0.009 -0.413 0.094 0.076 -0.395 
0.999 -0.004 -0.026 -0.030 0.995 -0.023 -0.001 -0.096 0.095 -0.167 -0.957 0.406 0.433 -0.806 0.085 -0.021 -0.877 0.103 0.135 -0.845 -0.053 -0.105 -0.532 0.227 0.232 -0.437 0.053 -0.012 -0.413 0.099 0.075 -0.394 
0.999 -0.003 -0.026 -0.041 0.995 -0.025 -0.001 -0.098 0.091 -0.171 -0.959 0.406 0.447 -0.799 0.080 -0.013 -0.872 0.095 0.138 -0.842 -0.051 -0.103 -0.533 0.229 0.237 -0.433 0.050 -0.009 -0.414 0.093 0.077 -0.395 
0.999 -0.005 -0.026 -0.047 0.995 -0.025 -0.002 -0.093 0.105 -0.170 -0.958 0.442 0.448 -0.778 0.078 -0.014 -0.870 0.091 0.136 -0.843 -0.043 -0.101 -0.534 0.255 0.234 -0.420 0.050 -0.009 -0.414 0.094 0.076 -0.395 
0.999 0.003 -0.029 -0.038 0.994 -0.027 -0.000 -0.104 0.098 -0.163 -0.961 0.444 0.455 -0.773 0.076 -0.010 -0.876 0.086 0.144 -0.845 -0.042 -0.100 -0.534 0.231 0.254 -0.423 0.045 -0.007 -0.415 0.084 0.080 -0.396 
0.999 0.000 -0.026 -0.041 0.996 -0.028 -0.003 -0.087 0.079 -0.164 -0.958 0.498 0.447 -0.745 0.062 -0.012 -0.881 0.085 0.141 -0.849 -0.066 -0.102 -0.531 0.263 0.248 -0.407 0.038 -0.008 -0.415 0.088 0.078 -0.396 
0.999 -0.005 -0.020 -0.045 0.995 -0.029 -0.009 -0.092 0.061 -0.162 -0.965 0.483 0.482 -0.732 0.055 -0.008 -0.881 0.078 0.146 -0.848 -0.062 -0.098 -0.532 0.259 0.265 -0.399 0.035 -0.004 -0.416 0.081 0.087 -0.396 
0.999 -0.002 -0.028 -0.038 0.995 -0.029 -0.005 -0.094 0.070 -0.156 -0.960 0.516 0.474 -0.713 0.058 -0.008 -0.882 0.079 0.147 -0.849 -0.070 -0.099 -0.531 0.260 0.271 -0.394 0.041 -0.002 -0.415 0.086 0.087 -0.394 
0.997 -0.000 -0.039 -0.061 0.995 -0.026 -0.002 -0.101 0.110 -0.159 -0.964 0.516 0.504 -0.694 0.066 -0.016 -0.870 0.082 0.141 -0.840 -0.027 -0.091 -0.536 0.267 0.283 -0.381 0.046 -0.001 -0.414 0.084 0.085 -0.395 
0.999 0.006 -0.033 -0.043 0.994 -0.028 -0.006 -0.107 0.076 -0.156 -0.962 0.512 0.522 -0.683 0.057 -0.012 -0.877 0.072 0.147 -0.844 -0.062 -0.094 -0.533 0.260 0.296 -0.376 0.038 0.000 -0.415 0.077 0.089 -0.396 
0.998 0.002 -0.026 -0.061 0.995 -0.030 -0.006 -0.099 0.070 -0.157 -0.954 0.517 0.535 -0.670 0.053 -0.009 -0.878 0.066 0.149 -0.847 -0.082 -0.091 -0.531 0.272 0.297 -0.366 0.038 -0.002 -0.415 0.079 0.089 -0.395 
0.999 0.004 -0.032 -0.043 0.993 -0.028 -0.003 -0.112 0.084 -0.154 -0.958 0.548 0.542 -0.637 0.056 -0.014 -0.879 0.068 0.149 -0.849 -0.065 -0.096 -0.532 0.273 0.311 -0.354 0.038 -0.002 -0.415 0.075 0.090 -0.396 
0.998 -0.001 -0.039 -0.058 0.994 -0.027 -0.006 -0.108 0.100 -0.158 -0.959 0.563 0.540 -0.624 0.047 -0.012 -0.877 0.062 0.147 -0.845 -0.049 -0.091 -0.535 0.277 0.313 -0.350 0.034 0.002 -0.416 0.069 0.089 -0.397 
0.998 0.005 -0.033 -0.055 0.994 -0.025 -0.008 -0.103 0.089 -0.164 -0.952 0.576 0.575 -0.579 0.039 -0.019 -0.879 0.054 0.139 -0.851 -0.071 -0.096 -0.532 0.283 0.332 -0.325 0.033 -0.001 -0.416 0.070 0.087 -0.398 
0.998 0.008 -0.027 -0.048 0.993 -0.030 -0.009 -0.116 0.083 -0.155 -0.958 0.571 0.580 -0.577 0.031 -0.011 -0.882 0.045 0.149 -0.854 -0.065 -0.095 -0.533 0.277 0.337 -0.326 0.029 -0.001 -0.416 0.064 0.094 -0.397 
0.998 0.009 -0.024 -0.056 0.993 -0.030 -0.012 -0.117 0.078 -0.155 -0.962 0.566 0.581 -0.581 0.032 -0.008 -0.881 0.039 0.148 -0.854 -0.060 -0.091 -0.534 0.271 0.340 -0.328 0.031 0.000 -0.416 0.059 0.094 -0.398 
0.998 0.009 -0.025 -0.057 0.994 -0.027 -0.007 -0.108 0.090 -0.160 -0.954 0.586 0.573 -0.569 0.038 -0.013 -0.882 0.047 0.139 -0.854 -0.066 -0.094 -0.532 0.281 0.337 -0.323 0.035 -0.002 -0.416 0.071 0.090 -0.397 
0.998 0.006 -0.026 -0.060 0.993 -0.031 -0.011 -0.110 0.086 -0.162 -0.956 0.592 0.595 -0.539 0.022 -0.009 -0.887 0.043 0.149 -0.851 -0.066 -0.093 -0.533 0.286 0.347 -0.307 0.022 -0.001 -0.416 0.061 0.093 -0.398 
0.998 0.009 -0.022 -0.056 0.994 -0.026 -0.008 -0.105 0.087 -0.158 -0.959 0.587 0.574 -0.566 0.032 -0.015 -0.883 0.046 0.139 -0.851 -0.058 -0.093 -0.534 0.283 0.337 -0.320 0.030 -0.003 -0.416 0.067 0.088 -0.398 
0.998 0.013 -0.025 -0.050 0.994 -0.026 -0.006 -0.108 0.103 -0.161 -0.956 0.610 0.575 -0.540 0.040 -0.016 -0.879 0.060 0.139 -0.851 -0.052 -0.096 -0.534 0.297 0.338 -0.307 0.035 -0.003 -0.416 0.075 0.087 -0.397 
0.998 0.013 -0.022 -0.052 0.993 -0.029 -0.006 -0.111 0.100 -0.157 -0.954 0.602 0.591 -0.526 0.038 -0.012 -0.882 0.046 0.146 -0.852 -0.059 -0.095 -0.533 0.278 0.356 -0.304 0.031 -0.001 -0.416 0.068 0.091 -0.397 
0.999 0.009 -0.025 -0.041 0.995 -0.025 -0.007 -0.094 0.085 -0.157 -0.957 0.628 0.572 -0.525 0.035 -0.016 -0.883 0.064 0.138 -0.853 -0.066 -0.096 -0.532 0.316 0.330 -0.296 0.027 -0.004 -0.416 0.075 0.085 -0.397 
0.998 0.007 -0.025 -0.049 0.995 -0.027 -0.006 -0.096 0.097 -0.163 -0.957 0.651 0.569 -0.499 0.037 -0.014 -0.882 0.058 0.142 -0.853 -0.055 -0.099 -0.533 0.328 0.329 -0.283 0.035 -0.003 -0.416 0.079 0.088 -0.396 
0.999 0.013 -0.020 -0.042 0.994 -0.032 -0.006 -0.109 0.109 -0.159 -0.961 0.643 0.594 -0.482 0.043 -0.003 -0.881 0.051 0.143 -0.853 -0.036 -0.097 -0.535 0.323 0.343 -0.273 0.042 0.001 -0.415 0.071 0.094 -0.396 
0.999 0.016 -0.019 -0.047 0.993 -0.035 -0.005 -0.108 0.108 -0.159 -0.963 0.656 0.603 -0.455 0.041 -0.002 -0.880 0.059 0.149 -0.845 -0.033 -0.094 -0.536 0.343 0.338 -0.253 0.036 0.001 -0.415 0.072 0.094 -0.396 
0.999 0.017 -0.029 -0.041 0.994 -0.034 0.001 -0.108 0.114 -0.158 -0.959 0.668 0.603 -0.436 0.047 -0.000 -0.880 0.065 0.154 -0.846 -0.037 -0.094 -0.535 0.343 0.343 -0.247 0.036 0.003 -0.415 0.070 0.096 -0.396 
0.999 0.017 -0.021 -0.044 0.994 -0.033 -0.004 -0.102 0.099 -0.160 -0.953 0.669 0.609 -0.419 0.038 -0.005 -0.886 0.053 0.148 -0.849 -0.063 -0.097 -0.533 0.332 0.357 -0.242 0.034 0.000 -0.416 0.073 0.094 -0.395 
0.998 0.014 -0.017 -0.061 0.994 -0.035 -0.002 -0.103 0.107 -0.165 -0.953 0.650 0.631 -0.424 0.039 0.003 -0.880 0.057 0.151 -0.844 -0.054 -0.094 -0.534 0.336 0.357 -0.237 0.036 -0.003 -0.415 0.075 0.095 -0.395 
0.998 0.014 -0.021 -0.057 0.994 -0.033 -0.005 -0.101 0.094 -0.168 -0.950 0.663 0.611 -0.430 0.032 -0.002 -0.881 0.049 0.149 -0.844 -0.068 -0.095 -0.532 0.338 0.350 -0.244 0.025 -0.003 -0.416 0.068 0.092 -0.397 
0.998 0.014 -0.020 -0.057 0.995 -0.034 -0.001 -0.098 0.107 -0.166 -0.951 0.682 0.615 -0.395 0.043 0.001 -0.880 0.058 0.152 -0.843 -0.058 -0.094 -0.534 0.352 0.350 -0.224 0.032 -0.000 -0.416 0.077 0.094 -0.395 
0.999 0.018 -0.025 -0.043 0.994 -0.031 0.002 -0.102 0.097 -0.163 -0.948 0.685 0.608 -0.397 0.044 -0.007 -0.884 0.059 0.148 -0.847 -0.072 -0.098 -0.531 0.347 0.352 -0.228 0.036 -0.001 -0.416 0.074 0.093 -0.396 
0.998 0.017 -0.021 -0.050 0.994 -0.033 0.001 -0.101 0.105 -0.171 -0.949 0.687 0.617 -0.381 0.046 -0.002 -0.880 0.050 0.152 -0.844 -0.061 -0.099 -0.532 0.350 0.355 -0.219 0.035 0.002 -0.416 0.074 0.098 -0.394 
0.998 0.022 -0.020 -0.050 0.994 -0.030 0.001 -0.104 0.109 -0.173 -0.949 0.675 0.634 -0.375 0.043 -0.006 -0.882 0.060 0.148 -0.846 -0.058 -0.097 -0.533 0.349 0.360 -0.212 0.038 -0.003 -0.415 0.070 0.096 -0.395 
0.998 0.023 -0.018 -0.057 0.993 -0.033 0.003 -0.112 0.110 -0.165 -0.950 0.666 0.655 -0.346 0.047 -0.002 -0.882 0.056 0.153 -0.845 -0.057 -0.093 -0.534 0.326 0.385 -0.204 0.037 0.001 -0.415 0.068 0.100 -0.395 
0.998 0.024 -0.022 -0.051 0.995 -0.029 0.003 -0.100 0.105 -0.173 -0.948 0.696 0.637 -0.322 0.043 -0.010 -0.880 0.058 0.146 -0.845 -0.063 -0.098 -0.532 0.347 0.373 -0.191 0.036 -0.003 -0.415 0.072 0.094 -0.396 
0.999 0.022 -0.022 -0.043 0.995 -0.027 0.002 -0.098 0.101 -0.172 -0.942 0.690 0.656 -0.295 0.043 -0.013 -0.884 0.057 0.142 -0.850 -0.077 -0.098 -0.531 0.343 0.383 -0.178 0.037 -0.005 -0.415 0.071 0.094 -0.396 
0.999 0.022 -0.022 -0.042 0.995 -0.027 0.003 -0.097 0.107 -0.170 -0.942 0.690 0.658 -0.291 0.043 -0.012 -0.884 0.060 0.143 -0.850 -0.073 -0.098 -0.531 0.343 0.384 -0.176 0.038 -0.005 -0.415 0.073 0.094 -0.395 
0.999 0.022 -0.022 -0.042 0.995 -0.029 0.002 -0.099 0.105 -0.167 -0.943 0.687 0.661 -0.290 0.041 -0.009 -0.884 0.058 0.146 -0.850 -0.074 -0.096 -0.531 0.342 0.385 -0.175 0.037 -0.003 -0.415 0.072 0.095 -0.395 
0.999 0.022 -0.021 -0.031 0.995 -0.027 0.006 -0.093 0.107 -0.166 -0.943 0.697 0.664 -0.264 0.039 -0.011 -0.885 0.065 0.143 -0.850 -0.072 -0.097 -0.531 0.356 0.380 -0.157 0.033 -0.004 -0.416 0.074 0.094 -0.395 
0.999 0.023 -0.021 -0.028 0.995 -0.030 0.001 -0.091 0.093 -0.163 -0.944 0.704 0.666 -0.242 0.033 -0.005 -0.886 0.058 0.148 -0.849 -0.082 -0.096 -0.530 0.360 0.381 -0.145 0.028 -0.001 -0.416 0.069 0.096 -0.396 
0.999 0.021 -0.013 -0.035 0.995 -0.031 -0.001 -0.097 0.093 -0.173 -0.945 0.730 0.644 -0.212 0.028 -0.003 -0.887 0.052 0.150 -0.846 -0.077 -0.101 -0.530 0.368 0.377 -0.134 0.031 -0.001 -0.416 0.067 0.101 -0.395 
0.999 0.031 -0.018 -0.021 0.991 -0.032 0.003 -0.128 0.130 -0.167 -0.948 0.733 0.611 -0.240 0.036 -0.004 -0.890 0.038 0.154 -0.850 -0.044 -0.104 -0.533 0.341 0.390 -0.168 0.040 0.002 -0.415 0.053 0.105 -0.396 
0.999 0.030 -0.014 -0.035 0.993 -0.032 0.000 -0.113 0.114 -0.172 -0.952 0.744 0.610 -0.245 0.030 -0.001 -0.887 0.041 0.152 -0.849 -0.047 -0.102 -0.533 0.365 0.371 -0.159 0.030 -0.000 -0.416 0.055 0.102 -0.396 
0.999 0.027 -0.024 -0.036 0.992 -0.034 0.004 -0.118 0.129 -0.167 -0.948 0.744 0.614 -0.222 0.033 -0.002 -0.887 0.048 0.157 -0.845 -0.046 -0.098 -0.534 0.357 0.381 -0.153 0.034 0.003 -0.416 0.057 0.105 -0.395 
0.999 0.026 -0.022 -0.026 0.992 -0.028 0.006 -0.121 0.129 -0.173 -0.946 0.753 0.606 -0.204 0.047 -0.010 -0.889 0.042 0.149 -0.852 -0.048 -0.105 -0.532 0.360 0.380 -0.149 0.041 -0.001 -0.415 0.057 0.102 -0.396 
0.999 0.018 -0.031 -0.027 0.991 -0.025 0.009 -0.131 0.146 -0.168 -0.947 0.689 0.521 -0.472 0.048 -0.008 -0.891 0.040 0.148 -0.850 -0.032 -0.106 -0.533 0.310 0.338 -0.293 0.047 -0.002 -0.414 0.056 0.097 -0.398 
0.999 0.023 -0.014 -0.034 0.992 -0.029 0.003 -0.127 0.130 -0.168 -0.953 0.777 0.567 -0.168 0.044 -0.006 -0.892 0.034 0.143 -0.859 -0.034 -0.105 -0.533 0.361 0.380 -0.145 0.041 0.003 -0.415 0.053 0.104 -0.396 
0.999 0.023 -0.015 -0.034 0.992 -0.028 0.004 -0.125 0.126 -0.172 -0.953 0.777 0.571 -0.165 0.047 -0.010 -0.892 0.041 0.141 -0.856 -0.036 -0.107 -0.533 0.364 0.379 -0.142 0.043 0.001 -0.415 0.050 0.103 -0.397 
0.999 0.029 -0.017 -0.036 0.991 -0.029 0.005 -0.128 0.127 -0.176 -0.940 0.785 0.562 -0.130 0.040 -0.010 -0.896 0.037 0.144 -0.857 -0.059 -0.106 -0.531 0.366 0.382 -0.127 0.039 0.003 -0.415 0.045 0.105 -0.397 
0.998 0.027 -0.020 -0.045 0.990 -0.026 0.007 -0.138 0.145 -0.187 -0.939 0.783 0.566 -0.095 0.048 -0.017 -0.895 0.037 0.134 -0.862 -0.041 -0.110 -0.532 0.363 0.388 -0.116 0.047 -0.001 -0.414 0.043 0.101 -0.398 
0.999 0.032 -0.016 -0.032 0.991 -0.026 0.004 -0.133 0.117 -0.189 -0.943 0.805 0.545 -0.089 0.046 -0.018 -0.893 0.035 0.134 -0.863 -0.056 -0.113 -0.530 0.384 0.371 -0.106 0.041 -0.002 -0.415 0.045 0.101 -0.398 
0.999 0.031 -0.023 -0.032 0.991 -0.028 0.006 -0.133 0.127 -0.174 -0.945 0.819 0.539 -0.067 0.043 -0.013 -0.893 0.042 0.142 -0.854 -0.050 -0.103 -0.533 0.401 0.357 -0.086 0.040 0.001 -0.415 0.046 0.102 -0.398 
0.999 0.027 -0.019 -0.035 0.992 -0.024 0.001 -0.125 0.114 -0.182 -0.942 0.817 0.536 -0.078 0.032 -0.022 -0.897 0.040 0.130 -0.859 -0.063 -0.107 -0.530 0.397 0.360 -0.095 0.039 -0.005 -0.415 0.043 0.097 -0.399 
0.999 0.021 -0.019 -0.029 0.990 -0.021 0.005 -0.141 0.139 -0.183 -0.949 0.802 0.545 -0.085 0.044 -0.023 -0.896 0.036 0.125 -0.862 -0.027 -0.112 -0.532 0.381 0.371 -0.114 0.044 -0.003 -0.415 0.042 0.099 -0.399 
0.998 0.026 -0.021 -0.047 0.991 -0.029 0.004 -0.129 0.109 -0.182 -0.948 0.829 0.526 -0.071 0.033 -0.014 -0.894 0.033 0.142 -0.854 -0.056 -0.106 -0.531 0.409 0.348 -0.085 0.035 0.000 -0.416 0.043 0.103 -0.398 
0.997 0.025 -0.014 -0.070 0.992 -0.027 0.003 -0.125 0.121 -0.189 -0.947 0.831 0.528 -0.074 0.036 -0.017 -0.890 0.041 0.137 -0.857 -0.046 -0.102 -0.533 0.413 0.345 -0.080 0.036 -0.002 -0.415 0.046 0.102 -0.398 
0.998 0.027 -0.021 -0.046 0.990 -0.027 0.004 -0.140 0.134 -0.182 -0.950 0.844 0.502 -0.061 0.041 -0.018 -0.892 0.037 0.138 -0.856 -0.032 -0.106 -0.533 0.418 0.338 -0.081 0.044 -0.001 -0.415 0.044 0.102 -0.398 
0.999 0.027 -0.021 -0.035 0.990 -0.026 0.003 -0.137 0.119 -0.181 -0.949 0.848 0.475 -0.053 0.034 -0.016 -0.900 0.030 0.139 -0.863 -0.046 -0.111 -0.531 0.414 0.340 -0.094 0.038 -0.000 -0.415 0.036 0.102 -0.399 
0.999 0.027 -0.021 -0.035 0.990 -0.028 0.002 -0.138 0.117 -0.178 -0.950 0.847 0.477 -0.053 0.033 -0.013 -0.900 0.028 0.141 -0.862 -0.046 -0.109 -0.532 0.413 0.342 -0.094 0.038 0.001 -0.415 0.036 0.103 -0.398 
0.999 0.021 -0.026 -0.019 0.987 -0.016 0.004 -0.161 0.141 -0.183 -0.945 0.813 0.467 -0.045 0.046 -0.036 -0.903 0.030 0.119 -0.870 -0.033 -0.122 -0.530 0.376 0.370 -0.133 0.050 -0.005 -0.414 0.034 0.094 -0.401 
0.999 0.016 -0.021 -0.039 0.990 -0.016 0.005 -0.137 0.122 -0.190 -0.940 0.845 0.424 -0.040 0.031 -0.035 -0.903 0.034 0.120 -0.870 -0.056 -0.123 -0.528 0.403 0.344 -0.123 0.045 -0.008 -0.414 0.038 0.092 -0.401 
0.999 0.019 -0.020 -0.030 0.989 -0.020 0.002 -0.149 0.122 -0.186 -0.948 0.849 0.435 -0.030 0.034 -0.028 -0.909 0.030 0.128 -0.869 -0.042 -0.122 -0.529 0.408 0.343 -0.106 0.052 -0.007 -0.414 0.038 0.097 -0.400 
0.999 0.011 -0.024 -0.042 0.989 -0.018 -0.000 -0.144 0.131 -0.191 -0.943 0.869 0.407 -0.030 0.025 -0.032 -0.910 0.022 0.122 -0.872 -0.042 -0.123 -0.529 0.429 0.316 -0.108 0.039 -0.008 -0.415 0.040 0.090 -0.401 
0.999 0.015 -0.024 -0.045 0.990 -0.018 0.004 -0.136 0.131 -0.191 -0.943 0.871 0.393 -0.033 0.031 -0.030 -0.908 0.033 0.125 -0.868 -0.042 -0.122 -0.529 0.427 0.319 -0.108 0.045 -0.006 -0.415 0.047 0.091 -0.400 
0.999 0.015 -0.023 -0.045 0.990 -0.020 0.003 -0.137 0.129 -0.189 -0.944 0.871 0.394 -0.035 0.028 -0.028 -0.908 0.030 0.127 -0.868 -0.044 -0.121 -0.529 0.427 0.319 -0.109 0.044 -0.005 -0.415 0.045 0.092 -0.400 
0.999 0.013 -0.025 -0.045 0.990 -0.018 0.005 -0.143 0.138 -0.195 -0.937 0.880 0.379 -0.030 0.044 -0.029 -0.906 0.028 0.125 -0.873 -0.047 -0.126 -0.528 0.436 0.308 -0.108 0.048 -0.007 -0.414 0.045 0.092 -0.400 
0.998 0.012 -0.024 -0.058 0.990 -0.019 0.005 -0.138 0.148 -0.193 -0.938 0.898 0.357 -0.022 0.043 -0.021 -0.902 0.036 0.130 -0.867 -0.038 -0.119 -0.530 0.453 0.286 -0.094 0.040 -0.004 -0.415 0.046 0.093 -0.400 
0.998 0.011 -0.024 -0.062 0.990 -0.020 0.004 -0.140 0.134 -0.194 -0.936 0.904 0.353 -0.021 0.034 -0.027 -0.909 0.033 0.129 -0.870 -0.052 -0.119 -0.529 0.458 0.280 -0.086 0.038 -0.006 -0.415 0.046 0.093 -0.400 
0.997 0.011 -0.022 -0.075 0.990 -0.020 0.002 -0.142 0.151 -0.195 -0.934 0.905 0.351 -0.022 0.032 -0.022 -0.904 0.024 0.129 -0.871 -0.042 -0.115 -0.531 0.459 0.280 -0.085 0.039 -0.005 -0.415 0.045 0.093 -0.400 
0.998 0.010 -0.025 -0.058 0.990 -0.017 0.005 -0.141 0.137 -0.209 -0.933 0.916 0.331 -0.026 0.040 -0.027 -0.906 0.042 0.126 -0.870 -0.049 -0.126 -0.527 0.469 0.262 -0.085 0.043 -0.006 -0.415 0.044 0.091 -0.401 
0.998 0.012 -0.021 -0.055 0.990 -0.023 0.001 -0.142 0.114 -0.201 -0.941 0.920 0.320 -0.033 0.026 -0.022 -0.912 0.030 0.133 -0.868 -0.057 -0.124 -0.527 0.471 0.259 -0.084 0.041 -0.003 -0.415 0.037 0.096 -0.400 
0.998 0.011 -0.019 -0.057 0.989 -0.023 0.002 -0.143 0.110 -0.201 -0.942 0.924 0.306 -0.036 0.026 -0.020 -0.912 0.030 0.135 -0.868 -0.059 -0.123 -0.527 0.474 0.252 -0.087 0.041 -0.002 -0.415 0.038 0.096 -0.400 
0.997 0.008 -0.023 -0.069 0.990 -0.020 0.004 -0.140 0.113 -0.209 -0.943 0.944 0.270 -0.048 0.035 -0.024 -0.907 0.040 0.132 -0.867 -0.051 -0.125 -0.528 0.493 0.216 -0.082 0.047 -0.005 -0.414 0.044 0.094 -0.400 
0.997 0.007 -0.023 -0.069 0.990 -0.021 0.002 -0.141 0.108 -0.209 -0.944 0.944 0.268 -0.052 0.033 -0.022 -0.907 0.035 0.134 -0.867 -0.054 -0.125 -0.527 0.492 0.215 -0.085 0.045 -0.004 -0.415 0.041 0.096 -0.400 
0.997 0.007 -0.023 -0.069 0.990 -0.020 0.002 -0.140 0.106 -0.212 -0.944 0.945 0.265 -0.054 0.034 -0.024 -0.907 0.035 0.132 -0.867 -0.054 -0.126 -0.527 0.493 0.213 -0.086 0.045 -0.005 -0.415 0.042 0.095 -0.400 
0.998 -0.003 -0.030 -0.058 0.988 -0.018 0.005 -0.153 0.114 -0.211 -0.940 0.941 0.264 -0.063 0.030 -0.027 -0.912 0.025 0.132 -0.870 -0.054 -0.130 -0.526 0.489 0.214 -0.104 0.043 -0.004 -0.415 0.027 0.095 -0.401 
0.998 -0.003 -0.032 -0.055 0.988 -0.019 0.004 -0.152 0.121 -0.209 -0.937 0.939 0.254 -0.063 0.030 -0.019 -0.912 0.026 0.135 -0.871 -0.056 -0.130 -0.526 0.488 0.214 -0.112 0.045 -0.001 -0.415 0.025 0.096 -0.401 
0.998 -0.003 -0.036 -0.049 0.988 -0.021 0.002 -0.150 0.107 -0.203 -0.940 0.939 0.239 -0.062 0.024 -0.013 -0.914 0.012 0.141 -0.873 -0.063 -0.129 -0.525 0.488 0.209 -0.120 0.041 0.001 -0.415 0.024 0.098 -0.401 
0.998 -0.009 -0.047 -0.031 0.988 -0.019 0.008 -0.152 0.108 -0.194 -0.939 0.944 0.200 -0.056 0.030 -0.019 -0.922 0.034 0.141 -0.872 -0.065 -0.136 -0.523 0.493 0.190 -0.127 0.052 0.000 -0.414 0.031 0.094 -0.401 
0.998 -0.009 -0.045 -0.033 0.988 -0.018 0.008 -0.152 0.106 -0.197 -0.939 0.946 0.190 -0.057 0.031 -0.020 -0.920 0.034 0.138 -0.873 -0.067 -0.138 -0.523 0.495 0.185 -0.128 0.051 -0.000 -0.414 0.031 0.092 -0.401 
0.998 -0.007 -0.042 -0.036 0.987 -0.022 0.008 -0.156 0.107 -0.191 -0.939 0.949 0.180 -0.057 0.024 -0.011 -0.920 0.027 0.148 -0.872 -0.067 -0.135 -0.523 0.498 0.181 -0.125 0.050 0.002 -0.414 0.031 0.097 -0.400 
0.998 -0.008 -0.042 -0.037 0.988 -0.018 0.011 -0.155 0.116 -0.195 -0.937 0.950 0.174 -0.060 0.037 -0.013 -0.919 0.031 0.141 -0.874 -0.062 -0.136 -0.523 0.498 0.176 -0.128 0.052 0.000 -0.414 0.037 0.096 -0.400 
0.998 -0.008 -0.041 -0.037 0.988 -0.018 0.011 -0.155 0.119 -0.191 -0.938 0.949 0.172 -0.062 0.036 -0.014 -0.919 0.031 0.143 -0.873 -0.060 -0.134 -0.524 0.498 0.176 -0.130 0.051 0.000 -0.414 0.036 0.096 -0.400 
0.998 -0.008 -0.041 -0.038 0.988 -0.018 0.009 -0.156 0.119 -0.191 -0.937 0.949 0.165 -0.065 0.034 -0.013 -0.920 0.023 0.143 -0.875 -0.061 -0.134 -0.524 0.498 0.173 -0.133 0.050 0.000 -0.414 0.034 0.097 -0.400 
0.999 -0.008 -0.040 -0.031 0.985 -0.017 0.006 -0.169 0.121 -0.187 -0.942 0.937 0.165 -0.083 0.035 -0.011 -0.919 0.007 0.143 -0.879 -0.051 -0.134 -0.525 0.488 0.181 -0.160 0.046 0.004 -0.414 0.023 0.097 -0.401 
0.999 -0.014 -0.041 -0.033 0.986 -0.016 0.009 -0.167 0.128 -0.184 -0.948 0.947 0.141 -0.085 0.031 -0.012 -0.921 0.016 0.140 -0.878 -0.035 -0.130 -0.527 0.496 0.162 -0.152 0.055 0.004 -0.413 0.026 0.097 -0.401 
0.998 -0.023 -0.040 -0.052 0.986 -0.014 0.007 -0.169 0.137 -0.194 -0.941 0.965 0.124 -0.076 0.029 -0.020 -0.922 0.017 0.137 -0.879 -0.039 -0.133 -0.526 0.511 0.137 -0.125 0.057 0.002 -0.413 0.028 0.096 -0.401 
0.997 -0.019 -0.038 -0.062 0.986 -0.015 0.007 -0.168 0.134 -0.193 -0.946 0.967 0.098 -0.095 0.010 -0.021 -0.923 0.011 0.138 -0.876 -0.034 -0.125 -0.529 0.513 0.124 -0.132 0.049 0.001 -0.414 0.018 0.095 -0.402 
0.996 -0.023 -0.036 -0.074 0.986 -0.014 0.006 -0.163 0.124 -0.199 -0.937 0.958 0.087 -0.119 0.016 -0.015 -0.925 0.009 0.141 -0.886 -0.056 -0.131 -0.525 0.505 0.124 -0.159 0.040 0.002 -0.415 0.021 0.097 -0.401 
0.997 -0.016 -0.043 -0.064 0.987 -0.016 0.010 -0.158 0.131 -0.192 -0.942 0.969 0.072 -0.131 0.029 -0.021 -0.919 0.021 0.144 -0.878 -0.044 -0.125 -0.528 0.514 0.103 -0.145 0.046 0.003 -0.414 0.029 0.098 -0.400 
0.997 -0.016 -0.034 -0.073 0.986 -0.020 0.001 -0.166 0.125 -0.186 -0.947 0.963 0.088 -0.169 0.019 0.002 -0.921 -0.011 0.146 -0.881 -0.042 -0.118 -0.530 0.507 0.111 -0.163 0.039 0.010 -0.415 0.019 0.102 -0.400 
0.996 -0.014 -0.036 -0.079 0.986 -0.020 0.003 -0.164 0.143 -0.184 -0.940 0.964 0.081 -0.171 0.025 -0.005 -0.919 -0.000 0.151 -0.878 -0.043 -0.117 -0.530 0.509 0.108 -0.158 0.044 0.009 -0.415 0.028 0.102 -0.400 
0.997 -0.013 -0.039 -0.068 0.986 -0.018 0.003 -0.168 0.130 -0.187 -0.945 0.960 0.083 -0.196 0.019 -0.009 -0.919 -0.002 0.146 -0.879 -0.040 -0.120 -0.529 0.505 0.105 -0.173 0.041 0.006 -0.415 0.025 0.099 -0.400 
0.998 -0.008 -0.048 -0.051 0.985 -0.015 0.007 -0.170 0.122 -0.184 -0.948 0.958 0.086 -0.203 0.030 -0.017 -0.916 0.000 0.140 -0.878 -0.042 -0.123 -0.529 0.503 0.103 -0.181 0.043 0.002 -0.415 0.028 0.093 -0.402 
0.998 -0.008 -0.048 -0.047 0.985 -0.013 0.006 -0.170 0.130 -0.179 -0.946 0.955 0.052 -0.221 0.023 -0.022 -0.919 0.007 0.137 -0.878 -0.042 -0.123 -0.529 0.501 0.088 -0.193 0.047 -0.000 -0.414 0.032 0.092 -0.402 
0.998 -0.013 -0.046 -0.051 0.988 -0.014 0.010 -0.156 0.117 -0.178 -0.944 0.957 0.050 -0.229 0.033 -0.019 -0.919 0.019 0.139 -0.877 -0.056 -0.123 -0.528 0.503 0.081 -0.190 0.047 -0.000 -0.414 0.044 0.092 -0.400 
0.998 -0.008 -0.050 -0.036 0.985 -0.014 0.012 -0.174 0.136 -0.169 -0.952 0.926 0.090 -0.274 0.038 -0.018 -0.919 0.012 0.139 -0.876 -0.027 -0.119 -0.531 0.472 0.120 -0.243 0.053 0.003 -0.414 0.037 0.092 -0.401 
0.998 -0.008 -0.047 -0.046 0.986 -0.013 0.012 -0.168 0.146 -0.172 -0.949 0.927 0.060 -0.296 0.051 -0.016 -0.913 0.012 0.140 -0.879 -0.024 -0.120 -0.531 0.475 0.099 -0.245 0.058 0.003 -0.413 0.040 0.091 -0.401 
0.997 -0.011 -0.044 -0.056 0.984 -0.013 0.011 -0.179 0.150 -0.172 -0.949 0.915 0.081 -0.320 0.037 -0.020 -0.920 0.012 0.135 -0.874 -0.020 -0.115 -0.532 0.464 0.116 -0.259 0.047 0.002 -0.414 0.030 0.090 -0.402 
0.996 -0.012 -0.034 -0.082 0.985 -0.017 0.014 -0.172 0.154 -0.180 -0.943 0.896 0.066 -0.346 0.047 -0.014 -0.922 0.022 0.144 -0.880 -0.026 -0.120 -0.531 0.449 0.129 -0.279 0.062 0.004 -0.412 0.043 0.093 -0.400 
0.996 -0.017 -0.030 -0.088 0.985 -0.014 0.012 -0.173 0.164 -0.189 -0.941 0.910 0.045 -0.332 0.044 -0.019 -0.921 0.016 0.136 -0.881 -0.019 -0.123 -0.530 0.463 0.108 -0.264 0.062 0.002 -0.412 0.040 0.091 -0.401 
0.996 -0.015 -0.027 -0.084 0.984 -0.013 0.011 -0.179 0.169 -0.188 -0.945 0.873 0.081 -0.408 0.050 -0.019 -0.921 0.008 0.134 -0.883 -0.005 -0.120 -0.531 0.430 0.130 -0.307 0.059 0.001 -0.413 0.033 0.090 -0.402 
0.996 -0.022 -0.033 -0.076 0.981 -0.007 0.011 -0.195 0.189 -0.204 -0.946 0.850 0.096 -0.420 0.050 -0.035 -0.918 0.011 0.119 -0.879 0.028 -0.129 -0.528 0.405 0.148 -0.332 0.072 0.004 -0.411 0.029 0.084 -0.403 
0.997 -0.017 -0.041 -0.064 0.983 -0.009 0.012 -0.182 0.172 -0.193 -0.943 0.839 0.054 -0.474 0.052 -0.025 -0.920 0.003 0.127 -0.883 -0.004 -0.130 -0.529 0.404 0.107 -0.348 0.069 0.003 -0.411 0.040 0.087 -0.402 
0.996 -0.022 -0.035 -0.077 0.985 -0.007 0.011 -0.172 0.167 -0.206 -0.945 0.846 0.085 -0.475 0.055 -0.031 -0.914 0.008 0.122 -0.883 0.002 -0.131 -0.528 0.412 0.115 -0.336 0.060 -0.001 -0.413 0.040 0.084 -0.402 
0.995 -0.025 -0.032 -0.086 0.984 -0.007 0.013 -0.176 0.177 -0.211 -0.939 0.812 0.083 -0.531 0.049 -0.034 -0.916 0.019 0.120 -0.885 0.000 -0.134 -0.527 0.389 0.117 -0.362 0.066 -0.002 -0.412 0.044 0.081 -0.403 
0.996 -0.020 -0.037 -0.081 0.987 -0.006 0.015 -0.161 0.169 -0.209 -0.941 0.818 0.105 -0.537 0.053 -0.033 -0.911 0.026 0.119 -0.884 -0.005 -0.131 -0.528 0.402 0.111 -0.349 0.061 -0.003 -0.413 0.049 0.080 -0.402 
0.997 -0.017 -0.045 -0.063 0.984 -0.003 0.013 -0.177 0.183 -0.203 -0.936 0.785 0.114 -0.552 0.052 -0.046 -0.912 0.010 0.112 -0.887 -0.003 -0.135 -0.527 0.361 0.133 -0.385 0.065 -0.004 -0.412 0.041 0.076 -0.404 
0.995 -0.021 -0.034 -0.091 0.988 -0.004 0.010 -0.154 0.184 -0.211 -0.939 0.748 0.117 -0.633 0.045 -0.047 -0.905 0.019 0.114 -0.880 0.005 -0.129 -0.529 0.362 0.115 -0.390 0.056 -0.007 -0.413 0.049 0.075 -0.403 
0.996 -0.015 -0.046 -0.074 0.989 -0.007 0.013 -0.145 0.184 -0.197 -0.939 0.738 0.118 -0.644 0.051 -0.034 -0.900 0.024 0.123 -0.879 0.001 -0.123 -0.530 0.353 0.109 -0.400 0.053 -0.004 -0.414 0.050 0.076 -0.403 
0.996 -0.014 -0.038 -0.080 0.989 -0.010 0.009 -0.145 0.191 -0.192 -0.939 0.696 0.151 -0.683 0.037 -0.024 -0.905 0.014 0.128 -0.880 0.005 -0.120 -0.531 0.328 0.131 -0.414 0.049 -0.002 -0.414 0.050 0.081 -0.402 
0.996 -0.018 -0.035 -0.075 0.989 -0.008 0.007 -0.147 0.188 -0.194 -0.938 0.678 0.166 -0.692 0.038 -0.033 -0.905 0.016 0.117 -0.881 -0.001 -0.123 -0.531 0.309 0.144 -0.424 0.047 -0.005 -0.414 0.051 0.077 -0.403 
0.997 -0.017 -0.036 -0.069 0.991 -0.008 0.009 -0.135 0.178 -0.196 -0.940 0.681 0.170 -0.691 0.037 -0.034 -0.905 0.030 0.120 -0.877 -0.004 -0.125 -0.530 0.312 0.141 -0.423 0.043 -0.006 -0.415 0.053 0.075 -0.403 
0.998 -0.011 -0.041 -0.056 0.991 -0.009 0.011 -0.135 0.169 -0.190 -0.940 0.677 0.180 -0.693 0.034 -0.033 -0.908 0.027 0.124 -0.880 -0.016 -0.125 -0.530 0.311 0.146 -0.422 0.043 -0.007 -0.415 0.054 0.077 -0.402 
0.997 -0.005 -0.049 -0.061 0.992 -0.008 0.012 -0.127 0.180 -0.183 -0.935 0.642 0.192 -0.722 0.038 -0.034 -0.904 0.032 0.125 -0.878 -0.017 -0.118 -0.531 0.289 0.152 -0.435 0.037 -0.008 -0.415 0.053 0.073 -0.403 
0.997 -0.007 -0.042 -0.062 0.992 -0.013 0.007 -0.126 0.177 -0.180 -0.938 0.629 0.213 -0.735 0.031 -0.023 -0.900 0.017 0.129 -0.878 -0.018 -0.115 -0.532 0.294 0.154 -0.431 0.034 -0.005 -0.416 0.052 0.078 -0.402 
0.998 -0.008 -0.038 -0.051 0.992 -0.007 0.004 -0.123 0.179 -0.182 -0.939 0.602 0.227 -0.749 0.029 -0.037 -0.902 0.021 0.114 -0.880 -0.013 -0.120 -0.531 0.269 0.166 -0.443 0.033 -0.011 -0.416 0.055 0.072 -0.403 
0.998 -0.007 -0.037 -0.048 0.992 -0.008 0.007 -0.122 0.179 -0.178 -0.939 0.586 0.238 -0.759 0.033 -0.034 -0.902 0.027 0.115 -0.880 -0.013 -0.118 -0.532 0.260 0.171 -0.447 0.034 -0.010 -0.415 0.057 0.072 -0.403 
0.998 -0.003 -0.039 -0.050 0.993 -0.009 0.012 -0.118 0.180 -0.177 -0.940 0.557 0.254 -0.776 0.039 -0.028 -0.900 0.040 0.123 -0.877 -0.011 -0.115 -0.532 0.242 0.179 -0.454 0.030 -0.009 -0.416 0.055 0.073 -0.403 
0.998 -0.000 -0.043 -0.043 0.993 -0.006 0.013 -0.121 0.180 -0.174 -0.937 0.545 0.254 -0.775 0.038 -0.034 -0.901 0.042 0.117 -0.881 -0.017 -0.116 -0.532 0.218 0.186 -0.463 0.031 -0.011 -0.416 0.055 0.071 -0.403 
0.998 -0.005 -0.050 -0.044 0.992 -0.002 0.010 -0.122 0.195 -0.183 -0.937 0.514 0.250 -0.797 0.037 -0.049 -0.896 0.034 0.109 -0.878 -0.001 -0.119 -0.532 0.201 0.181 -0.472 0.031 -0.015 -0.416 0.051 0.064 -0.405 
0.999 -0.003 -0.041 -0.025 0.992 -0.005 0.011 -0.125 0.177 -0.175 -0.940 0.508 0.262 -0.787 0.037 -0.039 -0.904 0.036 0.113 -0.883 -0.012 -0.122 -0.531 0.183 0.193 -0.475 0.034 -0.013 -0.415 0.055 0.069 -0.403 
0.998 0.001 -0.044 -0.035 0.992 -0.009 0.012 -0.122 0.180 -0.173 -0.939 0.504 0.276 -0.788 0.040 -0.031 -0.901 0.033 0.120 -0.882 -0.013 -0.118 -0.532 0.184 0.202 -0.471 0.034 -0.009 -0.416 0.052 0.071 -0.404 
0.999 0.005 -0.038 -0.024 0.993 -0.007 0.012 -0.114 0.178 -0.172 -0.943 0.485 0.278 -0.804 0.040 -0.037 -0.899 0.050 0.112 -0.878 -0.008 -0.119 -0.531 0.178 0.197 -0.475 0.033 -0.014 -0.415 0.060 0.067 -0.403 
0.999 0.002 -0.037 -0.025 0.993 -0.006 0.011 -0.114 0.187 -0.170 -0.943 0.465 0.283 -0.815 0.040 -0.037 -0.901 0.038 0.110 -0.882 0.001 -0.117 -0.532 0.168 0.200 -0.478 0.034 -0.016 -0.415 0.057 0.066 -0.404 
0.999 0.002 -0.035 -0.023 0.993 -0.008 0.009 -0.115 0.181 -0.167 -0.945 0.451 0.288 -0.821 0.036 -0.035 -0.902 0.035 0.113 -0.882 -0.004 -0.116 -0.532 0.160 0.202 -0.480 0.032 -0.015 -0.415 0.055 0.067 -0.404 
0.999 0.004 -0.037 -0.017 0.992 -0.006 0.011 -0.123 0.180 -0.166 -0.943 0.411 0.295 -0.828 0.036 -0.037 -0.905 0.040 0.112 -0.882 -0.007 -0.118 -0.532 0.119 0.211 -0.488 0.030 -0.015 -0.416 0.054 0.068 -0.404 
0.999 0.004 -0.037 -0.017 0.992 -0.006 0.012 -0.122 0.182 -0.166 -0.943 0.411 0.297 -0.828 0.039 -0.036 -0.905 0.043 0.112 -0.882 -0.006 -0.118 -0.532 0.119 0.212 -0.488 0.031 -0.015 -0.416 0.056 0.068 -0.403 
0.999 0.003 -0.043 -0.022 0.994 0.000 0.013 -0.107 0.196 -0.175 -0.930 0.407 0.295 -0.833 0.042 -0.054 -0.899 0.061 0.101 -0.879 -0.014 -0.124 -0.530 0.121 0.209 -0.487 0.032 -0.022 -0.415 0.064 0.057 -0.404 
0.999 -0.001 -0.040 -0.016 0.993 -0.003 0.012 -0.114 0.195 -0.172 -0.940 0.397 0.300 -0.837 0.045 -0.048 -0.899 0.051 0.110 -0.881 0.003 -0.120 -0.531 0.115 0.210 -0.489 0.032 -0.018 -0.415 0.059 0.064 -0.404 
0.999 0.003 -0.033 -0.019 0.994 -0.003 0.011 -0.109 0.187 -0.170 -0.939 0.383 0.302 -0.844 0.041 -0.046 -0.900 0.055 0.106 -0.882 -0.007 -0.121 -0.531 0.109 0.212 -0.489 0.033 -0.021 -0.415 0.064 0.062 -0.403 
0.998 -0.003 -0.048 -0.029 0.995 -0.002 0.017 -0.096 0.202 -0.169 -0.932 0.361 0.295 -0.850 0.048 -0.045 -0.900 0.068 0.113 -0.880 -0.009 -0.118 -0.532 0.088 0.213 -0.493 0.033 -0.014 -0.415 0.069 0.064 -0.402 
0.999 0.004 -0.035 -0.005 0.994 -0.007 0.012 -0.107 0.181 -0.160 -0.940 0.354 0.298 -0.846 0.051 -0.034 -0.902 0.050 0.116 -0.887 -0.013 -0.120 -0.531 0.074 0.214 -0.495 0.035 -0.012 -0.415 0.064 0.069 -0.402 
0.999 -0.001 -0.042 -0.009 0.994 -0.003 0.015 -0.106 0.198 -0.165 -0.939 0.349 0.294 -0.850 0.050 -0.040 -0.903 0.061 0.112 -0.884 0.002 -0.120 -0.531 0.071 0.211 -0.497 0.038 -0.013 -0.415 0.065 0.066 -0.402 
0.999 0.000 -0.032 -0.009 0.995 -0.003 0.008 -0.104 0.180 -0.167 -0.941 0.321 0.296 -0.860 0.041 -0.042 -0.903 0.051 0.107 -0.886 -0.010 -0.122 -0.531 0.055 0.213 -0.498 0.034 -0.015 -0.415 0.059 0.065 -0.403 
0.999 -0.002 -0.040 -0.016 0.996 0.000 0.015 -0.093 0.189 -0.170 -0.924 0.325 0.289 -0.861 0.049 -0.048 -0.905 0.065 0.104 -0.888 -0.032 -0.127 -0.529 0.059 0.213 -0.498 0.035 -0.018 -0.415 0.071 0.060 -0.402 
0.999 -0.001 -0.044 -0.005 0.996 -0.002 0.018 -0.086 0.191 -0.167 -0.937 0.330 0.294 -0.875 0.058 -0.048 -0.900 0.077 0.110 -0.880 -0.008 -0.118 -0.532 0.089 0.199 -0.499 0.036 -0.016 -0.415 0.076 0.062 -0.401 
0.999 -0.009 -0.033 -0.014 0.995 -0.002 0.012 -0.099 0.190 -0.170 -0.939 0.280 0.293 -0.876 0.053 -0.042 -0.902 0.063 0.109 -0.885 -0.005 -0.122 -0.531 0.032 0.210 -0.501 0.034 -0.015 -0.415 0.066 0.065 -0.402 
1.000 -0.005 -0.027 -0.015 0.996 -0.003 0.011 -0.088 0.174 -0.171 -0.939 0.262 0.294 -0.887 0.048 -0.043 -0.903 0.066 0.110 -0.886 -0.019 -0.125 -0.530 0.033 0.211 -0.501 0.034 -0.017 -0.415 0.072 0.064 -0.401 
0.999 -0.008 -0.031 0.000 0.996 -0.002 0.015 -0.091 0.174 -0.171 -0.937 0.279 0.285 -0.875 0.055 -0.043 -0.904 0.070 0.111 -0.887 -0.022 -0.130 -0.529 0.026 0.205 -0.504 0.035 -0.016 -0.415 0.071 0.064 -0.402 
1.000 -0.004 -0.025 0.002 0.996 -0.003 0.013 -0.091 0.172 -0.170 -0.940 0.257 0.294 -0.882 0.055 -0.041 -0.905 0.076 0.110 -0.887 -0.019 -0.128 -0.529 0.018 0.209 -0.502 0.037 -0.017 -0.415 0.072 0.066 -0.401 
0.999 -0.008 -0.034 -0.001 0.996 -0.002 0.015 -0.088 0.182 -0.169 -0.935 0.274 0.286 -0.877 0.049 -0.043 -0.908 0.074 0.108 -0.884 -0.018 -0.129 -0.529 0.025 0.207 -0.503 0.037 -0.016 -0.415 0.076 0.064 -0.401 
0.999 -0.013 -0.037 -0.001 0.996 -0.003 0.016 -0.092 0.198 -0.171 -0.932 0.272 0.285 -0.864 0.058 -0.039 -0.903 0.071 0.111 -0.884 -0.008 -0.131 -0.529 0.003 0.209 -0.503 0.038 -0.012 -0.415 0.073 0.065 -0.401 
0.999 -0.014 -0.032 -0.003 0.996 -0.003 0.016 -0.089 0.192 -0.171 -0.934 0.250 0.290 -0.874 0.053 -0.041 -0.905 0.080 0.111 -0.884 -0.010 -0.130 -0.529 -0.003 0.209 -0.503 0.035 -0.015 -0.415 0.074 0.064 -0.401 
0.999 -0.016 -0.031 -0.002 0.994 -0.001 0.017 -0.104 0.210 -0.170 -0.941 0.215 0.280 -0.888 0.067 -0.042 -0.902 0.081 0.109 -0.881 0.022 -0.124 -0.530 -0.022 0.202 -0.505 0.042 -0.015 -0.415 0.071 0.065 -0.401 
0.999 -0.013 -0.039 -0.006 0.995 0.001 0.020 -0.093 0.206 -0.179 -0.927 0.213 0.271 -0.891 0.067 -0.050 -0.902 0.080 0.107 -0.881 -0.007 -0.132 -0.528 -0.022 0.200 -0.506 0.041 -0.018 -0.415 0.073 0.059 -0.402 
0.999 -0.008 -0.038 0.002 0.996 -0.004 0.020 -0.089 0.197 -0.168 -0.937 0.221 0.270 -0.900 0.059 -0.041 -0.903 0.083 0.109 -0.880 -0.000 -0.125 -0.530 -0.002 0.189 -0.510 0.039 -0.016 -0.415 0.076 0.060 -0.401 
1.000 -0.012 -0.028 0.008 0.996 -0.003 0.014 -0.094 0.178 -0.177 -0.942 0.181 0.258 -0.906 0.065 -0.041 -0.903 0.072 0.107 -0.881 -0.005 -0.133 -0.528 -0.036 0.184 -0.511 0.038 -0.018 -0.415 0.073 0.060 -0.402 
0.999 -0.012 -0.041 0.007 0.996 -0.002 0.022 -0.091 0.177 -0.177 -0.933 0.173 0.245 -0.911 0.070 -0.045 -0.903 0.085 0.111 -0.881 -0.024 -0.136 -0.527 -0.040 0.177 -0.513 0.040 -0.019 -0.415 0.076 0.060 -0.401 
0.999 -0.015 -0.033 -0.007 0.996 -0.000 0.017 -0.083 0.175 -0.187 -0.936 0.165 0.231 -0.920 0.064 -0.044 -0.906 0.082 0.106 -0.882 -0.017 -0.137 -0.527 -0.037 0.172 -0.515 0.038 -0.020 -0.415 0.074 0.058 -0.402 
0.999 -0.018 -0.034 -0.011 0.996 -0.000 0.020 -0.087 0.193 -0.186 -0.937 0.146 0.228 -0.931 0.068 -0.044 -0.904 0.091 0.105 -0.876 0.001 -0.132 -0.529 -0.036 0.167 -0.517 0.041 -0.020 -0.414 0.079 0.056 -0.401 
0.999 -0.018 -0.033 -0.004 0.996 -0.002 0.016 -0.085 0.169 -0.188 -0.944 0.137 0.220 -0.936 0.063 -0.042 -0.902 0.082 0.104 -0.877 -0.006 -0.133 -0.528 -0.038 0.159 -0.519 0.037 -0.018 -0.415 0.073 0.057 -0.402 
0.999 -0.017 -0.034 -0.003 0.996 -0.002 0.019 -0.082 0.163 -0.182 -0.945 0.153 0.220 -0.937 0.068 -0.041 -0.901 0.080 0.105 -0.882 -0.012 -0.128 -0.529 -0.024 0.157 -0.521 0.032 -0.016 -0.415 0.073 0.059 -0.402 
0.999 -0.019 -0.028 -0.008 0.996 -0.002 0.018 -0.086 0.158 -0.183 -0.948 0.131 0.222 -0.942 0.067 -0.040 -0.902 0.080 0.106 -0.882 -0.011 -0.128 -0.529 -0.030 0.158 -0.520 0.038 -0.018 -0.415 0.074 0.059 -0.402 
0.999 -0.012 -0.030 -0.001 0.997 -0.004 0.017 -0.079 0.159 -0.167 -0.941 0.156 0.228 -0.934 0.056 -0.037 -0.905 0.083 0.109 -0.881 -0.028 -0.125 -0.529 -0.020 0.163 -0.519 0.037 -0.017 -0.415 0.079 0.060 -0.401 
0.999 -0.016 -0.028 -0.006 0.997 -0.002 0.020 -0.079 0.165 -0.177 -0.942 0.140 0.221 -0.938 0.067 -0.041 -0.905 0.094 0.105 -0.879 -0.019 -0.128 -0.529 -0.031 0.162 -0.519 0.041 -0.018 -0.415 0.082 0.059 -0.400 
0.999 -0.020 -0.033 -0.009 0.996 -0.004 0.017 -0.084 0.166 -0.177 -0.944 0.137 0.223 -0.938 0.058 -0.038 -0.905 0.086 0.110 -0.879 -0.015 -0.127 -0.530 -0.033 0.160 -0.519 0.036 -0.017 -0.415 0.076 0.059 -0.401 
1.000 -0.016 -0.027 -0.002 0.996 -0.003 0.016 -0.086 0.151 -0.178 -0.946 0.129 0.223 -0.941 0.063 -0.040 -0.903 0.073 0.108 -0.883 -0.023 -0.128 -0.529 -0.034 0.159 -0.519 0.037 -0.019 -0.415 0.073 0.060 -0.402 
0.999 -0.019 -0.034 -0.004 0.997 -0.004 0.021 -0.078 0.161 -0.177 -0.940 0.158 0.222 -0.934 0.073 -0.039 -0.903 0.092 0.109 -0.877 -0.026 -0.129 -0.529 -0.023 0.160 -0.519 0.040 -0.016 -0.415 0.084 0.059 -0.400 
0.999 -0.018 -0.033 0.008 0.997 -0.003 0.018 -0.076 0.146 -0.183 -0.950 0.153 0.220 -0.943 0.060 -0.041 -0.904 0.090 0.105 -0.875 -0.018 -0.130 -0.529 -0.011 0.151 -0.523 0.036 -0.018 -0.415 0.080 0.057 -0.401 
0.999 -0.025 -0.038 -0.003 0.996 -0.004 0.024 -0.082 0.177 -0.193 -0.941 0.145 0.215 -0.938 0.073 -0.038 -0.900 0.102 0.113 -0.873 -0.004 -0.133 -0.528 -0.031 0.152 -0.521 0.039 -0.016 -0.415 0.082 0.060 -0.400 
0.999 -0.020 -0.029 0.006 0.996 -0.009 0.014 -0.087 0.154 -0.191 -0.939 0.116 0.220 -0.947 0.057 -0.036 -0.903 0.076 0.115 -0.878 -0.029 -0.138 -0.526 -0.034 0.152 -0.521 0.029 -0.017 -0.416 0.071 0.061 -0.402 
0.999 -0.028 -0.034 -0.010 0.996 -0.006 0.018 -0.093 0.181 -0.201 -0.937 0.119 0.205 -0.940 0.059 -0.043 -0.905 0.084 0.103 -0.877 -0.003 -0.141 -0.526 -0.052 0.150 -0.521 0.036 -0.022 -0.415 0.073 0.055 -0.403 
0.999 -0.014 -0.032 0.009 0.995 -0.010 0.014 -0.099 0.170 -0.219 -0.934 0.119 0.204 -0.948 0.061 -0.047 -0.902 0.077 0.097 -0.871 -0.011 -0.155 -0.522 -0.039 0.141 -0.524 0.036 -0.027 -0.415 0.072 0.048 -0.404 
1.000 -0.015 -0.025 0.007 0.995 -0.010 0.008 -0.099 0.157 -0.218 -0.935 0.114 0.206 -0.939 0.051 -0.059 -0.906 0.072 0.084 -0.876 -0.019 -0.160 -0.520 -0.058 0.149 -0.520 0.041 -0.037 -0.413 0.074 0.043 -0.404 
0.999 -0.009 -0.035 0.004 0.995 -0.019 0.010 -0.100 0.180 -0.225 -0.933 0.114 0.233 -0.946 0.048 -0.052 -0.900 0.070 0.088 -0.869 -0.000 -0.156 -0.522 -0.031 0.157 -0.520 0.047 -0.036 -0.413 0.073 0.040 -0.404 
0.999 -0.010 -0.039 0.000 0.995 -0.028 0.013 -0.091 0.174 -0.236 -0.921 0.169 0.256 -0.925 0.044 -0.049 -0.902 0.078 0.091 -0.868 -0.023 -0.169 -0.517 -0.015 0.177 -0.515 0.051 -0.030 -0.413 0.079 0.043 -0.403 
0.999 -0.005 -0.036 -0.006 0.994 -0.036 0.010 -0.105 0.188 -0.266 -0.912 0.139 0.239 -0.933 0.056 -0.049 -0.902 0.071 0.090 -0.869 -0.013 -0.186 -0.512 -0.032 0.171 -0.516 0.068 -0.033 -0.410 0.069 0.035 -0.405 
0.999 -0.007 -0.036 -0.014 0.994 -0.036 0.008 -0.101 0.185 -0.275 -0.903 0.148 0.224 -0.926 0.058 -0.061 -0.904 0.068 0.079 -0.873 -0.024 -0.194 -0.508 -0.043 0.172 -0.514 0.077 -0.037 -0.408 0.067 0.030 -0.406 
0.999 -0.017 -0.024 -0.024 0.995 -0.046 0.011 -0.088 0.158 -0.274 -0.919 0.155 0.212 -0.933 0.089 -0.057 -0.901 0.088 0.081 -0.867 -0.022 -0.190 -0.510 -0.026 0.169 -0.517 0.118 -0.034 -0.398 0.081 0.040 -0.403 
0.999 -0.008 -0.030 -0.017 0.994 -0.054 0.018 -0.093 0.160 -0.260 -0.920 0.171 0.220 -0.927 0.115 -0.044 -0.892 0.097 0.094 -0.860 -0.025 -0.184 -0.512 -0.021 0.176 -0.514 0.147 -0.023 -0.389 0.087 0.046 -0.401 
0.999 0.006 -0.020 -0.035 0.995 -0.061 0.012 -0.077 0.137 -0.266 -0.925 0.179 0.234 -0.932 0.115 -0.017 -0.864 0.114 0.098 -0.864 -0.033 -0.183 -0.512 0.009 0.186 -0.511 0.186 -0.016 -0.373 0.090 0.047 -0.400 
0.999 0.005 -0.023 -0.044 0.994 -0.060 0.011 -0.087 0.146 -0.272 -0.925 0.151 0.216 -0.939 0.136 -0.023 -0.825 0.107 0.089 -0.865 -0.022 -0.184 -0.512 -0.009 0.181 -0.513 0.228 -0.016 -0.349 0.086 0.044 -0.401 
0.999 0.019 -0.022 -0.044 0.994 -0.067 0.006 -0.087 0.119 -0.265 -0.926 0.148 0.229 -0.937 0.137 -0.002 -0.788 0.098 0.093 -0.869 -0.048 -0.183 -0.511 -0.006 0.192 -0.509 0.260 -0.017 -0.326 0.085 0.048 -0.401 
0.999 0.019 -0.024 -0.041 0.994 -0.070 0.007 -0.084 0.105 -0.261 -0.929 0.156 0.228 -0.932 0.145 0.001 -0.768 0.097 0.092 -0.866 -0.053 -0.182 -0.511 -0.009 0.196 -0.508 0.278 -0.015 -0.310 0.088 0.049 -0.400 
0.997 0.023 -0.011 -0.077 0.996 -0.075 -0.003 -0.042 0.027 -0.254 -0.931 0.138 0.233 -0.944 0.151 -0.001 -0.732 0.072 0.086 -0.876 -0.110 -0.171 -0.505 0.010 0.196 -0.507 0.304 -0.036 -0.283 0.085 0.039 -0.402 
0.996 0.028 -0.010 -0.089 0.997 -0.078 -0.000 -0.027 0.016 -0.243 -0.930 0.142 0.237 -0.944 0.166 -0.008 -0.725 0.075 0.091 -0.878 -0.125 -0.162 -0.505 0.020 0.199 -0.506 0.309 -0.042 -0.276 0.093 0.038 -0.400 
0.996 0.031 0.004 -0.089 0.996 -0.082 -0.016 -0.031 -0.015 -0.235 -0.942 0.112 0.247 -0.948 0.179 -0.016 -0.714 0.036 0.094 -0.889 -0.122 -0.158 -0.507 0.012 0.200 -0.506 0.318 -0.037 -0.267 0.088 0.034 -0.402 
0.993 0.035 0.005 -0.110 0.996 -0.086 -0.016 -0.026 -0.015 -0.224 -0.948 0.089 0.260 -0.954 0.194 -0.023 -0.692 0.038 0.094 -0.888 -0.119 -0.142 -0.513 0.018 0.193 -0.508 0.333 -0.038 -0.249 0.088 0.033 -0.402 
0.993 0.036 0.001 -0.109 0.996 -0.089 -0.017 -0.017 -0.034 -0.219 -0.951 0.099 0.258 -0.951 0.218 -0.038 -0.684 0.034 0.101 -0.888 -0.124 -0.139 -0.512 0.018 0.200 -0.505 0.342 -0.045 -0.234 0.081 0.035 -0.403 
0.991 0.037 0.005 -0.129 0.995 -0.093 -0.024 -0.018 -0.032 -0.220 -0.956 0.065 0.260 -0.956 0.239 -0.040 -0.674 0.021 0.107 -0.890 -0.112 -0.133 -0.517 0.009 0.194 -0.508 0.350 -0.049 -0.221 0.075 0.040 -0.404 
0.991 0.043 0.019 -0.123 0.995 -0.096 -0.028 -0.019 -0.062 -0.210 -0.958 0.046 0.261 -0.956 0.271 -0.036 -0.665 0.005 0.113 -0.890 -0.125 -0.129 -0.515 -0.000 0.197 -0.507 0.358 -0.051 -0.207 0.072 0.042 -0.404 
0.990 0.045 0.005 -0.135 0.994 -0.099 -0.029 -0.031 -0.036 -0.221 -0.959 0.032 0.262 -0.956 0.284 -0.026 -0.649 -0.020 0.122 -0.890 -0.103 -0.132 -0.519 -0.011 0.199 -0.506 0.365 -0.048 -0.196 0.059 0.039 -0.406 
0.990 0.045 0.005 -0.135 0.994 -0.097 -0.030 -0.030 -0.037 -0.224 -0.959 0.035 0.256 -0.958 0.287 -0.031 -0.648 -0.024 0.119 -0.890 -0.104 -0.134 -0.518 -0.009 0.196 -0.507 0.365 -0.050 -0.195 0.058 0.038 -0.407 
0.988 0.035 0.002 -0.153 0.994 -0.092 -0.036 -0.036 -0.026 -0.236 -0.963 0.048 0.240 -0.960 0.283 -0.048 -0.661 -0.049 0.105 -0.880 -0.076 -0.135 -0.522 -0.008 0.192 -0.509 0.363 -0.043 -0.200 0.052 0.031 -0.408 
0.989 0.039 0.005 -0.141 0.994 -0.095 -0.044 -0.020 -0.071 -0.206 -0.958 0.059 0.251 -0.953 0.279 -0.059 -0.706 -0.071 0.118 -0.878 -0.131 -0.123 -0.515 -0.004 0.205 -0.504 0.342 -0.049 -0.233 0.056 0.035 -0.407 
0.989 0.036 0.001 -0.143 0.994 -0.092 -0.045 -0.037 -0.042 -0.215 -0.961 0.042 0.254 -0.954 0.291 -0.057 -0.711 -0.079 0.116 -0.876 -0.104 -0.125 -0.520 -0.015 0.203 -0.504 0.339 -0.037 -0.240 0.051 0.035 -0.408 
0.988 0.024 0.010 -0.150 0.995 -0.089 -0.048 -0.008 -0.077 -0.207 -0.966 0.073 0.243 -0.953 0.296 -0.092 -0.756 -0.079 0.119 -0.875 -0.109 -0.120 -0.520 -0.002 0.202 -0.505 0.309 -0.060 -0.274 0.055 0.035 -0.407 
0.990 0.027 0.012 -0.140 0.995 -0.088 -0.049 -0.007 -0.073 -0.196 -0.966 0.086 0.240 -0.954 0.305 -0.105 -0.781 -0.086 0.123 -0.872 -0.115 -0.113 -0.521 0.005 0.197 -0.507 0.292 -0.061 -0.292 0.050 0.040 -0.408 
0.989 0.017 0.007 -0.144 0.995 -0.086 -0.045 -0.003 -0.054 -0.207 -0.965 0.093 0.244 -0.952 0.309 -0.120 -0.797 -0.086 0.126 -0.863 -0.106 -0.118 -0.522 0.003 0.198 -0.507 0.280 -0.072 -0.301 0.045 0.037 -0.408 
0.989 0.015 0.006 -0.147 0.995 -0.090 -0.051 -0.017 -0.047 -0.192 -0.974 0.063 0.255 -0.950 0.296 -0.095 -0.808 -0.108 0.142 -0.860 -0.080 -0.109 -0.528 -0.016 0.206 -0.503 0.280 -0.054 -0.304 0.040 0.047 -0.408 
0.992 0.018 0.005 -0.122 0.995 -0.084 -0.052 -0.022 -0.058 -0.192 -0.970 0.076 0.262 -0.940 0.279 -0.091 -0.822 -0.123 0.143 -0.863 -0.099 -0.112 -0.524 -0.027 0.218 -0.498 0.264 -0.056 -0.318 0.032 0.054 -0.408 
0.990 0.014 -0.003 -0.138 0.995 -0.084 -0.050 -0.021 -0.042 -0.201 -0.970 0.075 0.265 -0.942 0.272 -0.092 -0.831 -0.127 0.151 -0.855 -0.087 -0.112 -0.526 -0.022 0.214 -0.499 0.250 -0.054 -0.330 0.024 0.059 -0.408 
0.992 0.003 -0.004 -0.129 0.996 -0.072 -0.048 -0.011 -0.056 -0.224 -0.967 0.087 0.254 -0.946 0.256 -0.135 -0.854 -0.126 0.140 -0.855 -0.085 -0.126 -0.524 -0.019 0.201 -0.505 0.220 -0.072 -0.347 0.015 0.059 -0.408 
0.993 0.007 -0.008 -0.116 0.996 -0.069 -0.054 -0.017 -0.069 -0.225 -0.958 0.079 0.253 -0.936 0.250 -0.128 -0.874 -0.170 0.158 -0.861 -0.118 -0.128 -0.516 -0.046 0.213 -0.498 0.185 -0.067 -0.368 -0.014 0.072 -0.406 
0.992 0.009 0.014 -0.128 0.995 -0.076 -0.063 -0.006 -0.101 -0.215 -0.958 0.052 0.254 -0.935 0.229 -0.106 -0.909 -0.200 0.188 -0.863 -0.134 -0.120 -0.515 -0.061 0.218 -0.495 0.156 -0.060 -0.382 -0.024 0.095 -0.401 
0.994 0.001 0.007 -0.109 0.996 -0.069 -0.061 0.014 -0.119 -0.200 -0.962 0.100 0.262 -0.932 0.203 -0.110 -0.915 -0.196 0.216 -0.858 -0.137 -0.113 -0.515 -0.034 0.214 -0.499 0.129 -0.059 -0.392 -0.020 0.109 -0.397 
0.996 -0.001 -0.015 -0.085 0.998 -0.047 -0.045 0.003 -0.073 -0.194 -0.969 0.136 0.241 -0.936 0.214 -0.127 -0.900 -0.165 0.182 -0.856 -0.108 -0.111 -0.523 -0.016 0.190 -0.509 0.134 -0.072 -0.388 -0.028 0.091 -0.401 
0.996 -0.009 -0.015 -0.085 0.998 -0.050 -0.044 0.009 -0.077 -0.178 -0.975 0.150 0.248 -0.939 0.214 -0.106 -0.900 -0.165 0.207 -0.847 -0.094 -0.101 -0.528 0.004 0.187 -0.511 0.139 -0.058 -0.389 -0.019 0.106 -0.398 
0.997 -0.008 -0.010 -0.075 0.998 -0.045 -0.036 -0.006 -0.134 -0.183 -0.973 0.122 0.231 -0.947 0.223 -0.087 -0.890 -0.177 0.219 -0.849 -0.062 -0.098 -0.533 -0.012 0.175 -0.515 0.147 -0.043 -0.388 -0.031 0.114 -0.395 
0.996 -0.004 -0.020 -0.082 0.999 -0.046 -0.023 -0.008 -0.107 -0.177 -0.977 0.126 0.229 -0.952 0.249 -0.078 -0.875 -0.154 0.227 -0.842 -0.035 -0.094 -0.536 0.001 0.166 -0.518 0.164 -0.038 -0.382 -0.023 0.113 -0.396 
0.997 -0.004 -0.019 -0.068 0.999 -0.043 -0.022 -0.009 -0.104 -0.179 -0.978 0.143 0.221 -0.949 0.251 -0.075 -0.877 -0.156 0.231 -0.842 -0.040 -0.095 -0.535 0.002 0.165 -0.518 0.166 -0.038 -0.381 -0.021 0.117 -0.395 
0.997 -0.004 -0.019 -0.068 0.999 -0.042 -0.022 -0.009 -0.103 -0.181 -0.977 0.144 0.217 -0.949 0.249 -0.077 -0.878 -0.157 0.230 -0.842 -0.040 -0.096 -0.535 0.002 0.163 -0.519 0.166 -0.038 -0.381 -0.021 0.116 -0.395 
0.997 -0.003 -0.011 -0.071 0.999 -0.028 -0.014 0.012 -0.051 -0.223 -0.966 0.135 0.201 -0.955 0.259 -0.100 -0.877 -0.131 0.226 -0.860 -0.086 -0.131 -0.522 0.003 0.157 -0.520 0.160 -0.061 -0.380 -0.010 0.102 -0.400 
0.997 -0.003 -0.014 -0.077 1.000 -0.027 -0.010 0.009 -0.032 -0.228 -0.968 0.143 0.201 -0.953 0.268 -0.100 -0.872 -0.132 0.215 -0.856 -0.066 -0.132 -0.525 0.006 0.157 -0.520 0.162 -0.061 -0.379 -0.013 0.097 -0.401 
0.997 -0.003 -0.014 -0.077 1.000 -0.026 -0.011 0.009 -0.035 -0.230 -0.968 0.139 0.200 -0.954 0.267 -0.101 -0.873 -0.133 0.214 -0.856 -0.067 -0.132 -0.525 0.004 0.157 -0.521 0.161 -0.061 -0.380 -0.013 0.096 -0.401 
0.997 -0.003 -0.014 -0.077 1.000 -0.027 -0.012 0.009 -0.037 -0.228 -0.968 0.136 0.202 -0.954 0.265 -0.099 -0.873 -0.136 0.215 -0.855 -0.068 -0.131 -0.525 0.002 0.158 -0.520 0.161 -0.060 -0.380 -0.014 0.097 -0.401 
0.997 -0.011 -0.014 -0.073 1.000 -0.021 -0.006 0.002 -0.013 -0.237 -0.968 0.121 0.209 -0.951 0.278 -0.103 -0.868 -0.114 0.202 -0.854 -0.048 -0.137 -0.526 -0.015 0.165 -0.518 0.171 -0.063 -0.375 -0.006 0.088 -0.403 
0.996 -0.005 -0.010 -0.089 0.999 -0.029 -0.015 0.017 -0.026 -0.229 -0.965 0.093 0.224 -0.955 0.257 -0.093 -0.877 -0.129 0.227 -0.855 -0.078 -0.133 -0.523 -0.017 0.172 -0.516 0.156 -0.061 -0.382 -0.008 0.094 -0.402 
0.996 -0.005 -0.010 -0.089 0.999 -0.029 -0.015 0.017 -0.029 -0.230 -0.965 0.089 0.226 -0.955 0.259 -0.095 -0.876 -0.125 0.226 -0.855 -0.079 -0.133 -0.523 -0.019 0.172 -0.515 0.156 -0.062 -0.382 -0.007 0.093 -0.402 
0.997 -0.010 -0.008 -0.083 0.999 -0.031 -0.019 0.008 -0.016 -0.235 -0.966 0.093 0.223 -0.950 0.268 -0.088 -0.874 -0.131 0.222 -0.849 -0.061 -0.137 -0.524 -0.030 0.176 -0.513 0.160 -0.059 -0.381 -0.002 0.091 -0.402 
0.997 -0.004 -0.011 -0.075 0.999 -0.041 -0.025 -0.002 -0.013 -0.243 -0.964 0.082 0.224 -0.954 0.268 -0.071 -0.872 -0.134 0.227 -0.836 -0.058 -0.140 -0.524 -0.031 0.172 -0.515 0.160 -0.052 -0.381 -0.008 0.097 -0.401 
0.996 -0.011 -0.018 -0.083 0.999 -0.044 -0.027 -0.005 -0.002 -0.233 -0.960 0.087 0.234 -0.944 0.262 -0.070 -0.879 -0.144 0.230 -0.837 -0.076 -0.137 -0.522 -0.041 0.187 -0.509 0.155 -0.049 -0.384 -0.001 0.097 -0.401 
0.997 -0.009 -0.030 -0.075 0.998 -0.045 -0.028 -0.026 0.030 -0.246 -0.964 0.083 0.229 -0.947 0.270 -0.063 -0.871 -0.149 0.213 -0.828 -0.031 -0.140 -0.526 -0.045 0.178 -0.512 0.160 -0.041 -0.383 -0.004 0.094 -0.402 
0.997 -0.013 -0.025 -0.072 0.998 -0.048 -0.036 -0.016 -0.014 -0.224 -0.968 0.101 0.255 -0.943 0.249 -0.078 -0.881 -0.143 0.207 -0.825 -0.062 -0.128 -0.526 -0.027 0.187 -0.510 0.139 -0.051 -0.390 -0.005 0.096 -0.401 
0.998 -0.006 -0.021 -0.053 0.997 -0.051 -0.044 -0.023 -0.029 -0.226 -0.963 0.122 0.240 -0.941 0.254 -0.090 -0.879 -0.159 0.192 -0.825 -0.084 -0.135 -0.521 -0.025 0.179 -0.513 0.136 -0.059 -0.390 -0.004 0.088 -0.403 
0.999 -0.010 -0.016 -0.050 0.996 -0.054 -0.059 -0.048 -0.141 -0.272 -0.951 0.083 0.240 -0.948 0.241 -0.097 -0.888 -0.176 0.162 -0.819 -0.064 -0.145 -0.521 -0.044 0.169 -0.515 0.134 -0.055 -0.391 -0.015 0.088 -0.403 
0.998 -0.009 -0.010 -0.056 0.996 -0.054 -0.065 -0.035 -0.112 -0.283 -0.952 0.086 0.237 -0.954 0.240 -0.113 -0.890 -0.184 0.152 -0.825 -0.050 -0.152 -0.521 -0.028 0.165 -0.518 0.131 -0.058 -0.391 -0.017 0.088 -0.403 
0.999 -0.003 0.002 -0.050 0.994 -0.058 -0.082 -0.046 -0.256 -0.263 -0.920 0.054 0.249 -0.950 0.252 -0.126 -0.889 -0.180 0.117 -0.820 -0.081 -0.121 -0.525 -0.053 0.174 -0.513 0.154 -0.059 -0.383 -0.013 0.074 -0.406 
0.999 0.000 0.003 -0.050 0.994 -0.068 -0.084 -0.016 -0.289 -0.220 -0.923 0.082 0.233 -0.963 0.227 -0.156 -0.876 -0.163 0.117 -0.827 -0.102 -0.099 -0.526 -0.006 0.153 -0.522 0.179 -0.071 -0.370 -0.007 0.069 -0.407 
0.998 0.010 0.009 -0.059 0.994 -0.070 -0.085 0.008 -0.361 -0.177 -0.914 0.078 0.228 -0.962 0.219 -0.126 -0.865 -0.139 0.102 -0.842 -0.176 -0.088 -0.509 -0.013 0.158 -0.520 0.211 -0.075 -0.352 0.005 0.056 -0.409 
0.996 0.010 0.008 -0.090 0.993 -0.075 -0.083 0.034 -0.386 -0.135 -0.908 0.089 0.259 -0.958 0.208 -0.139 -0.841 -0.112 0.111 -0.846 -0.172 -0.064 -0.513 0.015 0.167 -0.517 0.227 -0.082 -0.340 0.010 0.064 -0.407 
0.994 0.018 0.002 -0.109 0.993 -0.079 -0.082 0.026 -0.366 -0.115 -0.923 0.057 0.271 -0.957 0.219 -0.121 -0.808 -0.111 0.107 -0.851 -0.187 -0.061 -0.509 -0.001 0.177 -0.514 0.249 -0.071 -0.327 0.004 0.058 -0.408 
0.993 0.028 0.007 -0.114 0.993 -0.085 -0.080 0.008 -0.385 -0.110 -0.908 0.001 0.321 -0.947 0.228 -0.100 -0.773 -0.107 0.104 -0.857 -0.154 -0.050 -0.521 -0.011 0.185 -0.511 0.280 -0.057 -0.304 0.006 0.061 -0.408 
0.992 0.041 0.014 -0.115 0.993 -0.092 -0.078 0.006 -0.395 -0.091 -0.910 0.024 0.322 -0.947 0.213 -0.095 -0.740 -0.106 0.109 -0.868 -0.176 -0.042 -0.514 0.009 0.180 -0.513 0.305 -0.060 -0.278 0.004 0.059 -0.408 
0.995 0.053 0.008 -0.089 0.993 -0.092 -0.069 -0.020 -0.374 -0.108 -0.913 0.036 0.321 -0.946 0.237 -0.090 -0.713 -0.084 0.102 -0.875 -0.150 -0.044 -0.522 0.011 0.184 -0.512 0.321 -0.048 -0.262 0.005 0.058 -0.409 
0.995 0.057 0.008 -0.078 0.993 -0.098 -0.054 -0.027 -0.364 -0.108 -0.921 0.043 0.316 -0.947 0.224 -0.069 -0.692 -0.057 0.111 -0.882 -0.159 -0.047 -0.519 0.004 0.193 -0.509 0.336 -0.042 -0.243 0.011 0.064 -0.408 
0.996 0.055 0.013 -0.065 0.993 -0.102 -0.041 -0.048 -0.341 -0.154 -0.922 0.048 0.295 -0.953 0.196 -0.034 -0.668 -0.033 0.118 -0.887 -0.144 -0.067 -0.521 0.007 0.180 -0.513 0.348 -0.019 -0.229 0.018 0.068 -0.407 
0.996 0.054 0.006 -0.067 0.993 -0.100 -0.035 -0.049 -0.331 -0.141 -0.931 0.061 0.286 -0.954 0.183 -0.034 -0.656 -0.011 0.116 -0.884 -0.153 -0.067 -0.519 0.010 0.180 -0.513 0.350 -0.016 -0.226 0.028 0.067 -0.406 
0.997 0.042 0.003 -0.065 0.993 -0.097 -0.028 -0.064 -0.297 -0.162 -0.935 0.060 0.259 -0.959 0.182 -0.033 -0.648 -0.005 0.110 -0.886 -0.118 -0.070 -0.527 -0.007 0.177 -0.515 0.358 -0.005 -0.214 0.030 0.065 -0.407 
0.997 0.034 0.005 -0.073 0.994 -0.094 -0.021 -0.056 -0.306 -0.178 -0.930 0.065 0.253 -0.963 0.148 -0.036 -0.635 0.013 0.102 -0.879 -0.127 -0.080 -0.524 0.008 0.165 -0.518 0.358 -0.014 -0.214 0.038 0.061 -0.406 
0.995 0.028 0.009 -0.095 0.994 -0.095 -0.018 -0.041 -0.310 -0.162 -0.934 0.061 0.261 -0.963 0.110 -0.037 -0.650 0.026 0.111 -0.882 -0.137 -0.078 -0.522 0.022 0.154 -0.521 0.343 -0.018 -0.237 0.041 0.067 -0.405 
0.997 0.023 0.001 -0.072 0.995 -0.082 0.001 -0.062 -0.292 -0.202 -0.932 0.090 0.246 -0.964 0.133 -0.059 -0.691 0.074 0.089 -0.875 -0.128 -0.098 -0.521 0.026 0.154 -0.521 0.326 -0.024 -0.259 0.063 0.056 -0.404 
0.998 0.014 -0.004 -0.060 0.994 -0.073 0.009 -0.080 -0.276 -0.191 -0.937 0.117 0.247 -0.962 0.135 -0.056 -0.739 0.096 0.077 -0.863 -0.111 -0.087 -0.526 0.051 0.144 -0.522 0.292 -0.026 -0.296 0.080 0.043 -0.403 
0.998 0.019 0.010 -0.060 0.992 -0.080 0.006 -0.094 -0.292 -0.190 -0.935 0.088 0.271 -0.958 0.126 -0.033 -0.793 0.104 0.097 -0.859 -0.133 -0.092 -0.520 0.030 0.161 -0.519 0.254 -0.014 -0.331 0.078 0.055 -0.402 
0.999 0.011 -0.010 -0.037 0.993 -0.068 0.015 -0.093 -0.299 -0.157 -0.937 0.142 0.268 -0.952 0.117 -0.059 -0.826 0.119 0.084 -0.852 -0.126 -0.069 -0.526 0.053 0.160 -0.517 0.210 -0.022 -0.359 0.081 0.053 -0.401 
0.999 0.003 -0.006 -0.039 0.993 -0.060 0.009 -0.100 -0.281 -0.164 -0.942 0.126 0.261 -0.955 0.100 -0.067 -0.870 0.106 0.077 -0.854 -0.118 -0.075 -0.527 0.038 0.159 -0.519 0.157 -0.023 -0.385 0.066 0.053 -0.404 
1.000 -0.013 -0.016 -0.009 0.989 -0.056 0.014 -0.133 -0.252 -0.194 -0.942 0.133 0.257 -0.947 0.101 -0.077 -0.889 0.107 0.084 -0.852 -0.096 -0.084 -0.530 0.002 0.165 -0.519 0.129 -0.018 -0.396 0.057 0.061 -0.404 
1.000 -0.006 -0.010 0.024 0.990 -0.049 0.015 -0.130 -0.243 -0.187 -0.947 0.150 0.255 -0.945 0.099 -0.080 -0.902 0.109 0.079 -0.862 -0.099 -0.083 -0.529 0.013 0.160 -0.520 0.097 -0.023 -0.405 0.059 0.063 -0.404 
0.999 -0.007 -0.013 0.039 0.990 -0.044 0.017 -0.136 -0.221 -0.198 -0.947 0.154 0.249 -0.954 0.090 -0.073 -0.898 0.108 0.086 -0.860 -0.075 -0.082 -0.533 0.045 0.144 -0.523 0.060 -0.025 -0.412 0.061 0.062 -0.404 
0.999 -0.004 -0.016 0.043 0.991 -0.041 0.019 -0.125 -0.190 -0.179 -0.964 0.182 0.254 -0.944 0.098 -0.073 -0.900 0.124 0.088 -0.857 -0.088 -0.088 -0.530 0.041 0.153 -0.521 0.056 -0.023 -0.413 0.078 0.062 -0.401 
0.999 -0.009 -0.013 0.046 0.990 -0.035 0.016 -0.134 -0.156 -0.202 -0.964 0.161 0.255 -0.949 0.090 -0.077 -0.897 0.113 0.084 -0.861 -0.063 -0.098 -0.532 0.037 0.150 -0.522 0.047 -0.027 -0.413 0.068 0.062 -0.402 
0.999 -0.009 -0.012 0.028 0.989 -0.036 0.013 -0.146 -0.069 -0.180 -0.980 0.134 0.269 -0.938 0.093 -0.054 -0.907 0.090 0.101 -0.875 -0.047 -0.103 -0.533 -0.013 0.168 -0.518 0.039 -0.021 -0.415 0.062 0.063 -0.403 
0.999 -0.013 -0.021 0.035 0.990 -0.032 0.017 -0.138 -0.036 -0.184 -0.981 0.154 0.253 -0.947 0.096 -0.060 -0.899 0.112 0.107 -0.866 -0.025 -0.103 -0.534 0.021 0.153 -0.522 0.050 -0.019 -0.414 0.073 0.067 -0.401 
1.000 -0.013 -0.018 0.020 0.992 -0.027 0.017 -0.126 0.027 -0.189 -0.969 0.149 0.216 -0.954 0.100 -0.049 -0.906 0.118 0.108 -0.869 -0.055 -0.131 -0.526 0.009 0.141 -0.526 0.053 -0.022 -0.413 0.086 0.062 -0.399 
1.000 -0.015 -0.011 0.009 0.990 -0.021 0.017 -0.140 0.062 -0.204 -0.974 0.129 0.210 -0.962 0.120 -0.045 -0.900 0.117 0.106 -0.864 0.007 -0.123 -0.530 0.009 0.136 -0.527 0.073 -0.023 -0.410 0.093 0.060 -0.398 
1.000 -0.014 -0.019 0.018 0.990 -0.020 0.017 -0.136 0.033 -0.195 -0.974 0.137 0.195 -0.960 0.116 -0.043 -0.897 0.116 0.108 -0.862 -0.029 -0.128 -0.528 0.001 0.130 -0.529 0.082 -0.019 -0.408 0.102 0.062 -0.395 
0.999 -0.014 -0.021 0.020 0.991 -0.016 0.013 -0.135 0.018 -0.193 -0.976 0.137 0.197 -0.959 0.107 -0.048 -0.893 0.109 0.102 -0.863 -0.032 -0.124 -0.529 -0.001 0.129 -0.529 0.081 -0.023 -0.408 0.096 0.061 -0.397 
0.999 -0.010 -0.023 0.025 0.988 -0.016 0.005 -0.151 -0.003 -0.203 -0.978 0.130 0.201 -0.961 0.104 -0.043 -0.888 0.092 0.107 -0.857 -0.002 -0.111 -0.533 -0.001 0.127 -0.529 0.083 -0.016 -0.408 0.081 0.067 -0.399 
0.999 -0.011 -0.027 0.021 0.989 -0.013 0.006 -0.149 -0.019 -0.203 -0.977 0.137 0.196 -0.964 0.105 -0.053 -0.880 0.101 0.102 -0.852 0.008 -0.102 -0.535 0.015 0.121 -0.530 0.087 -0.017 -0.407 0.083 0.066 -0.399 
0.999 -0.011 -0.027 0.021 0.989 -0.008 0.007 -0.145 -0.018 -0.213 -0.975 0.141 0.185 -0.965 0.107 -0.062 -0.879 0.104 0.093 -0.853 0.009 -0.107 -0.534 0.017 0.115 -0.532 0.089 -0.022 -0.407 0.084 0.062 -0.399 
0.999 -0.011 -0.027 0.020 0.989 -0.013 0.008 -0.149 -0.017 -0.201 -0.977 0.141 0.198 -0.963 0.109 -0.051 -0.879 0.105 0.104 -0.852 0.010 -0.101 -0.535 0.017 0.122 -0.530 0.089 -0.016 -0.407 0.085 0.067 -0.399 
0.999 -0.011 -0.027 0.020 0.989 -0.012 0.005 -0.148 -0.024 -0.207 -0.976 0.135 0.193 -0.965 0.103 -0.056 -0.880 0.099 0.099 -0.853 0.006 -0.104 -0.535 0.014 0.119 -0.531 0.087 -0.019 -0.407 0.082 0.065 -0.399 
0.999 -0.011 -0.027 0.020 0.989 -0.010 0.012 -0.147 -0.011 -0.206 -0.976 0.148 0.193 -0.963 0.115 -0.055 -0.878 0.111 0.100 -0.852 0.013 -0.103 -0.534 0.021 0.120 -0.531 0.092 -0.019 -0.406 0.088 0.065 -0.398 
0.999 -0.011 -0.026 0.020 0.989 -0.012 0.009 -0.148 -0.022 -0.207 -0.976 0.141 0.194 -0.964 0.109 -0.054 -0.879 0.105 0.101 -0.852 0.007 -0.103 -0.535 0.017 0.120 -0.531 0.090 -0.018 -0.407 0.085 0.066 -0.399 
0.999 -0.011 -0.026 0.020 0.989 -0.010 0.008 -0.147 -0.024 -0.210 -0.975 0.141 0.191 -0.965 0.108 -0.057 -0.879 0.104 0.098 -0.853 0.007 -0.105 -0.534 0.017 0.118 -0.531 0.089 -0.019 -0.407 0.085 0.064 -0.399 
1.000 -0.015 -0.020 0.015 0.990 -0.010 0.009 -0.138 -0.028 -0.208 -0.976 0.134 0.205 -0.963 0.110 -0.044 -0.882 0.109 0.105 -0.857 -0.010 -0.111 -0.533 0.015 0.128 -0.529 0.086 -0.013 -0.408 0.088 0.071 -0.397 
0.999 -0.015 -0.021 0.021 0.990 -0.009 0.011 -0.141 -0.015 -0.213 -0.975 0.146 0.200 -0.960 0.118 -0.046 -0.882 0.112 0.105 -0.856 -0.004 -0.115 -0.532 0.011 0.127 -0.529 0.089 -0.013 -0.407 0.089 0.072 -0.397 
0.999 -0.016 -0.022 0.020 0.990 -0.010 0.010 -0.141 -0.017 -0.214 -0.975 0.136 0.198 -0.962 0.118 -0.047 -0.881 0.106 0.107 -0.856 -0.007 -0.116 -0.532 0.009 0.125 -0.530 0.088 -0.014 -0.407 0.087 0.072 -0.397 
0.999 -0.016 -0.021 0.020 0.990 -0.013 0.009 -0.144 -0.019 -0.210 -0.976 0.129 0.204 -0.962 0.114 -0.042 -0.882 0.106 0.112 -0.855 -0.008 -0.113 -0.533 0.006 0.128 -0.529 0.087 -0.012 -0.408 0.086 0.074 -0.397 
0.999 -0.016 -0.021 0.020 0.990 -0.011 0.009 -0.142 -0.019 -0.213 -0.976 0.130 0.200 -0.963 0.115 -0.046 -0.882 0.107 0.108 -0.855 -0.008 -0.115 -0.532 0.007 0.126 -0.530 0.087 -0.014 -0.408 0.086 0.072 -0.397 
0.999 -0.016 -0.021 0.019 0.990 -0.010 0.012 -0.142 -0.017 -0.214 -0.975 0.135 0.199 -0.963 0.118 -0.046 -0.881 0.111 0.107 -0.855 -0.006 -0.115 -0.532 0.009 0.126 -0.530 0.089 -0.014 -0.407 0.089 0.071 -0.397 
0.999 -0.016 -0.021 0.020 0.990 -0.010 0.011 -0.142 -0.017 -0.213 -0.975 0.134 0.200 -0.963 0.117 -0.046 -0.881 0.111 0.108 -0.855 -0.007 -0.115 -0.532 0.009 0.126 -0.530 0.089 -0.014 -0.407 0.089 0.072 -0.397 
0.999 -0.016 -0.021 0.020 0.990 -0.012 0.008 -0.143 -0.023 -0.212 -0.976 0.127 0.201 -0.963 0.111 -0.044 -0.882 0.105 0.109 -0.855 -0.010 -0.114 -0.532 0.005 0.127 -0.529 0.086 -0.013 -0.408 0.086 0.072 -0.397 
0.999 -0.016 -0.021 0.020 0.990 -0.011 0.009 -0.143 -0.021 -0.212 -0.976 0.129 0.202 -0.963 0.114 -0.044 -0.882 0.107 0.109 -0.855 -0.009 -0.114 -0.532 0.006 0.127 -0.529 0.087 -0.013 -0.408 0.087 0.072 -0.397 
0.999 -0.011 -0.033 0.012 0.990 -0.014 0.013 -0.142 0.020 -0.192 -0.979 0.154 0.200 -0.959 0.106 -0.041 -0.886 0.107 0.116 -0.855 -0.008 -0.112 -0.533 0.021 0.127 -0.529 0.077 -0.015 -0.410 0.092 0.065 -0.397 
0.999 -0.011 -0.033 0.012 0.990 -0.013 0.013 -0.141 0.018 -0.195 -0.979 0.154 0.197 -0.960 0.105 -0.043 -0.886 0.106 0.113 -0.855 -0.009 -0.114 -0.533 0.020 0.125 -0.529 0.076 -0.017 -0.410 0.092 0.064 -0.397 
0.999 -0.011 -0.032 0.001 0.990 -0.011 0.012 -0.137 0.036 -0.203 -0.975 0.155 0.194 -0.961 0.094 -0.050 -0.886 0.097 0.107 -0.861 -0.012 -0.123 -0.530 0.024 0.125 -0.529 0.071 -0.020 -0.410 0.093 0.059 -0.398 
0.999 -0.011 -0.032 0.001 0.990 -0.012 0.010 -0.138 0.033 -0.202 -0.975 0.151 0.195 -0.961 0.091 -0.049 -0.886 0.094 0.108 -0.861 -0.014 -0.122 -0.531 0.022 0.126 -0.529 0.070 -0.020 -0.411 0.091 0.059 -0.398 
0.999 -0.011 -0.032 0.001 0.990 -0.013 0.011 -0.139 0.035 -0.198 -0.976 0.152 0.199 -0.961 0.092 -0.045 -0.886 0.095 0.112 -0.860 -0.013 -0.120 -0.531 0.022 0.128 -0.529 0.070 -0.018 -0.411 0.091 0.061 -0.398 
0.999 -0.011 -0.032 0.001 0.990 -0.012 0.011 -0.138 0.035 -0.202 -0.975 0.153 0.195 -0.961 0.093 -0.049 -0.886 0.095 0.108 -0.861 -0.013 -0.122 -0.531 0.023 0.126 -0.529 0.071 -0.020 -0.410 0.092 0.060 -0.398 
0.999 -0.016 -0.031 -0.002 0.989 -0.010 0.009 -0.146 0.066 -0.200 -0.975 0.132 0.181 -0.968 0.085 -0.053 -0.887 0.079 0.097 -0.862 0.014 -0.117 -0.532 0.015 0.116 -0.532 0.068 -0.023 -0.411 0.082 0.056 -0.401 
0.999 -0.015 -0.031 -0.002 0.989 -0.008 0.011 -0.145 0.069 -0.202 -0.974 0.135 0.179 -0.968 0.087 -0.056 -0.887 0.082 0.095 -0.862 0.015 -0.119 -0.531 0.017 0.115 -0.532 0.070 -0.024 -0.410 0.083 0.054 -0.401 
0.999 -0.014 -0.043 -0.010 0.990 -0.006 0.017 -0.140 0.083 -0.199 -0.972 0.155 0.177 -0.961 0.079 -0.058 -0.888 0.072 0.097 -0.859 0.005 -0.121 -0.531 0.014 0.119 -0.531 0.062 -0.025 -0.412 0.080 0.053 -0.401 
0.999 -0.012 -0.035 -0.000 0.990 -0.009 0.013 -0.143 0.073 -0.193 -0.976 0.140 0.181 -0.967 0.066 -0.055 -0.889 0.067 0.096 -0.859 0.011 -0.116 -0.532 0.020 0.116 -0.531 0.062 -0.025 -0.412 0.078 0.054 -0.402 
0.999 -0.014 -0.036 0.009 0.991 -0.006 0.019 -0.131 0.069 -0.201 -0.969 0.165 0.171 -0.958 0.066 -0.059 -0.897 0.079 0.092 -0.864 -0.017 -0.131 -0.528 0.012 0.116 -0.532 0.058 -0.030 -0.412 0.085 0.051 -0.401 
0.999 -0.014 -0.041 -0.001 0.991 -0.010 0.016 -0.136 0.104 -0.198 -0.968 0.156 0.180 -0.960 0.064 -0.051 -0.894 0.061 0.100 -0.865 0.006 -0.125 -0.530 0.012 0.119 -0.531 0.050 -0.026 -0.413 0.074 0.054 -0.403 
0.999 -0.012 -0.047 0.017 0.991 -0.011 0.021 -0.132 0.120 -0.201 -0.965 0.185 0.187 -0.950 0.055 -0.049 -0.893 0.061 0.105 -0.862 0.014 -0.130 -0.529 0.017 0.120 -0.531 0.034 -0.026 -0.415 0.072 0.054 -0.403 
0.999 -0.012 -0.039 0.032 0.993 -0.014 0.015 -0.115 0.119 -0.211 -0.956 0.183 0.196 -0.941 0.021 -0.049 -0.905 0.046 0.103 -0.873 -0.008 -0.147 -0.524 -0.002 0.126 -0.530 0.016 -0.031 -0.415 0.068 0.057 -0.403 
0.998 -0.010 -0.041 0.040 0.994 -0.012 0.012 -0.104 0.129 -0.239 -0.944 0.165 0.182 -0.951 -0.019 -0.071 -0.906 0.026 0.085 -0.880 -0.011 -0.169 -0.517 -0.003 0.117 -0.532 0.020 -0.047 -0.414 0.051 0.049 -0.407 
0.998 -0.006 -0.052 0.023 0.996 -0.009 0.011 -0.084 0.111 -0.249 -0.928 0.173 0.171 -0.941 -0.030 -0.097 -0.901 0.017 0.059 -0.884 -0.054 -0.186 -0.509 -0.019 0.125 -0.529 0.053 -0.053 -0.410 0.048 0.032 -0.409 
