1.000 -0.010 -0.016 -0.001 0.995 -0.007 -0.015 -0.094 0.161 -0.131 -0.964 0.145 0.187 -0.954 0.081 -0.088 -0.909 0.066 0.146 -0.897 0.011 -0.098 -0.536 -0.006 0.138 -0.526 0.060 -0.042 -0.410 0.067 0.078 -0.400 
1.000 -0.012 -0.018 -0.020 0.996 -0.005 -0.011 -0.091 0.201 -0.150 -0.951 0.164 0.190 -0.951 0.092 -0.086 -0.906 0.082 0.142 -0.894 0.027 -0.108 -0.533 0.007 0.144 -0.525 0.061 -0.039 -0.411 0.072 0.070 -0.401 
1.000 -0.012 -0.020 -0.021 0.996 -0.006 -0.013 -0.091 0.202 -0.149 -0.951 0.163 0.191 -0.951 0.091 -0.084 -0.905 0.071 0.143 -0.896 0.028 -0.108 -0.533 0.006 0.144 -0.525 0.062 -0.038 -0.411 0.070 0.071 -0.401 
0.999 -0.011 -0.019 -0.023 0.996 -0.006 -0.011 -0.092 0.201 -0.149 -0.956 0.154 0.193 -0.954 0.099 -0.086 -0.902 0.076 0.142 -0.893 0.040 -0.103 -0.533 0.007 0.144 -0.525 0.067 -0.037 -0.410 0.073 0.073 -0.400 
0.999 -0.008 -0.010 -0.031 0.997 -0.010 -0.012 -0.073 0.181 -0.143 -0.955 0.153 0.194 -0.958 0.091 -0.073 -0.904 0.088 0.148 -0.891 0.011 -0.103 -0.535 0.018 0.143 -0.525 0.061 -0.035 -0.411 0.078 0.073 -0.399 
1.000 -0.005 -0.013 -0.015 0.997 -0.015 -0.014 -0.077 0.171 -0.146 -0.957 0.189 0.225 -0.943 0.093 -0.066 -0.899 0.072 0.155 -0.893 0.007 -0.108 -0.534 0.032 0.160 -0.519 0.063 -0.031 -0.411 0.080 0.078 -0.398 
1.000 -0.012 -0.012 -0.010 0.997 -0.012 -0.011 -0.081 0.181 -0.150 -0.956 0.188 0.223 -0.941 0.098 -0.071 -0.900 0.078 0.147 -0.893 0.018 -0.111 -0.533 0.023 0.160 -0.520 0.067 -0.033 -0.410 0.081 0.076 -0.398 
1.000 -0.012 -0.012 -0.010 0.997 -0.009 -0.012 -0.079 0.177 -0.158 -0.955 0.187 0.215 -0.943 0.095 -0.078 -0.900 0.078 0.140 -0.894 0.016 -0.115 -0.532 0.022 0.156 -0.521 0.066 -0.037 -0.410 0.081 0.072 -0.398 
1.000 -0.012 -0.012 -0.010 0.996 -0.013 -0.014 -0.082 0.174 -0.149 -0.957 0.181 0.224 -0.942 0.091 -0.070 -0.901 0.072 0.148 -0.893 0.014 -0.110 -0.533 0.019 0.160 -0.520 0.064 -0.033 -0.411 0.078 0.076 -0.398 
1.000 -0.012 -0.012 -0.010 0.997 -0.010 -0.014 -0.080 0.173 -0.156 -0.957 0.182 0.218 -0.943 0.091 -0.075 -0.900 0.073 0.142 -0.894 0.014 -0.114 -0.533 0.019 0.157 -0.520 0.064 -0.036 -0.411 0.078 0.073 -0.399 
1.000 -0.014 -0.019 -0.012 0.997 -0.014 -0.008 -0.075 0.183 -0.148 -0.956 0.199 0.225 -0.936 0.092 -0.067 -0.900 0.087 0.151 -0.888 0.020 -0.109 -0.533 0.024 0.163 -0.519 0.068 -0.029 -0.410 0.081 0.077 -0.397 
0.999 -0.015 -0.022 -0.023 0.998 -0.012 -0.009 -0.067 0.185 -0.153 -0.951 0.200 0.220 -0.942 0.089 -0.074 -0.900 0.096 0.144 -0.887 0.009 -0.110 -0.534 0.038 0.157 -0.519 0.061 -0.033 -0.411 0.084 0.074 -0.397 
0.999 -0.015 -0.022 -0.023 0.998 -0.013 -0.009 -0.068 0.185 -0.150 -0.951 0.199 0.223 -0.941 0.088 -0.072 -0.900 0.095 0.146 -0.887 0.009 -0.109 -0.534 0.037 0.159 -0.519 0.061 -0.031 -0.411 0.084 0.075 -0.397 
0.999 -0.015 -0.021 -0.023 0.998 -0.008 -0.009 -0.065 0.186 -0.160 -0.949 0.202 0.214 -0.943 0.090 -0.080 -0.899 0.098 0.138 -0.888 0.009 -0.114 -0.533 0.039 0.154 -0.520 0.062 -0.035 -0.411 0.085 0.071 -0.398 
1.000 -0.013 -0.020 -0.016 0.997 -0.011 -0.010 -0.073 0.177 -0.152 -0.950 0.200 0.219 -0.937 0.096 -0.074 -0.898 0.091 0.145 -0.889 0.000 -0.114 -0.533 0.025 0.161 -0.519 0.068 -0.032 -0.410 0.080 0.074 -0.398 
0.999 -0.011 -0.028 -0.014 0.996 -0.012 -0.004 -0.084 0.210 -0.149 -0.944 0.214 0.232 -0.929 0.115 -0.074 -0.891 0.089 0.149 -0.888 0.019 -0.111 -0.533 0.029 0.169 -0.517 0.074 -0.030 -0.409 0.080 0.075 -0.398 
1.000 -0.009 -0.014 -0.016 0.997 -0.013 -0.012 -0.077 0.180 -0.146 -0.956 0.211 0.235 -0.931 0.095 -0.071 -0.898 0.085 0.146 -0.890 0.016 -0.107 -0.534 0.033 0.170 -0.516 0.066 -0.031 -0.411 0.079 0.075 -0.398 
1.000 -0.011 -0.014 -0.020 0.997 -0.012 -0.010 -0.081 0.194 -0.147 -0.948 0.228 0.236 -0.923 0.103 -0.075 -0.899 0.101 0.141 -0.885 0.011 -0.112 -0.533 0.034 0.176 -0.514 0.073 -0.030 -0.409 0.084 0.073 -0.397 
0.999 -0.012 -0.016 -0.026 0.996 -0.003 -0.007 -0.086 0.199 -0.148 -0.955 0.222 0.237 -0.922 0.111 -0.088 -0.896 0.087 0.127 -0.892 0.034 -0.106 -0.533 0.028 0.179 -0.513 0.076 -0.036 -0.408 0.081 0.067 -0.399 
0.999 -0.011 -0.020 -0.042 0.997 -0.004 -0.006 -0.071 0.204 -0.152 -0.949 0.235 0.232 -0.926 0.105 -0.087 -0.894 0.094 0.131 -0.889 0.024 -0.104 -0.534 0.048 0.174 -0.513 0.071 -0.037 -0.409 0.085 0.067 -0.398 
1.000 -0.003 -0.021 -0.022 0.997 -0.005 -0.001 -0.078 0.205 -0.140 -0.949 0.261 0.251 -0.911 0.124 -0.083 -0.893 0.103 0.138 -0.889 0.022 -0.104 -0.535 0.055 0.186 -0.509 0.079 -0.035 -0.408 0.090 0.071 -0.397 
0.999 -0.007 -0.018 -0.030 0.996 -0.005 -0.007 -0.088 0.207 -0.140 -0.950 0.243 0.250 -0.917 0.111 -0.078 -0.895 0.094 0.131 -0.889 0.026 -0.101 -0.535 0.048 0.184 -0.510 0.079 -0.035 -0.408 0.083 0.070 -0.398 
1.000 -0.001 -0.012 -0.021 0.996 -0.007 -0.008 -0.087 0.202 -0.145 -0.957 0.263 0.269 -0.907 0.110 -0.074 -0.895 0.090 0.135 -0.889 0.043 -0.102 -0.534 0.059 0.193 -0.506 0.072 -0.032 -0.409 0.080 0.073 -0.399 
1.000 0.006 -0.012 -0.012 0.996 -0.009 -0.003 -0.094 0.211 -0.131 -0.951 0.249 0.278 -0.909 0.130 -0.064 -0.891 0.104 0.148 -0.888 0.031 -0.100 -0.535 0.053 0.199 -0.504 0.086 -0.028 -0.407 0.088 0.077 -0.396 
1.000 0.005 -0.016 -0.014 0.996 -0.006 -0.002 -0.086 0.209 -0.138 -0.955 0.280 0.286 -0.897 0.123 -0.075 -0.893 0.113 0.140 -0.883 0.042 -0.099 -0.534 0.069 0.203 -0.500 0.080 -0.030 -0.408 0.085 0.075 -0.397 
1.000 0.006 -0.012 -0.025 0.997 -0.006 -0.005 -0.082 0.214 -0.139 -0.950 0.316 0.307 -0.881 0.117 -0.074 -0.893 0.114 0.135 -0.881 0.034 -0.099 -0.535 0.100 0.214 -0.490 0.078 -0.030 -0.409 0.087 0.074 -0.397 
1.000 0.007 -0.018 -0.025 0.997 -0.009 -0.003 -0.081 0.214 -0.137 -0.950 0.338 0.319 -0.867 0.118 -0.069 -0.889 0.114 0.143 -0.879 0.033 -0.097 -0.535 0.107 0.221 -0.486 0.077 -0.027 -0.409 0.084 0.076 -0.397 
1.000 0.004 -0.012 -0.023 0.997 -0.005 -0.004 -0.082 0.200 -0.144 -0.957 0.346 0.333 -0.857 0.120 -0.076 -0.888 0.102 0.133 -0.885 0.040 -0.100 -0.534 0.109 0.231 -0.481 0.079 -0.031 -0.408 0.086 0.072 -0.397 
1.000 0.006 -0.018 -0.023 0.996 -0.008 -0.005 -0.084 0.212 -0.136 -0.953 0.387 0.355 -0.827 0.111 -0.075 -0.889 0.101 0.139 -0.880 0.036 -0.097 -0.535 0.126 0.246 -0.469 0.077 -0.028 -0.409 0.081 0.076 -0.398 
0.999 0.008 -0.017 -0.027 0.996 -0.006 -0.006 -0.084 0.213 -0.135 -0.954 0.406 0.363 -0.816 0.111 -0.077 -0.887 0.095 0.139 -0.881 0.040 -0.095 -0.535 0.141 0.250 -0.462 0.075 -0.029 -0.409 0.080 0.075 -0.398 
1.000 0.015 -0.009 -0.019 0.996 -0.009 -0.009 -0.084 0.211 -0.129 -0.953 0.417 0.369 -0.813 0.107 -0.069 -0.891 0.099 0.140 -0.881 0.033 -0.093 -0.536 0.156 0.251 -0.457 0.077 -0.027 -0.409 0.082 0.077 -0.397 
1.000 0.014 -0.012 -0.024 0.996 -0.009 -0.009 -0.086 0.206 -0.132 -0.955 0.428 0.379 -0.801 0.106 -0.069 -0.892 0.094 0.140 -0.882 0.035 -0.093 -0.536 0.159 0.257 -0.453 0.073 -0.027 -0.410 0.074 0.077 -0.399 
1.000 0.015 -0.012 -0.023 0.996 -0.011 -0.009 -0.087 0.213 -0.126 -0.955 0.435 0.390 -0.791 0.105 -0.066 -0.893 0.089 0.144 -0.883 0.039 -0.090 -0.536 0.162 0.264 -0.448 0.072 -0.025 -0.410 0.074 0.079 -0.398 
1.000 0.017 -0.010 -0.018 0.996 -0.010 -0.009 -0.086 0.201 -0.126 -0.962 0.429 0.423 -0.788 0.099 -0.073 -0.890 0.098 0.141 -0.875 0.046 -0.086 -0.536 0.178 0.269 -0.439 0.069 -0.027 -0.410 0.075 0.079 -0.398 
0.999 0.015 -0.009 -0.050 0.998 -0.010 -0.009 -0.059 0.196 -0.145 -0.958 0.403 0.498 -0.768 0.090 -0.079 -0.878 0.111 0.133 -0.866 0.035 -0.087 -0.537 0.218 0.272 -0.418 0.058 -0.035 -0.411 0.084 0.074 -0.397 
0.998 0.016 -0.010 -0.059 0.998 -0.014 -0.015 -0.066 0.192 -0.140 -0.966 0.392 0.522 -0.759 0.080 -0.071 -0.875 0.098 0.139 -0.864 0.056 -0.081 -0.536 0.210 0.286 -0.413 0.050 -0.032 -0.413 0.074 0.076 -0.399 
0.998 0.023 0.002 -0.057 0.997 -0.014 -0.015 -0.069 0.200 -0.132 -0.964 0.417 0.547 -0.727 0.088 -0.066 -0.874 0.087 0.139 -0.869 0.053 -0.078 -0.537 0.219 0.303 -0.395 0.055 -0.030 -0.412 0.080 0.081 -0.397 
0.998 0.023 -0.003 -0.057 0.998 -0.013 -0.012 -0.063 0.195 -0.136 -0.964 0.439 0.551 -0.711 0.090 -0.071 -0.876 0.092 0.137 -0.865 0.049 -0.080 -0.537 0.233 0.304 -0.387 0.057 -0.032 -0.412 0.082 0.080 -0.397 
0.998 0.023 -0.006 -0.063 0.998 -0.015 -0.012 -0.065 0.196 -0.138 -0.964 0.451 0.574 -0.685 0.067 -0.071 -0.875 0.097 0.142 -0.862 0.055 -0.079 -0.536 0.241 0.315 -0.373 0.044 -0.029 -0.414 0.073 0.083 -0.398 
0.997 0.021 -0.000 -0.068 0.997 -0.015 -0.017 -0.070 0.202 -0.142 -0.964 0.464 0.594 -0.659 0.075 -0.071 -0.871 0.085 0.139 -0.867 0.062 -0.080 -0.536 0.247 0.327 -0.358 0.052 -0.030 -0.413 0.071 0.084 -0.398 
0.997 0.019 -0.004 -0.068 0.997 -0.018 -0.011 -0.072 0.211 -0.137 -0.960 0.503 0.589 -0.632 0.076 -0.064 -0.876 0.083 0.150 -0.870 0.056 -0.079 -0.536 0.248 0.340 -0.345 0.056 -0.025 -0.413 0.073 0.090 -0.396 
0.998 0.022 -0.008 -0.059 0.997 -0.021 -0.015 -0.072 0.199 -0.131 -0.962 0.528 0.594 -0.605 0.066 -0.060 -0.878 0.075 0.153 -0.867 0.046 -0.076 -0.538 0.262 0.342 -0.332 0.048 -0.021 -0.414 0.068 0.094 -0.396 
0.998 0.024 -0.004 -0.059 0.998 -0.020 -0.015 -0.066 0.183 -0.140 -0.965 0.522 0.611 -0.596 0.067 -0.062 -0.876 0.086 0.148 -0.865 0.040 -0.081 -0.538 0.269 0.343 -0.326 0.046 -0.025 -0.414 0.071 0.091 -0.396 
0.998 0.025 0.000 -0.050 0.997 -0.020 -0.015 -0.078 0.184 -0.134 -0.967 0.504 0.624 -0.595 0.070 -0.059 -0.878 0.080 0.150 -0.866 0.047 -0.079 -0.537 0.248 0.359 -0.326 0.050 -0.023 -0.413 0.072 0.094 -0.396 
0.998 0.026 -0.001 -0.049 0.997 -0.021 -0.015 -0.078 0.186 -0.131 -0.967 0.506 0.633 -0.584 0.072 -0.059 -0.877 0.078 0.152 -0.867 0.046 -0.077 -0.538 0.248 0.363 -0.320 0.051 -0.022 -0.413 0.070 0.095 -0.396 
0.998 0.034 -0.006 -0.058 0.998 -0.019 -0.013 -0.064 0.179 -0.134 -0.960 0.504 0.656 -0.561 0.064 -0.067 -0.875 0.069 0.146 -0.866 0.017 -0.076 -0.539 0.254 0.372 -0.306 0.043 -0.028 -0.414 0.070 0.088 -0.397 
0.998 0.029 -0.004 -0.061 0.998 -0.019 -0.016 -0.057 0.175 -0.129 -0.962 0.519 0.657 -0.547 0.054 -0.068 -0.878 0.074 0.144 -0.865 0.015 -0.073 -0.540 0.265 0.370 -0.299 0.038 -0.028 -0.414 0.072 0.088 -0.397 
0.998 0.030 -0.004 -0.059 0.998 -0.021 -0.017 -0.062 0.179 -0.128 -0.967 0.519 0.668 -0.534 0.052 -0.065 -0.875 0.067 0.148 -0.864 0.036 -0.072 -0.539 0.269 0.373 -0.291 0.038 -0.026 -0.414 0.068 0.093 -0.397 
0.998 0.030 -0.004 -0.059 0.998 -0.020 -0.017 -0.061 0.179 -0.130 -0.967 0.519 0.667 -0.535 0.051 -0.067 -0.875 0.067 0.146 -0.864 0.036 -0.073 -0.539 0.269 0.372 -0.292 0.037 -0.027 -0.414 0.068 0.092 -0.397 
0.998 0.032 -0.006 -0.058 0.998 -0.020 -0.013 -0.061 0.188 -0.127 -0.963 0.549 0.660 -0.511 0.064 -0.063 -0.873 0.072 0.151 -0.865 0.031 -0.072 -0.539 0.276 0.375 -0.281 0.040 -0.025 -0.414 0.071 0.093 -0.396 
0.998 0.032 -0.005 -0.051 0.998 -0.021 -0.011 -0.062 0.191 -0.126 -0.964 0.567 0.662 -0.490 0.056 -0.062 -0.878 0.071 0.149 -0.864 0.040 -0.072 -0.539 0.292 0.372 -0.269 0.039 -0.025 -0.414 0.071 0.094 -0.396 
0.998 0.032 -0.005 -0.051 0.998 -0.017 -0.014 -0.059 0.185 -0.136 -0.964 0.569 0.654 -0.498 0.051 -0.070 -0.877 0.067 0.140 -0.866 0.037 -0.077 -0.538 0.292 0.368 -0.274 0.036 -0.029 -0.414 0.070 0.090 -0.397 
0.998 0.038 -0.009 -0.040 0.998 -0.022 -0.015 -0.061 0.178 -0.125 -0.964 0.581 0.650 -0.488 0.046 -0.059 -0.879 0.066 0.153 -0.866 0.025 -0.073 -0.540 0.294 0.370 -0.270 0.034 -0.023 -0.415 0.066 0.095 -0.396 
0.998 0.036 -0.012 -0.042 0.998 -0.024 -0.013 -0.059 0.180 -0.123 -0.965 0.589 0.658 -0.469 0.042 -0.058 -0.881 0.068 0.157 -0.865 0.028 -0.072 -0.540 0.301 0.372 -0.259 0.033 -0.022 -0.415 0.065 0.097 -0.396 
0.998 0.036 -0.012 -0.042 0.998 -0.024 -0.013 -0.059 0.180 -0.123 -0.965 0.589 0.658 -0.469 0.042 -0.058 -0.881 0.068 0.157 -0.865 0.028 -0.072 -0.540 0.301 0.372 -0.259 0.033 -0.022 -0.415 0.065 0.097 -0.396 
0.998 0.037 -0.011 -0.042 0.998 -0.024 -0.015 -0.059 0.173 -0.124 -0.966 0.588 0.659 -0.468 0.040 -0.059 -0.881 0.064 0.155 -0.865 0.023 -0.072 -0.540 0.301 0.372 -0.258 0.032 -0.022 -0.415 0.063 0.096 -0.396 
0.998 0.030 -0.008 -0.055 0.998 -0.023 -0.016 -0.052 0.188 -0.129 -0.957 0.606 0.661 -0.440 0.037 -0.058 -0.882 0.066 0.153 -0.866 0.017 -0.073 -0.540 0.308 0.376 -0.244 0.034 -0.024 -0.415 0.070 0.095 -0.395 
0.999 0.036 -0.004 -0.039 0.998 -0.023 -0.014 -0.048 0.176 -0.129 -0.961 0.643 0.638 -0.422 0.044 -0.060 -0.879 0.064 0.153 -0.867 0.013 -0.077 -0.539 0.335 0.360 -0.233 0.035 -0.026 -0.415 0.074 0.093 -0.395 
0.999 0.036 -0.004 -0.039 0.998 -0.024 -0.016 -0.049 0.172 -0.126 -0.962 0.641 0.640 -0.423 0.040 -0.058 -0.879 0.060 0.155 -0.867 0.011 -0.075 -0.540 0.333 0.361 -0.233 0.034 -0.025 -0.415 0.072 0.094 -0.395 
0.998 0.034 -0.009 -0.051 0.998 -0.026 -0.008 -0.048 0.176 -0.126 -0.966 0.655 0.655 -0.377 0.051 -0.053 -0.881 0.063 0.163 -0.862 0.027 -0.072 -0.540 0.351 0.361 -0.207 0.033 -0.023 -0.415 0.075 0.097 -0.394 
0.998 0.034 -0.010 -0.053 0.999 -0.024 -0.011 -0.047 0.169 -0.132 -0.966 0.674 0.640 -0.369 0.043 -0.059 -0.881 0.061 0.158 -0.863 0.021 -0.075 -0.540 0.360 0.354 -0.202 0.031 -0.025 -0.415 0.074 0.094 -0.395 
0.998 0.036 0.004 -0.052 0.999 -0.024 -0.017 -0.045 0.151 -0.146 -0.963 0.699 0.652 -0.295 0.030 -0.059 -0.883 0.063 0.149 -0.862 0.001 -0.081 -0.539 0.379 0.355 -0.161 0.024 -0.028 -0.415 0.069 0.094 -0.396 
0.998 0.036 -0.008 -0.043 0.998 -0.027 -0.008 -0.065 0.185 -0.135 -0.957 0.724 0.607 -0.315 0.056 -0.055 -0.884 0.074 0.162 -0.861 0.016 -0.081 -0.539 0.364 0.361 -0.183 0.044 -0.025 -0.414 0.074 0.098 -0.394 
0.999 0.034 -0.008 -0.036 0.998 -0.024 -0.009 -0.063 0.169 -0.145 -0.961 0.757 0.573 -0.301 0.053 -0.060 -0.888 0.070 0.153 -0.865 0.013 -0.088 -0.538 0.384 0.342 -0.178 0.040 -0.028 -0.414 0.071 0.093 -0.396 
0.999 0.036 -0.005 -0.027 0.998 -0.024 -0.011 -0.060 0.149 -0.147 -0.962 0.773 0.545 -0.303 0.042 -0.060 -0.894 0.065 0.154 -0.868 -0.003 -0.093 -0.537 0.384 0.338 -0.185 0.036 -0.030 -0.414 0.070 0.093 -0.396 
0.999 0.036 -0.005 -0.028 0.998 -0.024 -0.010 -0.060 0.149 -0.146 -0.962 0.778 0.541 -0.298 0.045 -0.061 -0.894 0.066 0.154 -0.868 -0.003 -0.093 -0.537 0.386 0.337 -0.183 0.037 -0.030 -0.414 0.071 0.093 -0.396 
0.999 0.036 -0.005 -0.031 0.998 -0.025 -0.012 -0.062 0.138 -0.146 -0.964 0.788 0.532 -0.285 0.050 -0.060 -0.893 0.064 0.156 -0.867 -0.009 -0.091 -0.537 0.393 0.333 -0.176 0.037 -0.029 -0.414 0.070 0.095 -0.396 
0.999 0.036 -0.005 -0.031 0.998 -0.023 -0.012 -0.061 0.139 -0.151 -0.963 0.790 0.529 -0.286 0.049 -0.064 -0.893 0.065 0.152 -0.868 -0.009 -0.094 -0.537 0.394 0.331 -0.176 0.037 -0.031 -0.414 0.071 0.093 -0.396 
0.999 0.035 -0.005 -0.031 0.998 -0.021 -0.012 -0.061 0.137 -0.153 -0.962 0.797 0.531 -0.263 0.044 -0.066 -0.894 0.059 0.149 -0.869 -0.012 -0.095 -0.536 0.399 0.332 -0.163 0.036 -0.031 -0.414 0.070 0.094 -0.396 
0.999 0.036 -0.005 -0.032 0.998 -0.022 -0.012 -0.061 0.135 -0.152 -0.963 0.804 0.525 -0.253 0.043 -0.065 -0.895 0.059 0.151 -0.869 -0.013 -0.095 -0.537 0.403 0.330 -0.158 0.037 -0.030 -0.414 0.070 0.094 -0.396 
0.999 0.034 -0.002 -0.037 0.998 -0.025 -0.012 -0.064 0.125 -0.149 -0.964 0.803 0.506 -0.300 0.053 -0.059 -0.893 0.056 0.158 -0.868 -0.020 -0.092 -0.537 0.408 0.312 -0.179 0.038 -0.027 -0.414 0.069 0.097 -0.395 
0.999 0.027 -0.003 -0.029 0.998 -0.024 -0.016 -0.064 0.102 -0.158 -0.961 0.842 0.495 -0.159 0.031 -0.061 -0.902 0.028 0.156 -0.875 -0.043 -0.101 -0.534 0.422 0.322 -0.119 0.023 -0.025 -0.416 0.055 0.099 -0.397 
0.999 0.031 -0.011 -0.038 0.997 -0.027 -0.010 -0.068 0.121 -0.145 -0.963 0.843 0.499 -0.150 0.045 -0.052 -0.896 0.045 0.166 -0.869 -0.028 -0.091 -0.537 0.424 0.322 -0.111 0.034 -0.019 -0.415 0.063 0.103 -0.395 
0.999 0.031 -0.011 -0.038 0.998 -0.023 -0.010 -0.065 0.119 -0.154 -0.962 0.846 0.493 -0.154 0.044 -0.060 -0.896 0.045 0.158 -0.870 -0.029 -0.095 -0.536 0.426 0.319 -0.113 0.033 -0.022 -0.415 0.064 0.100 -0.395 
0.999 0.032 -0.011 -0.034 0.997 -0.023 -0.012 -0.071 0.099 -0.158 -0.959 0.852 0.482 -0.109 0.039 -0.061 -0.897 0.032 0.158 -0.872 -0.051 -0.100 -0.533 0.423 0.326 -0.101 0.029 -0.023 -0.415 0.055 0.100 -0.397 
0.999 0.034 -0.008 -0.029 0.996 -0.027 -0.009 -0.079 0.098 -0.151 -0.961 0.850 0.494 -0.085 0.047 -0.051 -0.898 0.035 0.166 -0.873 -0.048 -0.097 -0.534 0.425 0.329 -0.083 0.034 -0.019 -0.415 0.056 0.105 -0.395 
0.999 0.035 -0.008 -0.034 0.997 -0.025 -0.012 -0.078 0.092 -0.159 -0.960 0.862 0.472 -0.090 0.039 -0.058 -0.899 0.032 0.162 -0.873 -0.052 -0.100 -0.533 0.433 0.318 -0.086 0.031 -0.022 -0.415 0.053 0.102 -0.397 
0.998 0.033 -0.007 -0.045 0.997 -0.024 -0.013 -0.077 0.096 -0.163 -0.962 0.867 0.474 -0.091 0.035 -0.064 -0.898 0.038 0.159 -0.873 -0.045 -0.099 -0.534 0.443 0.306 -0.077 0.028 -0.023 -0.415 0.050 0.100 -0.397 
0.998 0.029 -0.003 -0.058 0.996 -0.026 -0.013 -0.080 0.105 -0.164 -0.955 0.884 0.429 -0.062 0.038 -0.054 -0.903 0.036 0.162 -0.877 -0.051 -0.100 -0.533 0.446 0.302 -0.076 0.030 -0.021 -0.415 0.050 0.103 -0.397 
0.996 0.030 -0.005 -0.078 0.996 -0.020 -0.009 -0.082 0.128 -0.169 -0.956 0.899 0.408 -0.027 0.048 -0.064 -0.896 0.039 0.146 -0.878 -0.029 -0.095 -0.536 0.460 0.285 -0.052 0.035 -0.022 -0.415 0.056 0.098 -0.397 
0.997 0.027 -0.008 -0.069 0.995 -0.020 -0.006 -0.093 0.146 -0.173 -0.959 0.897 0.395 -0.015 0.054 -0.064 -0.903 0.047 0.149 -0.879 -0.004 -0.102 -0.535 0.454 0.294 -0.056 0.050 -0.021 -0.413 0.056 0.100 -0.397 
0.998 0.009 -0.014 -0.060 0.994 -0.013 -0.010 -0.108 0.138 -0.178 -0.953 0.871 0.369 0.014 0.045 -0.079 -0.911 0.022 0.138 -0.893 -0.020 -0.117 -0.532 0.431 0.317 -0.097 0.045 -0.026 -0.414 0.042 0.096 -0.399 
0.999 0.012 -0.015 -0.038 0.993 -0.011 -0.005 -0.113 0.127 -0.173 -0.952 0.867 0.374 0.024 0.053 -0.085 -0.913 0.031 0.136 -0.891 -0.034 -0.121 -0.530 0.428 0.323 -0.091 0.052 -0.028 -0.413 0.049 0.095 -0.399 
0.999 0.012 -0.016 -0.038 0.994 -0.010 -0.004 -0.113 0.131 -0.174 -0.951 0.867 0.373 0.027 0.056 -0.086 -0.912 0.033 0.135 -0.892 -0.032 -0.121 -0.530 0.429 0.322 -0.089 0.053 -0.029 -0.413 0.051 0.095 -0.399 
0.997 0.025 -0.011 -0.069 0.996 -0.018 -0.005 -0.093 0.128 -0.170 -0.954 0.931 0.308 0.069 0.057 -0.067 -0.901 0.042 0.149 -0.882 -0.032 -0.101 -0.534 0.486 0.243 -0.009 0.043 -0.022 -0.414 0.054 0.099 -0.397 
0.995 0.029 -0.007 -0.094 0.996 -0.022 -0.001 -0.092 0.152 -0.172 -0.956 0.942 0.302 0.079 0.062 -0.064 -0.897 0.047 0.153 -0.874 -0.006 -0.094 -0.537 0.498 0.217 0.017 0.047 -0.020 -0.414 0.059 0.100 -0.396 
0.995 0.025 -0.006 -0.093 0.995 -0.018 -0.003 -0.094 0.148 -0.183 -0.944 0.932 0.297 0.098 0.054 -0.069 -0.904 0.045 0.149 -0.879 -0.030 -0.101 -0.535 0.488 0.239 0.011 0.046 -0.023 -0.414 0.053 0.100 -0.397 
0.996 0.024 -0.003 -0.085 0.994 -0.020 -0.006 -0.107 0.141 -0.178 -0.945 0.920 0.297 0.098 0.052 -0.055 -0.909 0.025 0.151 -0.888 -0.038 -0.103 -0.534 0.477 0.261 -0.005 0.049 -0.020 -0.414 0.050 0.103 -0.397 
0.997 0.024 -0.012 -0.067 0.994 -0.017 -0.005 -0.111 0.143 -0.175 -0.952 0.926 0.273 0.090 0.059 -0.065 -0.908 0.023 0.144 -0.883 -0.022 -0.106 -0.534 0.483 0.249 -0.015 0.051 -0.023 -0.413 0.045 0.098 -0.399 
0.997 0.023 -0.014 -0.070 0.993 -0.017 0.005 -0.118 0.149 -0.179 -0.949 0.915 0.275 0.132 0.069 -0.064 -0.912 0.040 0.149 -0.886 -0.020 -0.111 -0.533 0.477 0.260 0.002 0.060 -0.021 -0.412 0.055 0.102 -0.397 
0.997 0.027 -0.006 -0.072 0.994 -0.019 -0.005 -0.108 0.133 -0.174 -0.951 0.930 0.247 0.113 0.054 -0.057 -0.913 0.010 0.148 -0.890 -0.034 -0.106 -0.533 0.489 0.238 -0.000 0.045 -0.019 -0.414 0.044 0.102 -0.398 
0.997 0.026 -0.019 -0.071 0.993 -0.014 0.005 -0.114 0.158 -0.183 -0.943 0.927 0.235 0.134 0.066 -0.080 -0.908 0.037 0.140 -0.886 -0.023 -0.112 -0.532 0.489 0.237 0.006 0.057 -0.028 -0.412 0.052 0.093 -0.399 
0.997 0.023 -0.017 -0.076 0.994 -0.011 0.006 -0.113 0.156 -0.189 -0.941 0.927 0.218 0.138 0.069 -0.087 -0.910 0.038 0.131 -0.889 -0.027 -0.116 -0.532 0.491 0.234 0.005 0.061 -0.031 -0.411 0.056 0.091 -0.399 
0.996 0.016 -0.021 -0.082 0.994 -0.009 0.003 -0.105 0.151 -0.193 -0.947 0.943 0.194 0.135 0.055 -0.090 -0.908 0.042 0.130 -0.887 -0.017 -0.116 -0.532 0.505 0.202 0.008 0.051 -0.033 -0.413 0.051 0.088 -0.400 
0.997 0.017 -0.020 -0.076 0.993 -0.013 0.004 -0.114 0.155 -0.182 -0.950 0.940 0.194 0.155 0.068 -0.079 -0.910 0.038 0.138 -0.890 -0.012 -0.112 -0.533 0.504 0.202 0.018 0.053 -0.027 -0.413 0.047 0.093 -0.400 
0.997 0.018 -0.024 -0.074 0.994 -0.008 0.009 -0.107 0.165 -0.186 -0.942 0.941 0.170 0.184 0.074 -0.091 -0.910 0.054 0.128 -0.888 -0.018 -0.115 -0.532 0.508 0.188 0.039 0.059 -0.031 -0.412 0.059 0.088 -0.399 
0.996 0.016 -0.019 -0.080 0.994 -0.010 0.004 -0.107 0.157 -0.183 -0.946 0.946 0.157 0.181 0.063 -0.084 -0.912 0.044 0.134 -0.890 -0.019 -0.111 -0.533 0.512 0.177 0.042 0.053 -0.029 -0.412 0.052 0.092 -0.399 
0.997 0.016 -0.019 -0.078 0.994 -0.012 0.004 -0.109 0.165 -0.182 -0.944 0.945 0.153 0.185 0.065 -0.082 -0.911 0.034 0.137 -0.889 -0.016 -0.111 -0.533 0.513 0.176 0.042 0.049 -0.029 -0.413 0.050 0.093 -0.399 
0.996 0.016 -0.011 -0.087 0.994 -0.015 0.000 -0.106 0.154 -0.181 -0.948 0.951 0.147 0.194 0.056 -0.072 -0.912 0.029 0.143 -0.891 -0.018 -0.107 -0.534 0.516 0.162 0.057 0.052 -0.026 -0.413 0.042 0.100 -0.398 
0.996 0.018 -0.013 -0.084 0.994 -0.015 0.003 -0.111 0.157 -0.178 -0.948 0.949 0.148 0.194 0.059 -0.070 -0.914 0.032 0.142 -0.889 -0.017 -0.105 -0.534 0.514 0.168 0.056 0.056 -0.025 -0.412 0.045 0.101 -0.398 
0.996 0.013 -0.009 -0.086 0.993 -0.014 0.000 -0.116 0.161 -0.184 -0.951 0.951 0.154 0.181 0.058 -0.074 -0.915 0.027 0.139 -0.889 -0.004 -0.109 -0.534 0.515 0.168 0.047 0.057 -0.026 -0.412 0.039 0.099 -0.399 
0.996 0.013 -0.009 -0.086 0.993 -0.015 0.001 -0.117 0.163 -0.180 -0.951 0.950 0.155 0.183 0.060 -0.070 -0.915 0.028 0.142 -0.889 -0.003 -0.107 -0.534 0.514 0.169 0.049 0.057 -0.024 -0.412 0.039 0.101 -0.399 
0.996 0.020 -0.022 -0.082 0.993 -0.016 0.010 -0.116 0.171 -0.175 -0.948 0.946 0.156 0.185 0.071 -0.066 -0.909 0.031 0.147 -0.885 -0.005 -0.102 -0.535 0.513 0.175 0.045 0.058 -0.019 -0.412 0.044 0.101 -0.398 
0.996 0.016 -0.012 -0.092 0.994 -0.016 0.001 -0.112 0.158 -0.181 -0.951 0.954 0.154 0.154 0.054 -0.064 -0.914 0.039 0.149 -0.884 -0.008 -0.104 -0.535 0.515 0.172 0.031 0.054 -0.022 -0.413 0.044 0.102 -0.398 
0.997 0.010 -0.015 -0.077 0.993 -0.012 0.006 -0.119 0.161 -0.178 -0.953 0.942 0.190 0.102 0.060 -0.085 -0.913 0.046 0.140 -0.888 0.001 -0.110 -0.533 0.502 0.208 -0.018 0.057 -0.026 -0.412 0.043 0.098 -0.399 
0.997 0.010 -0.015 -0.077 0.993 -0.011 0.007 -0.118 0.162 -0.181 -0.952 0.942 0.188 0.102 0.061 -0.087 -0.913 0.048 0.138 -0.888 0.001 -0.111 -0.533 0.502 0.207 -0.018 0.058 -0.027 -0.412 0.044 0.097 -0.399 
0.997 0.019 -0.018 -0.072 0.994 -0.016 0.007 -0.111 0.162 -0.170 -0.955 0.957 0.207 0.068 0.071 -0.074 -0.906 0.040 0.144 -0.885 0.001 -0.103 -0.535 0.508 0.193 -0.013 0.057 -0.024 -0.412 0.053 0.098 -0.398 
0.997 0.003 -0.018 -0.080 0.993 -0.006 0.010 -0.120 0.173 -0.188 -0.945 0.924 0.236 0.031 0.071 -0.098 -0.912 0.053 0.126 -0.892 -0.003 -0.119 -0.531 0.480 0.245 -0.074 0.068 -0.032 -0.410 0.051 0.091 -0.400 
0.997 0.006 -0.014 -0.081 0.994 -0.010 0.003 -0.112 0.166 -0.184 -0.948 0.935 0.241 -0.006 0.054 -0.092 -0.911 0.044 0.134 -0.886 -0.005 -0.114 -0.533 0.485 0.234 -0.078 0.059 -0.031 -0.412 0.044 0.095 -0.400 
0.997 0.010 -0.009 -0.081 0.993 -0.014 0.003 -0.118 0.165 -0.177 -0.953 0.929 0.273 -0.032 0.064 -0.071 -0.907 0.038 0.143 -0.888 0.003 -0.108 -0.534 0.477 0.245 -0.088 0.058 -0.025 -0.412 0.037 0.099 -0.399 
0.997 0.000 -0.012 -0.078 0.994 -0.008 0.001 -0.113 0.167 -0.180 -0.955 0.926 0.257 -0.082 0.064 -0.088 -0.908 0.030 0.131 -0.892 0.012 -0.112 -0.533 0.472 0.238 -0.127 0.053 -0.029 -0.412 0.038 0.093 -0.400 
0.996 0.007 -0.007 -0.086 0.994 -0.013 -0.004 -0.106 0.161 -0.177 -0.961 0.930 0.267 -0.135 0.049 -0.074 -0.910 0.020 0.140 -0.889 0.021 -0.105 -0.534 0.476 0.228 -0.132 0.049 -0.025 -0.413 0.036 0.098 -0.400 
0.997 0.022 -0.014 -0.078 0.995 -0.019 0.002 -0.102 0.183 -0.157 -0.956 0.922 0.282 -0.221 0.061 -0.062 -0.903 0.041 0.156 -0.882 0.021 -0.092 -0.537 0.475 0.215 -0.155 0.053 -0.020 -0.413 0.046 0.102 -0.398 
0.998 0.014 -0.012 -0.068 0.995 -0.013 0.000 -0.099 0.167 -0.167 -0.956 0.916 0.298 -0.191 0.060 -0.074 -0.905 0.033 0.140 -0.890 0.008 -0.103 -0.535 0.466 0.234 -0.155 0.048 -0.026 -0.413 0.047 0.092 -0.400 
0.997 0.019 -0.009 -0.078 0.994 -0.020 -0.002 -0.103 0.183 -0.158 -0.956 0.911 0.310 -0.230 0.055 -0.059 -0.904 0.033 0.153 -0.882 0.020 -0.094 -0.536 0.468 0.228 -0.159 0.055 -0.018 -0.413 0.045 0.100 -0.398 
0.996 0.014 -0.010 -0.084 0.996 -0.018 0.000 -0.093 0.175 -0.168 -0.956 0.913 0.304 -0.234 0.060 -0.063 -0.904 0.041 0.153 -0.885 0.015 -0.099 -0.536 0.470 0.223 -0.160 0.052 -0.021 -0.413 0.050 0.098 -0.398 
0.997 0.023 -0.006 -0.068 0.995 -0.024 0.002 -0.093 0.164 -0.161 -0.955 0.882 0.359 -0.247 0.050 -0.048 -0.909 0.043 0.163 -0.883 -0.001 -0.098 -0.536 0.442 0.267 -0.173 0.053 -0.013 -0.413 0.049 0.106 -0.396 
0.998 0.026 -0.014 -0.050 0.995 -0.027 0.002 -0.101 0.169 -0.152 -0.956 0.862 0.382 -0.268 0.055 -0.040 -0.908 0.040 0.172 -0.882 0.003 -0.097 -0.536 0.423 0.285 -0.191 0.058 -0.008 -0.413 0.049 0.105 -0.396 
0.999 0.028 -0.013 -0.042 0.994 -0.029 0.004 -0.106 0.187 -0.146 -0.956 0.843 0.402 -0.287 0.065 -0.037 -0.905 0.045 0.176 -0.880 0.020 -0.096 -0.536 0.407 0.300 -0.200 0.067 -0.005 -0.412 0.054 0.108 -0.395 
0.998 0.027 -0.012 -0.061 0.994 -0.031 0.006 -0.101 0.188 -0.150 -0.948 0.834 0.374 -0.320 0.072 -0.028 -0.908 0.038 0.178 -0.883 0.005 -0.098 -0.536 0.393 0.300 -0.227 0.065 -0.004 -0.412 0.055 0.108 -0.395 
0.998 0.018 -0.013 -0.062 0.995 -0.028 0.003 -0.098 0.180 -0.157 -0.953 0.797 0.407 -0.389 0.068 -0.041 -0.902 0.041 0.171 -0.877 0.010 -0.099 -0.536 0.372 0.303 -0.256 0.061 -0.007 -0.413 0.053 0.105 -0.396 
0.998 0.023 -0.012 -0.052 0.995 -0.028 0.002 -0.091 0.173 -0.156 -0.946 0.773 0.416 -0.418 0.055 -0.043 -0.911 0.045 0.172 -0.884 -0.013 -0.104 -0.535 0.353 0.314 -0.271 0.057 -0.011 -0.413 0.053 0.102 -0.396 
0.999 0.022 -0.013 -0.028 0.995 -0.027 0.003 -0.095 0.166 -0.157 -0.950 0.762 0.454 -0.395 0.061 -0.042 -0.909 0.046 0.168 -0.887 -0.010 -0.110 -0.533 0.343 0.327 -0.267 0.063 -0.010 -0.412 0.056 0.102 -0.396 
0.999 0.019 -0.011 -0.034 0.995 -0.028 -0.000 -0.093 0.153 -0.159 -0.953 0.739 0.461 -0.428 0.055 -0.041 -0.909 0.035 0.170 -0.887 -0.014 -0.110 -0.533 0.326 0.331 -0.283 0.057 -0.011 -0.413 0.052 0.101 -0.397 
0.999 0.022 -0.013 -0.029 0.996 -0.027 0.002 -0.087 0.155 -0.160 -0.948 0.711 0.479 -0.467 0.059 -0.041 -0.906 0.049 0.168 -0.883 -0.023 -0.109 -0.533 0.316 0.333 -0.292 0.059 -0.010 -0.413 0.058 0.100 -0.396 
0.999 0.019 -0.009 -0.037 0.996 -0.031 0.003 -0.087 0.154 -0.152 -0.959 0.657 0.508 -0.519 0.059 -0.033 -0.903 0.053 0.176 -0.881 -0.002 -0.101 -0.535 0.285 0.342 -0.313 0.055 -0.006 -0.413 0.057 0.104 -0.396 
0.999 0.020 -0.014 -0.030 0.995 -0.031 0.005 -0.096 0.169 -0.151 -0.951 0.657 0.491 -0.503 0.065 -0.032 -0.905 0.058 0.180 -0.879 -0.008 -0.107 -0.534 0.262 0.352 -0.322 0.064 -0.008 -0.412 0.064 0.104 -0.394 
0.999 0.019 -0.018 -0.030 0.996 -0.031 0.008 -0.085 0.156 -0.148 -0.949 0.654 0.494 -0.504 0.066 -0.030 -0.907 0.060 0.184 -0.880 -0.026 -0.106 -0.534 0.260 0.352 -0.324 0.057 -0.006 -0.413 0.063 0.103 -0.395 
0.999 0.028 -0.018 -0.003 0.995 -0.035 0.008 -0.095 0.154 -0.139 -0.954 0.623 0.519 -0.525 0.071 -0.023 -0.905 0.056 0.190 -0.881 -0.018 -0.107 -0.534 0.243 0.359 -0.330 0.064 -0.004 -0.412 0.066 0.105 -0.394 
0.999 0.028 -0.019 -0.002 0.995 -0.037 0.008 -0.095 0.157 -0.132 -0.953 0.612 0.527 -0.527 0.071 -0.015 -0.907 0.053 0.194 -0.880 -0.018 -0.103 -0.535 0.233 0.364 -0.331 0.064 -0.001 -0.412 0.064 0.108 -0.393 
0.999 0.028 -0.025 -0.002 0.996 -0.035 0.007 -0.083 0.148 -0.135 -0.956 0.605 0.511 -0.556 0.064 -0.029 -0.904 0.058 0.192 -0.876 -0.020 -0.102 -0.535 0.233 0.349 -0.346 0.054 -0.004 -0.414 0.062 0.104 -0.395 
0.999 0.025 -0.022 0.006 0.995 -0.033 0.009 -0.090 0.149 -0.135 -0.959 0.588 0.520 -0.570 0.073 -0.029 -0.906 0.057 0.188 -0.879 -0.012 -0.103 -0.535 0.225 0.349 -0.352 0.059 -0.005 -0.413 0.064 0.104 -0.394 
0.999 0.022 -0.019 -0.012 0.997 -0.032 0.006 -0.073 0.143 -0.140 -0.959 0.563 0.512 -0.609 0.058 -0.030 -0.905 0.063 0.182 -0.876 -0.018 -0.101 -0.535 0.218 0.342 -0.363 0.052 -0.008 -0.414 0.064 0.100 -0.396 
1.000 0.020 -0.015 -0.013 0.997 -0.035 0.004 -0.074 0.142 -0.143 -0.949 0.571 0.501 -0.596 0.056 -0.024 -0.907 0.058 0.191 -0.880 -0.037 -0.108 -0.533 0.209 0.346 -0.365 0.048 -0.006 -0.414 0.063 0.104 -0.395 
1.000 0.020 -0.015 -0.013 0.997 -0.034 0.005 -0.073 0.146 -0.146 -0.948 0.572 0.499 -0.598 0.058 -0.025 -0.907 0.059 0.189 -0.881 -0.035 -0.110 -0.533 0.210 0.344 -0.366 0.049 -0.007 -0.414 0.064 0.103 -0.395 
1.000 0.016 -0.015 -0.013 0.997 -0.030 0.005 -0.074 0.141 -0.151 -0.956 0.534 0.512 -0.623 0.049 -0.031 -0.909 0.053 0.182 -0.884 -0.022 -0.109 -0.533 0.188 0.348 -0.374 0.047 -0.008 -0.414 0.060 0.101 -0.396 
1.000 0.016 -0.015 -0.012 0.997 -0.033 0.004 -0.075 0.143 -0.145 -0.956 0.528 0.518 -0.623 0.047 -0.027 -0.909 0.049 0.187 -0.883 -0.021 -0.106 -0.534 0.184 0.350 -0.374 0.046 -0.007 -0.414 0.059 0.103 -0.395 
1.000 0.018 -0.018 -0.003 0.997 -0.030 0.005 -0.068 0.124 -0.143 -0.954 0.501 0.477 -0.673 0.045 -0.030 -0.912 0.056 0.184 -0.885 -0.041 -0.110 -0.532 0.165 0.330 -0.400 0.044 -0.009 -0.415 0.062 0.102 -0.395 
1.000 0.018 -0.018 -0.004 0.997 -0.030 0.005 -0.071 0.127 -0.146 -0.954 0.489 0.469 -0.683 0.052 -0.032 -0.911 0.055 0.185 -0.886 -0.040 -0.112 -0.532 0.154 0.327 -0.407 0.044 -0.009 -0.415 0.063 0.101 -0.395 
1.000 0.016 -0.021 0.000 0.997 -0.029 0.003 -0.070 0.115 -0.149 -0.956 0.484 0.462 -0.687 0.032 -0.029 -0.912 0.043 0.185 -0.887 -0.042 -0.115 -0.531 0.145 0.320 -0.416 0.036 -0.010 -0.415 0.056 0.099 -0.397 
0.999 0.017 -0.020 0.021 0.996 -0.029 0.009 -0.086 0.134 -0.145 -0.957 0.470 0.479 -0.687 0.058 -0.031 -0.908 0.051 0.183 -0.887 -0.025 -0.115 -0.532 0.137 0.324 -0.416 0.053 -0.009 -0.414 0.061 0.101 -0.396 
1.000 0.013 -0.020 0.011 0.996 -0.029 0.007 -0.083 0.128 -0.147 -0.958 0.444 0.478 -0.708 0.056 -0.030 -0.909 0.048 0.184 -0.887 -0.028 -0.115 -0.532 0.125 0.323 -0.420 0.053 -0.009 -0.413 0.062 0.100 -0.396 
1.000 0.012 -0.019 0.012 0.996 -0.027 0.011 -0.081 0.131 -0.155 -0.958 0.432 0.479 -0.718 0.062 -0.036 -0.908 0.056 0.179 -0.884 -0.022 -0.118 -0.531 0.121 0.321 -0.423 0.055 -0.011 -0.413 0.065 0.099 -0.396 
1.000 0.011 -0.018 0.013 0.996 -0.029 0.008 -0.083 0.126 -0.152 -0.959 0.416 0.482 -0.726 0.057 -0.032 -0.909 0.057 0.181 -0.883 -0.025 -0.116 -0.532 0.112 0.320 -0.426 0.054 -0.010 -0.413 0.063 0.100 -0.396 
1.000 0.008 -0.029 0.007 0.997 -0.024 0.007 -0.075 0.138 -0.153 -0.956 0.388 0.464 -0.758 0.046 -0.042 -0.904 0.056 0.169 -0.880 -0.022 -0.114 -0.532 0.102 0.304 -0.440 0.049 -0.014 -0.414 0.061 0.090 -0.398 
1.000 0.012 -0.024 0.014 0.996 -0.026 0.007 -0.083 0.135 -0.148 -0.956 0.339 0.464 -0.785 0.053 -0.038 -0.904 0.051 0.174 -0.884 -0.027 -0.114 -0.532 0.081 0.301 -0.446 0.051 -0.015 -0.414 0.059 0.092 -0.398 
1.000 0.006 -0.023 0.003 0.997 -0.021 0.009 -0.069 0.127 -0.155 -0.963 0.343 0.416 -0.812 0.059 -0.048 -0.903 0.052 0.168 -0.883 -0.016 -0.111 -0.533 0.086 0.275 -0.462 0.044 -0.017 -0.414 0.062 0.089 -0.398 
0.999 0.002 -0.030 0.013 0.996 -0.020 0.009 -0.084 0.142 -0.153 -0.960 0.357 0.393 -0.793 0.051 -0.049 -0.911 0.049 0.167 -0.883 -0.007 -0.115 -0.533 0.060 0.269 -0.470 0.046 -0.017 -0.414 0.052 0.089 -0.400 
0.999 0.006 -0.029 0.022 0.996 -0.022 0.010 -0.083 0.140 -0.142 -0.962 0.346 0.394 -0.806 0.057 -0.044 -0.909 0.048 0.172 -0.886 -0.008 -0.111 -0.533 0.064 0.266 -0.471 0.049 -0.015 -0.414 0.059 0.090 -0.399 
0.999 0.005 -0.035 0.021 0.996 -0.020 0.011 -0.083 0.149 -0.147 -0.957 0.358 0.377 -0.812 0.064 -0.053 -0.906 0.054 0.169 -0.885 -0.012 -0.115 -0.532 0.075 0.253 -0.476 0.047 -0.018 -0.414 0.057 0.086 -0.400 
0.999 0.001 -0.034 0.019 0.996 -0.018 0.015 -0.083 0.155 -0.152 -0.955 0.350 0.367 -0.807 0.070 -0.054 -0.907 0.059 0.164 -0.889 -0.007 -0.120 -0.531 0.053 0.252 -0.479 0.053 -0.018 -0.413 0.061 0.085 -0.400 
0.999 -0.001 -0.032 0.026 0.997 -0.017 0.009 -0.081 0.145 -0.157 -0.960 0.352 0.366 -0.814 0.055 -0.057 -0.906 0.052 0.158 -0.887 -0.002 -0.120 -0.531 0.062 0.244 -0.483 0.047 -0.020 -0.414 0.054 0.083 -0.401 
0.999 -0.003 -0.032 0.018 0.996 -0.016 0.011 -0.091 0.164 -0.153 -0.953 0.318 0.364 -0.825 0.063 -0.061 -0.906 0.055 0.158 -0.886 -0.001 -0.121 -0.531 0.038 0.247 -0.484 0.052 -0.021 -0.413 0.055 0.082 -0.401 
0.999 0.001 -0.034 0.013 0.997 -0.015 0.009 -0.077 0.155 -0.157 -0.952 0.322 0.354 -0.830 0.060 -0.062 -0.903 0.048 0.156 -0.891 -0.013 -0.122 -0.531 0.044 0.243 -0.485 0.044 -0.021 -0.414 0.058 0.079 -0.401 
0.999 0.001 -0.031 0.018 0.996 -0.017 0.008 -0.083 0.154 -0.153 -0.956 0.300 0.352 -0.842 0.060 -0.057 -0.906 0.045 0.158 -0.891 -0.006 -0.120 -0.531 0.035 0.240 -0.487 0.050 -0.021 -0.413 0.059 0.082 -0.400 
0.999 -0.001 -0.034 0.009 0.997 -0.012 0.005 -0.073 0.143 -0.167 -0.955 0.276 0.332 -0.861 0.047 -0.070 -0.905 0.045 0.148 -0.890 -0.013 -0.124 -0.530 0.026 0.228 -0.493 0.042 -0.027 -0.414 0.054 0.075 -0.402 
0.999 -0.004 -0.034 0.008 0.997 -0.014 0.011 -0.075 0.147 -0.160 -0.956 0.263 0.337 -0.866 0.063 -0.068 -0.902 0.062 0.150 -0.887 -0.011 -0.120 -0.531 0.021 0.228 -0.494 0.047 -0.024 -0.414 0.063 0.077 -0.401 
1.000 -0.003 -0.026 0.013 0.997 -0.014 0.004 -0.070 0.118 -0.161 -0.958 0.254 0.335 -0.863 0.046 -0.065 -0.907 0.047 0.146 -0.892 -0.030 -0.125 -0.529 0.006 0.228 -0.494 0.037 -0.026 -0.415 0.056 0.076 -0.402 
1.000 -0.001 -0.020 0.014 0.998 -0.013 0.007 -0.068 0.119 -0.160 -0.960 0.227 0.331 -0.881 0.048 -0.060 -0.909 0.054 0.147 -0.894 -0.023 -0.123 -0.530 0.006 0.224 -0.496 0.037 -0.027 -0.415 0.060 0.076 -0.401 
0.999 0.000 -0.028 0.023 0.997 -0.011 0.009 -0.074 0.134 -0.161 -0.960 0.211 0.324 -0.883 0.061 -0.067 -0.903 0.050 0.147 -0.892 -0.011 -0.122 -0.531 -0.012 0.218 -0.499 0.043 -0.027 -0.414 0.059 0.074 -0.402 
1.000 -0.002 -0.021 0.022 0.997 -0.011 0.007 -0.074 0.118 -0.162 -0.963 0.198 0.324 -0.882 0.056 -0.064 -0.907 0.055 0.146 -0.892 -0.016 -0.123 -0.530 -0.025 0.219 -0.498 0.039 -0.028 -0.414 0.056 0.075 -0.402 
0.999 -0.001 -0.028 0.032 0.996 -0.011 0.011 -0.083 0.125 -0.159 -0.967 0.179 0.329 -0.886 0.060 -0.065 -0.905 0.057 0.148 -0.891 -0.002 -0.119 -0.532 -0.034 0.215 -0.499 0.044 -0.027 -0.414 0.054 0.076 -0.402 
1.000 0.000 -0.022 0.022 0.998 -0.007 0.011 -0.063 0.127 -0.165 -0.964 0.174 0.310 -0.906 0.053 -0.070 -0.905 0.067 0.138 -0.891 -0.005 -0.121 -0.531 -0.015 0.205 -0.504 0.043 -0.032 -0.414 0.063 0.070 -0.402 
0.999 -0.001 -0.020 0.038 0.996 -0.010 0.011 -0.085 0.139 -0.162 -0.966 0.139 0.300 -0.913 0.059 -0.064 -0.903 0.052 0.142 -0.888 0.012 -0.118 -0.532 -0.040 0.195 -0.507 0.043 -0.029 -0.414 0.055 0.074 -0.402 
0.999 -0.005 -0.021 0.029 0.997 -0.009 0.011 -0.081 0.139 -0.166 -0.962 0.124 0.291 -0.919 0.059 -0.070 -0.905 0.054 0.141 -0.888 0.001 -0.123 -0.531 -0.044 0.194 -0.507 0.046 -0.032 -0.413 0.059 0.071 -0.402 
0.999 -0.004 -0.020 0.032 0.997 -0.013 0.009 -0.077 0.131 -0.167 -0.967 0.129 0.271 -0.935 0.051 -0.072 -0.902 0.064 0.137 -0.884 0.010 -0.118 -0.532 -0.020 0.175 -0.515 0.044 -0.033 -0.413 0.065 0.071 -0.401 
1.000 -0.007 -0.028 0.008 0.996 -0.013 0.008 -0.084 0.160 -0.195 -0.953 0.094 0.256 -0.942 0.059 -0.091 -0.899 0.049 0.123 -0.887 0.012 -0.134 -0.528 -0.042 0.170 -0.515 0.041 -0.043 -0.413 0.054 0.057 -0.405 
0.999 -0.006 -0.038 0.030 0.996 -0.014 0.017 -0.088 0.161 -0.189 -0.963 0.136 0.247 -0.941 0.080 -0.101 -0.894 0.067 0.117 -0.873 0.042 -0.123 -0.529 -0.017 0.158 -0.520 0.054 -0.041 -0.411 0.066 0.057 -0.403 
0.999 0.001 -0.026 0.020 0.996 -0.025 0.004 -0.088 0.137 -0.205 -0.960 0.118 0.256 -0.943 0.064 -0.096 -0.900 0.055 0.108 -0.878 0.015 -0.137 -0.527 -0.021 0.166 -0.518 0.053 -0.046 -0.411 0.059 0.052 -0.405 
0.999 0.002 -0.034 0.022 0.995 -0.028 0.006 -0.094 0.146 -0.189 -0.966 0.093 0.253 -0.954 0.069 -0.098 -0.893 0.045 0.115 -0.873 0.035 -0.122 -0.530 -0.012 0.158 -0.521 0.055 -0.046 -0.411 0.058 0.050 -0.406 
0.999 -0.004 -0.031 0.016 0.992 -0.038 0.010 -0.121 0.175 -0.202 -0.959 0.079 0.243 -0.948 0.107 -0.102 -0.896 0.072 0.113 -0.871 0.058 -0.128 -0.526 -0.049 0.162 -0.517 0.086 -0.046 -0.405 0.055 0.049 -0.406 
0.999 -0.013 -0.031 -0.006 0.994 -0.039 0.013 -0.097 0.169 -0.198 -0.955 0.114 0.207 -0.954 0.120 -0.136 -0.897 0.100 0.085 -0.872 0.028 -0.136 -0.527 -0.024 0.151 -0.522 0.109 -0.058 -0.398 0.065 0.032 -0.406 
1.000 -0.013 -0.013 -0.016 0.995 -0.047 0.004 -0.090 0.123 -0.189 -0.964 0.075 0.218 -0.951 0.105 -0.097 -0.898 0.086 0.079 -0.883 0.006 -0.130 -0.529 -0.053 0.165 -0.516 0.131 -0.048 -0.393 0.057 0.039 -0.407 
0.999 -0.012 -0.017 -0.034 0.996 -0.046 0.004 -0.071 0.118 -0.206 -0.959 0.088 0.207 -0.959 0.109 -0.094 -0.881 0.091 0.063 -0.880 -0.007 -0.139 -0.527 -0.028 0.157 -0.520 0.153 -0.040 -0.386 0.068 0.033 -0.406 
0.999 -0.007 -0.018 -0.033 0.996 -0.050 0.006 -0.074 0.114 -0.206 -0.961 0.089 0.217 -0.959 0.125 -0.083 -0.871 0.095 0.070 -0.880 -0.004 -0.137 -0.527 -0.020 0.159 -0.520 0.161 -0.035 -0.383 0.072 0.036 -0.405 
0.999 0.009 -0.034 -0.027 0.994 -0.063 0.007 -0.086 0.109 -0.193 -0.966 0.091 0.228 -0.955 0.122 -0.051 -0.850 0.084 0.087 -0.876 -0.002 -0.128 -0.530 -0.024 0.167 -0.517 0.185 -0.020 -0.373 0.069 0.042 -0.405 
0.999 0.009 -0.034 -0.029 0.994 -0.064 0.008 -0.085 0.108 -0.192 -0.966 0.093 0.228 -0.955 0.132 -0.044 -0.847 0.087 0.086 -0.876 -0.004 -0.127 -0.530 -0.023 0.168 -0.517 0.189 -0.017 -0.372 0.070 0.041 -0.405 
0.999 0.017 -0.036 -0.037 0.996 -0.066 0.004 -0.062 0.080 -0.200 -0.964 0.106 0.209 -0.959 0.124 -0.043 -0.814 0.072 0.059 -0.875 -0.027 -0.134 -0.528 -0.010 0.159 -0.520 0.229 -0.022 -0.348 0.070 0.028 -0.406 
0.997 0.025 -0.036 -0.064 0.996 -0.077 -0.000 -0.037 0.058 -0.178 -0.969 0.108 0.211 -0.963 0.114 -0.040 -0.796 0.063 0.077 -0.875 -0.046 -0.117 -0.530 0.010 0.157 -0.521 0.242 -0.018 -0.339 0.071 0.036 -0.405 
0.997 0.026 -0.030 -0.067 0.996 -0.082 -0.007 -0.028 0.052 -0.175 -0.971 0.065 0.225 -0.969 0.107 -0.024 -0.782 0.043 0.087 -0.873 -0.048 -0.113 -0.531 0.005 0.152 -0.522 0.252 -0.016 -0.332 0.067 0.037 -0.406 
0.997 0.032 -0.030 -0.069 0.996 -0.087 -0.011 -0.012 0.020 -0.164 -0.972 0.091 0.216 -0.968 0.102 -0.029 -0.767 0.037 0.093 -0.884 -0.070 -0.108 -0.530 0.016 0.150 -0.523 0.261 -0.017 -0.325 0.064 0.040 -0.406 
0.994 0.025 -0.037 -0.103 0.996 -0.085 -0.011 0.015 0.014 -0.176 -0.965 0.075 0.211 -0.971 0.109 -0.047 -0.747 0.037 0.082 -0.888 -0.089 -0.110 -0.527 0.014 0.145 -0.524 0.270 -0.039 -0.316 0.067 0.027 -0.406 
0.995 0.040 -0.022 -0.088 0.995 -0.099 -0.017 0.026 -0.012 -0.157 -0.972 0.082 0.232 -0.968 0.120 -0.033 -0.698 0.040 0.099 -0.887 -0.093 -0.102 -0.527 0.035 0.139 -0.524 0.309 -0.039 -0.277 0.077 0.030 -0.404 
0.993 0.045 -0.020 -0.111 0.994 -0.100 -0.025 0.024 -0.020 -0.170 -0.970 0.044 0.235 -0.970 0.145 -0.043 -0.679 -0.000 0.109 -0.905 -0.096 -0.105 -0.526 0.013 0.145 -0.524 0.324 -0.044 -0.259 0.044 0.035 -0.409 
0.994 0.043 -0.016 -0.100 0.995 -0.095 -0.028 0.032 -0.033 -0.173 -0.975 0.071 0.223 -0.971 0.141 -0.056 -0.663 0.000 0.091 -0.901 -0.085 -0.106 -0.528 0.029 0.135 -0.526 0.331 -0.054 -0.248 0.041 0.032 -0.409 
0.993 0.050 -0.018 -0.106 0.994 -0.103 -0.029 0.035 -0.036 -0.165 -0.976 0.074 0.234 -0.969 0.159 -0.057 -0.655 -0.002 0.105 -0.902 -0.089 -0.100 -0.529 0.030 0.142 -0.524 0.337 -0.056 -0.239 0.034 0.038 -0.409 
0.990 0.050 -0.014 -0.127 0.993 -0.104 -0.036 0.042 -0.038 -0.175 -0.971 0.050 0.219 -0.973 0.147 -0.060 -0.641 -0.024 0.112 -0.905 -0.101 -0.105 -0.526 0.016 0.139 -0.525 0.346 -0.065 -0.224 0.030 0.039 -0.410 
0.991 0.039 -0.014 -0.131 0.993 -0.097 -0.046 0.047 -0.057 -0.178 -0.972 0.032 0.197 -0.977 0.131 -0.064 -0.625 -0.040 0.091 -0.906 -0.101 -0.107 -0.525 -0.000 0.135 -0.527 0.353 -0.077 -0.209 0.011 0.030 -0.411 
0.991 0.039 -0.014 -0.131 0.993 -0.098 -0.046 0.047 -0.057 -0.178 -0.972 0.032 0.196 -0.978 0.131 -0.065 -0.625 -0.040 0.091 -0.906 -0.101 -0.107 -0.525 -0.000 0.134 -0.527 0.353 -0.077 -0.209 0.011 0.030 -0.411 
0.991 0.039 -0.014 -0.131 0.993 -0.100 -0.047 0.045 -0.057 -0.173 -0.973 0.031 0.200 -0.977 0.131 -0.061 -0.625 -0.041 0.095 -0.906 -0.101 -0.105 -0.525 -0.001 0.136 -0.526 0.353 -0.075 -0.210 0.010 0.032 -0.411 
0.990 0.040 -0.012 -0.134 0.993 -0.104 -0.050 0.034 -0.034 -0.176 -0.972 0.044 0.198 -0.975 0.152 -0.058 -0.642 -0.049 0.106 -0.898 -0.095 -0.105 -0.527 0.003 0.144 -0.524 0.352 -0.062 -0.214 0.007 0.040 -0.411 
0.989 0.028 -0.019 -0.145 0.993 -0.100 -0.041 0.049 -0.034 -0.175 -0.975 0.071 0.188 -0.975 0.183 -0.081 -0.673 -0.035 0.103 -0.894 -0.084 -0.101 -0.529 0.016 0.140 -0.525 0.344 -0.076 -0.223 0.020 0.036 -0.410 
0.991 0.037 -0.014 -0.128 0.993 -0.106 -0.046 0.037 -0.046 -0.163 -0.974 0.078 0.195 -0.974 0.196 -0.070 -0.693 -0.048 0.114 -0.896 -0.099 -0.098 -0.527 0.019 0.143 -0.524 0.337 -0.063 -0.238 0.022 0.040 -0.410 
0.993 0.047 -0.017 -0.105 0.992 -0.113 -0.045 0.019 -0.030 -0.144 -0.981 0.093 0.219 -0.969 0.222 -0.060 -0.732 -0.047 0.137 -0.896 -0.080 -0.087 -0.532 0.031 0.146 -0.523 0.314 -0.040 -0.272 0.029 0.049 -0.409 
0.994 0.039 -0.021 -0.104 0.993 -0.106 -0.042 0.010 -0.011 -0.157 -0.978 0.085 0.206 -0.970 0.234 -0.073 -0.736 -0.048 0.125 -0.899 -0.073 -0.096 -0.532 0.018 0.150 -0.522 0.315 -0.042 -0.271 0.030 0.043 -0.409 
0.994 0.039 -0.021 -0.104 0.993 -0.108 -0.042 0.009 -0.011 -0.153 -0.979 0.085 0.209 -0.969 0.234 -0.069 -0.736 -0.048 0.128 -0.899 -0.072 -0.094 -0.532 0.017 0.152 -0.522 0.315 -0.040 -0.271 0.030 0.045 -0.409 
0.994 0.038 -0.020 -0.099 0.993 -0.105 -0.043 -0.021 0.032 -0.179 -0.979 0.080 0.214 -0.971 0.244 -0.064 -0.748 -0.052 0.122 -0.894 -0.025 -0.105 -0.534 0.019 0.146 -0.524 0.307 -0.026 -0.281 0.034 0.044 -0.409 
0.994 0.039 -0.020 -0.099 0.993 -0.104 -0.043 -0.021 0.029 -0.180 -0.979 0.080 0.212 -0.971 0.244 -0.067 -0.748 -0.052 0.120 -0.895 -0.026 -0.106 -0.534 0.019 0.145 -0.524 0.307 -0.027 -0.281 0.033 0.043 -0.409 
0.995 0.047 -0.028 -0.081 0.992 -0.107 -0.044 -0.048 0.030 -0.164 -0.982 0.067 0.231 -0.964 0.250 -0.049 -0.754 -0.069 0.130 -0.891 -0.023 -0.097 -0.536 -0.001 0.167 -0.518 0.298 -0.008 -0.292 0.028 0.051 -0.409 
0.992 0.031 -0.035 -0.117 0.994 -0.101 -0.045 -0.024 0.021 -0.154 -0.983 0.081 0.251 -0.956 0.245 -0.086 -0.767 -0.070 0.131 -0.876 -0.036 -0.088 -0.537 0.003 0.184 -0.512 0.285 -0.046 -0.301 0.018 0.051 -0.409 
0.992 0.024 -0.042 -0.117 0.993 -0.100 -0.044 -0.032 0.023 -0.147 -0.985 0.082 0.252 -0.952 0.250 -0.088 -0.782 -0.081 0.135 -0.867 -0.030 -0.084 -0.538 -0.008 0.194 -0.508 0.281 -0.044 -0.305 0.018 0.053 -0.409 
0.992 0.016 -0.028 -0.124 0.993 -0.093 -0.062 -0.027 -0.016 -0.141 -0.986 0.074 0.252 -0.949 0.236 -0.108 -0.830 -0.122 0.140 -0.864 -0.050 -0.079 -0.537 -0.019 0.200 -0.505 0.239 -0.057 -0.337 -0.007 0.062 -0.408 
0.994 0.005 -0.040 -0.103 0.994 -0.088 -0.058 -0.042 -0.007 -0.153 -0.987 0.092 0.238 -0.949 0.240 -0.115 -0.841 -0.126 0.133 -0.851 -0.023 -0.085 -0.538 -0.022 0.187 -0.510 0.218 -0.060 -0.350 -0.015 0.059 -0.408 
0.994 -0.009 -0.032 -0.103 0.995 -0.080 -0.056 -0.037 0.008 -0.169 -0.984 0.102 0.224 -0.948 0.234 -0.128 -0.870 -0.128 0.134 -0.851 -0.021 -0.095 -0.536 -0.025 0.183 -0.512 0.188 -0.066 -0.366 -0.015 0.063 -0.408 
0.994 -0.014 -0.034 -0.103 0.995 -0.080 -0.053 -0.028 0.017 -0.178 -0.979 0.108 0.223 -0.948 0.217 -0.127 -0.881 -0.117 0.154 -0.857 -0.037 -0.100 -0.534 -0.023 0.180 -0.513 0.173 -0.070 -0.373 -0.020 0.073 -0.406 
0.996 -0.001 -0.030 -0.087 0.994 -0.085 -0.057 -0.034 -0.007 -0.153 -0.986 0.107 0.233 -0.949 0.186 -0.106 -0.894 -0.144 0.178 -0.858 -0.036 -0.087 -0.537 -0.018 0.181 -0.513 0.156 -0.055 -0.383 -0.032 0.090 -0.402 
0.996 0.002 -0.026 -0.083 0.995 -0.069 -0.056 -0.051 -0.002 -0.184 -0.982 0.069 0.240 -0.953 0.179 -0.110 -0.892 -0.158 0.164 -0.857 -0.015 -0.102 -0.535 -0.035 0.178 -0.513 0.142 -0.058 -0.388 -0.052 0.085 -0.400 
0.996 0.003 -0.038 -0.077 0.996 -0.063 -0.050 -0.049 0.015 -0.209 -0.976 0.092 0.233 -0.948 0.178 -0.115 -0.889 -0.167 0.165 -0.856 -0.020 -0.118 -0.532 -0.035 0.178 -0.513 0.134 -0.061 -0.390 -0.050 0.079 -0.402 
0.998 0.003 -0.032 -0.059 0.996 -0.056 -0.044 -0.046 0.011 -0.215 -0.975 0.105 0.242 -0.948 0.163 -0.115 -0.892 -0.175 0.173 -0.859 -0.017 -0.121 -0.531 -0.022 0.173 -0.515 0.120 -0.067 -0.394 -0.050 0.087 -0.400 
0.998 0.003 -0.034 -0.050 0.997 -0.051 -0.037 -0.038 0.009 -0.199 -0.978 0.108 0.239 -0.954 0.148 -0.113 -0.891 -0.180 0.188 -0.860 -0.025 -0.114 -0.532 -0.008 0.164 -0.519 0.108 -0.066 -0.397 -0.040 0.094 -0.400 
0.997 0.000 -0.032 -0.075 0.997 -0.041 -0.036 -0.046 0.050 -0.190 -0.980 0.067 0.211 -0.964 0.172 -0.104 -0.897 -0.191 0.179 -0.848 0.034 -0.103 -0.534 -0.029 0.150 -0.522 0.112 -0.059 -0.397 -0.041 0.088 -0.401 
0.997 -0.002 -0.031 -0.068 0.998 -0.038 -0.026 -0.038 0.043 -0.194 -0.980 0.091 0.217 -0.957 0.189 -0.098 -0.893 -0.157 0.184 -0.850 0.016 -0.107 -0.534 -0.025 0.158 -0.520 0.117 -0.057 -0.396 -0.029 0.088 -0.402 
0.998 -0.004 -0.027 -0.058 0.999 -0.031 -0.021 -0.037 0.054 -0.204 -0.977 0.096 0.201 -0.963 0.202 -0.100 -0.889 -0.145 0.184 -0.851 0.039 -0.109 -0.533 -0.016 0.145 -0.524 0.135 -0.058 -0.390 -0.019 0.085 -0.403 
0.997 -0.003 -0.018 -0.069 0.999 -0.032 -0.013 -0.018 0.058 -0.208 -0.976 0.094 0.204 -0.963 0.206 -0.091 -0.891 -0.122 0.205 -0.860 0.013 -0.117 -0.532 -0.011 0.149 -0.523 0.132 -0.062 -0.391 -0.005 0.087 -0.403 
0.997 -0.006 -0.018 -0.075 0.999 -0.029 -0.004 -0.017 0.094 -0.219 -0.970 0.103 0.208 -0.957 0.227 -0.095 -0.884 -0.116 0.208 -0.866 0.031 -0.124 -0.530 -0.018 0.159 -0.520 0.144 -0.063 -0.386 0.004 0.086 -0.404 
0.998 -0.002 -0.005 -0.055 0.999 -0.028 -0.008 -0.020 0.067 -0.234 -0.970 0.094 0.204 -0.962 0.230 -0.090 -0.884 -0.120 0.204 -0.865 0.038 -0.127 -0.529 -0.015 0.148 -0.523 0.142 -0.060 -0.387 0.000 0.087 -0.403 
0.998 -0.002 -0.005 -0.062 1.000 -0.025 -0.002 -0.013 0.079 -0.226 -0.970 0.094 0.209 -0.960 0.240 -0.099 -0.881 -0.107 0.205 -0.871 0.025 -0.128 -0.529 -0.017 0.155 -0.521 0.146 -0.067 -0.385 0.004 0.086 -0.403 
0.998 -0.001 0.002 -0.056 0.999 -0.025 -0.000 -0.020 0.079 -0.216 -0.973 0.078 0.212 -0.960 0.246 -0.092 -0.880 -0.112 0.207 -0.872 0.035 -0.120 -0.531 -0.029 0.157 -0.520 0.156 -0.063 -0.382 0.005 0.089 -0.403 
0.998 -0.001 0.001 -0.056 0.999 -0.025 0.000 -0.020 0.082 -0.214 -0.973 0.081 0.212 -0.960 0.246 -0.092 -0.880 -0.108 0.206 -0.873 0.036 -0.120 -0.531 -0.027 0.158 -0.520 0.156 -0.063 -0.381 0.007 0.089 -0.403 
0.998 -0.001 0.001 -0.056 1.000 -0.022 0.000 -0.018 0.082 -0.220 -0.972 0.082 0.207 -0.961 0.246 -0.097 -0.880 -0.107 0.202 -0.874 0.036 -0.123 -0.530 -0.026 0.155 -0.521 0.156 -0.066 -0.381 0.007 0.087 -0.403 
0.999 -0.001 0.003 -0.054 1.000 -0.022 0.001 -0.017 0.073 -0.219 -0.973 0.077 0.207 -0.961 0.246 -0.097 -0.880 -0.108 0.201 -0.873 0.032 -0.122 -0.530 -0.029 0.155 -0.521 0.157 -0.065 -0.381 0.008 0.087 -0.403 
0.998 -0.003 0.006 -0.060 1.000 -0.022 -0.006 -0.018 0.060 -0.225 -0.972 0.043 0.213 -0.962 0.228 -0.098 -0.888 -0.113 0.196 -0.868 0.020 -0.126 -0.530 -0.047 0.159 -0.518 0.145 -0.066 -0.385 -0.003 0.087 -0.403 
0.998 -0.001 -0.001 -0.057 1.000 -0.023 -0.000 -0.014 0.069 -0.227 -0.971 0.064 0.216 -0.962 0.235 -0.099 -0.883 -0.112 0.201 -0.872 0.031 -0.126 -0.530 -0.031 0.156 -0.520 0.147 -0.066 -0.385 0.004 0.087 -0.403 
0.998 -0.001 -0.001 -0.057 1.000 -0.021 -0.001 -0.013 0.068 -0.230 -0.971 0.064 0.213 -0.963 0.234 -0.102 -0.883 -0.112 0.198 -0.872 0.030 -0.127 -0.529 -0.031 0.154 -0.520 0.146 -0.068 -0.385 0.004 0.086 -0.404 
0.998 -0.001 -0.002 -0.058 1.000 -0.023 0.000 -0.014 0.071 -0.226 -0.971 0.071 0.216 -0.962 0.237 -0.099 -0.882 -0.111 0.201 -0.872 0.031 -0.125 -0.530 -0.027 0.156 -0.520 0.147 -0.066 -0.384 0.005 0.087 -0.403 
0.998 -0.001 -0.000 -0.057 0.999 -0.024 -0.006 -0.022 0.076 -0.224 -0.971 0.060 0.211 -0.960 0.226 -0.092 -0.882 -0.135 0.198 -0.869 0.026 -0.127 -0.530 -0.042 0.158 -0.519 0.152 -0.061 -0.384 0.000 0.086 -0.404 
0.997 -0.003 0.001 -0.073 1.000 -0.020 -0.009 -0.005 0.067 -0.236 -0.969 0.057 0.201 -0.967 0.213 -0.106 -0.886 -0.132 0.191 -0.869 0.020 -0.133 -0.528 -0.030 0.148 -0.522 0.138 -0.069 -0.387 -0.003 0.080 -0.405 
0.998 0.001 -0.000 -0.058 1.000 -0.022 -0.004 -0.019 0.068 -0.232 -0.970 0.054 0.207 -0.966 0.230 -0.097 -0.880 -0.133 0.194 -0.868 0.035 -0.127 -0.529 -0.032 0.150 -0.522 0.153 -0.064 -0.383 0.001 0.083 -0.404 
0.998 -0.001 -0.002 -0.068 1.000 -0.024 -0.006 -0.016 0.080 -0.226 -0.971 0.061 0.209 -0.963 0.227 -0.095 -0.880 -0.130 0.196 -0.866 0.040 -0.124 -0.529 -0.034 0.154 -0.520 0.148 -0.063 -0.385 -0.002 0.087 -0.403 
0.998 -0.001 -0.002 -0.069 1.000 -0.022 -0.005 -0.015 0.079 -0.230 -0.970 0.063 0.205 -0.964 0.228 -0.099 -0.879 -0.130 0.193 -0.867 0.039 -0.126 -0.529 -0.033 0.152 -0.521 0.149 -0.065 -0.384 -0.002 0.086 -0.404 
0.997 -0.000 -0.003 -0.071 1.000 -0.024 -0.008 -0.017 0.078 -0.230 -0.970 0.057 0.212 -0.966 0.220 -0.095 -0.881 -0.136 0.195 -0.862 0.036 -0.127 -0.529 -0.028 0.152 -0.521 0.148 -0.063 -0.385 -0.003 0.085 -0.404 
0.998 -0.005 0.002 -0.065 0.999 -0.025 -0.011 -0.017 0.077 -0.234 -0.969 0.054 0.208 -0.962 0.215 -0.092 -0.885 -0.141 0.197 -0.862 0.035 -0.130 -0.528 -0.044 0.155 -0.519 0.143 -0.061 -0.387 -0.004 0.088 -0.403 
0.998 0.002 -0.005 -0.060 0.999 -0.031 -0.012 -0.028 0.090 -0.219 -0.971 0.034 0.218 -0.963 0.219 -0.078 -0.883 -0.157 0.203 -0.855 0.039 -0.122 -0.530 -0.048 0.158 -0.518 0.145 -0.053 -0.387 0.001 0.091 -0.403 
0.999 0.008 -0.014 -0.049 0.999 -0.039 -0.017 -0.018 0.068 -0.209 -0.975 0.035 0.223 -0.966 0.212 -0.075 -0.883 -0.154 0.215 -0.841 0.024 -0.117 -0.532 -0.035 0.152 -0.521 0.138 -0.056 -0.390 0.003 0.089 -0.403 
0.998 0.001 -0.019 -0.057 0.999 -0.033 -0.013 -0.026 0.089 -0.224 -0.970 0.058 0.226 -0.957 0.232 -0.096 -0.875 -0.142 0.196 -0.844 0.048 -0.122 -0.529 -0.044 0.163 -0.517 0.147 -0.064 -0.385 0.011 0.081 -0.405 
0.998 -0.007 -0.018 -0.053 0.999 -0.039 -0.031 -0.018 0.066 -0.239 -0.969 0.040 0.270 -0.949 0.207 -0.108 -0.887 -0.144 0.185 -0.833 0.031 -0.131 -0.528 -0.050 0.182 -0.510 0.121 -0.075 -0.392 0.002 0.072 -0.406 
0.999 -0.001 -0.005 -0.046 0.998 -0.046 -0.046 -0.005 0.019 -0.237 -0.971 0.094 0.296 -0.937 0.199 -0.134 -0.887 -0.148 0.157 -0.825 0.007 -0.130 -0.529 -0.022 0.196 -0.507 0.112 -0.088 -0.392 0.007 0.063 -0.408 
0.998 -0.017 0.004 -0.059 0.997 -0.053 -0.051 0.025 -0.017 -0.266 -0.962 0.085 0.314 -0.934 0.199 -0.151 -0.898 -0.117 0.161 -0.826 -0.038 -0.152 -0.522 -0.017 0.208 -0.502 0.115 -0.097 -0.389 0.017 0.062 -0.407 
0.998 -0.017 0.012 -0.060 0.997 -0.056 -0.056 0.023 -0.044 -0.271 -0.961 0.079 0.324 -0.929 0.211 -0.149 -0.895 -0.120 0.158 -0.827 -0.034 -0.151 -0.523 -0.025 0.217 -0.498 0.125 -0.094 -0.387 0.015 0.064 -0.407 
0.994 -0.022 0.003 -0.110 0.994 -0.073 -0.067 0.038 -0.046 -0.247 -0.968 0.183 0.312 -0.910 0.232 -0.168 -0.876 -0.113 0.172 -0.840 -0.025 -0.135 -0.528 0.021 0.231 -0.492 0.152 -0.097 -0.376 0.019 0.074 -0.405 
0.995 -0.013 0.011 -0.103 0.993 -0.086 -0.067 0.048 -0.065 -0.206 -0.976 0.185 0.305 -0.912 0.235 -0.165 -0.873 -0.086 0.173 -0.847 -0.051 -0.115 -0.531 0.025 0.230 -0.492 0.180 -0.097 -0.363 0.021 0.079 -0.404 
0.995 -0.000 0.013 -0.101 0.988 -0.111 -0.070 0.082 -0.204 -0.181 -0.961 0.237 0.300 -0.919 0.196 -0.152 -0.832 -0.071 0.214 -0.859 -0.082 -0.092 -0.531 0.099 0.195 -0.497 0.235 -0.087 -0.334 0.033 0.095 -0.400 
0.993 0.021 0.013 -0.113 0.987 -0.118 -0.072 0.079 -0.142 -0.208 -0.966 0.221 0.295 -0.926 0.204 -0.154 -0.803 -0.078 0.205 -0.870 -0.110 -0.118 -0.521 0.099 0.190 -0.499 0.259 -0.089 -0.315 0.027 0.086 -0.402 
0.993 0.040 0.020 -0.108 0.989 -0.116 -0.080 0.048 -0.183 -0.215 -0.959 0.167 0.306 -0.931 0.207 -0.131 -0.745 -0.093 0.184 -0.882 -0.107 -0.119 -0.521 0.062 0.209 -0.498 0.312 -0.075 -0.266 -0.002 0.086 -0.403 
0.993 0.062 0.018 -0.098 0.990 -0.117 -0.072 0.019 -0.139 -0.246 -0.957 0.140 0.292 -0.940 0.244 -0.110 -0.694 -0.079 0.171 -0.897 -0.104 -0.141 -0.516 0.047 0.203 -0.502 0.343 -0.070 -0.227 -0.017 0.080 -0.405 
0.995 0.060 0.013 -0.080 0.991 -0.113 -0.065 -0.002 -0.130 -0.260 -0.956 0.140 0.290 -0.943 0.274 -0.102 -0.664 -0.060 0.165 -0.898 -0.079 -0.144 -0.520 0.051 0.191 -0.507 0.353 -0.058 -0.215 -0.014 0.074 -0.406 
0.993 0.029 0.024 -0.114 0.994 -0.093 -0.058 0.015 -0.148 -0.282 -0.948 0.137 0.213 -0.959 0.391 -0.103 -0.689 -0.019 0.121 -0.897 -0.079 -0.153 -0.517 0.039 0.166 -0.516 0.350 -0.086 -0.209 0.011 0.049 -0.410 
0.991 0.025 0.030 -0.128 0.993 -0.090 -0.061 0.050 -0.213 -0.262 -0.941 0.134 0.168 -0.972 0.447 -0.122 -0.676 -0.005 0.112 -0.888 -0.098 -0.137 -0.519 0.047 0.129 -0.526 0.348 -0.099 -0.208 -0.001 0.047 -0.410 
0.989 0.023 0.029 -0.146 0.991 -0.093 -0.062 0.067 -0.226 -0.242 -0.943 0.128 0.170 -0.972 0.461 -0.122 -0.678 -0.004 0.121 -0.889 -0.106 -0.128 -0.520 0.042 0.135 -0.525 0.349 -0.094 -0.208 -0.006 0.053 -0.409 
0.986 0.022 0.037 -0.160 0.990 -0.098 -0.061 0.083 -0.223 -0.227 -0.948 0.113 0.173 -0.973 0.464 -0.122 -0.704 0.006 0.124 -0.891 -0.129 -0.125 -0.515 0.037 0.137 -0.525 0.328 -0.100 -0.237 -0.000 0.054 -0.409 
0.988 0.032 0.054 -0.143 0.987 -0.114 -0.070 0.086 -0.226 -0.187 -0.956 0.094 0.212 -0.969 0.466 -0.042 -0.761 -0.008 0.180 -0.895 -0.110 -0.100 -0.525 0.030 0.149 -0.522 0.280 -0.041 -0.307 0.008 0.080 -0.405 
0.995 0.026 -0.018 -0.096 0.993 -0.106 -0.027 0.047 -0.099 -0.172 -0.977 0.143 0.203 -0.967 0.107 -0.036 -0.706 0.061 0.158 -0.880 -0.095 -0.102 -0.527 0.062 0.131 -0.524 0.311 -0.026 -0.276 0.046 0.074 -0.403 
0.994 0.021 -0.016 -0.110 0.993 -0.102 -0.022 0.062 -0.101 -0.165 -0.974 0.125 0.207 -0.970 0.075 -0.030 -0.709 0.061 0.155 -0.888 -0.114 -0.098 -0.524 0.060 0.124 -0.526 0.304 -0.040 -0.283 0.059 0.073 -0.402 
0.993 0.013 -0.012 -0.116 0.995 -0.090 -0.020 0.046 -0.048 -0.167 -0.978 0.104 0.216 -0.969 0.055 -0.025 -0.767 0.062 0.126 -0.878 -0.085 -0.099 -0.530 0.040 0.138 -0.524 0.262 -0.047 -0.321 0.062 0.059 -0.404 
0.997 0.005 -0.024 -0.079 0.997 -0.072 -0.017 -0.005 0.007 -0.170 -0.981 0.072 0.221 -0.969 0.049 -0.032 -0.806 0.054 0.107 -0.877 -0.043 -0.101 -0.534 0.008 0.147 -0.523 0.228 -0.038 -0.347 0.047 0.060 -0.405 
0.998 -0.003 -0.009 -0.066 0.997 -0.068 -0.024 -0.002 -0.017 -0.158 -0.983 0.060 0.234 -0.969 0.022 -0.028 -0.860 0.052 0.096 -0.879 -0.055 -0.095 -0.534 0.009 0.144 -0.524 0.159 -0.038 -0.384 0.049 0.058 -0.406 
0.999 -0.018 -0.026 -0.018 0.998 -0.058 -0.010 -0.028 0.009 -0.156 -0.983 0.090 0.244 -0.953 0.047 -0.053 -0.899 0.059 0.097 -0.880 -0.042 -0.099 -0.534 -0.020 0.167 -0.517 0.116 -0.042 -0.398 0.061 0.062 -0.403 
0.999 -0.002 -0.028 0.026 0.997 -0.056 -0.005 -0.054 0.054 -0.123 -0.985 0.092 0.271 -0.947 0.039 -0.045 -0.915 0.051 0.111 -0.883 -0.021 -0.088 -0.537 -0.021 0.174 -0.515 0.070 -0.036 -0.410 0.068 0.065 -0.402 
0.999 -0.002 -0.031 0.013 0.997 -0.058 0.001 -0.043 0.097 -0.105 -0.970 0.105 0.292 -0.934 0.035 -0.030 -0.915 0.067 0.133 -0.881 -0.038 -0.088 -0.537 -0.028 0.191 -0.509 0.034 -0.025 -0.415 0.077 0.068 -0.400 
0.999 0.005 -0.022 0.027 0.997 -0.056 -0.003 -0.047 0.044 -0.112 -0.980 0.111 0.296 -0.935 0.017 -0.031 -0.919 0.060 0.127 -0.884 -0.049 -0.090 -0.535 -0.016 0.187 -0.511 0.022 -0.025 -0.416 0.068 0.068 -0.401 
0.999 0.001 -0.019 0.034 0.996 -0.044 -0.001 -0.081 0.071 -0.147 -0.983 0.056 0.329 -0.928 0.032 -0.031 -0.906 0.054 0.122 -0.878 0.006 -0.094 -0.537 -0.053 0.200 -0.504 0.011 -0.023 -0.416 0.056 0.073 -0.402 
0.999 0.000 -0.002 0.033 0.997 -0.036 -0.006 -0.070 0.029 -0.167 -0.982 0.040 0.329 -0.931 0.011 -0.041 -0.912 0.048 0.113 -0.887 -0.020 -0.107 -0.534 -0.053 0.198 -0.504 -0.001 -0.030 -0.416 0.046 0.073 -0.404 
1.000 -0.006 -0.003 0.028 0.998 -0.032 -0.005 -0.054 0.015 -0.163 -0.982 0.067 0.326 -0.932 0.013 -0.044 -0.911 0.054 0.111 -0.888 -0.034 -0.106 -0.533 -0.034 0.196 -0.506 -0.008 -0.027 -0.416 0.051 0.073 -0.403 
0.999 0.002 -0.002 0.037 0.997 -0.029 -0.002 -0.065 0.015 -0.157 -0.985 0.079 0.299 -0.942 0.028 -0.038 -0.911 0.053 0.114 -0.890 -0.019 -0.098 -0.536 -0.025 0.180 -0.513 0.001 -0.027 -0.416 0.049 0.072 -0.404 
1.000 -0.002 -0.007 0.021 0.997 -0.014 0.004 -0.081 0.056 -0.174 -0.980 0.062 0.254 -0.952 0.039 -0.063 -0.909 0.054 0.089 -0.891 -0.000 -0.109 -0.534 -0.044 0.158 -0.519 0.010 -0.041 -0.415 0.049 0.057 -0.406 
1.000 -0.001 -0.011 0.025 0.996 -0.012 0.007 -0.083 0.055 -0.165 -0.982 0.077 0.224 -0.961 0.050 -0.063 -0.910 0.059 0.090 -0.888 -0.003 -0.104 -0.535 -0.028 0.140 -0.525 0.018 -0.040 -0.415 0.044 0.057 -0.407 
1.000 0.007 -0.018 0.019 0.997 -0.008 0.010 -0.082 0.059 -0.164 -0.981 0.089 0.226 -0.963 0.051 -0.066 -0.906 0.060 0.086 -0.888 -0.003 -0.104 -0.535 -0.012 0.140 -0.526 0.023 -0.041 -0.414 0.048 0.049 -0.407 
0.999 0.007 -0.018 0.029 0.995 -0.006 0.013 -0.103 0.056 -0.174 -0.981 0.076 0.215 -0.961 0.057 -0.072 -0.904 0.052 0.084 -0.890 0.005 -0.106 -0.534 -0.037 0.135 -0.526 0.030 -0.045 -0.413 0.044 0.046 -0.408 
1.000 0.005 -0.022 0.015 0.995 -0.003 0.012 -0.102 0.074 -0.177 -0.980 0.081 0.211 -0.963 0.057 -0.072 -0.903 0.052 0.083 -0.882 0.021 -0.105 -0.534 -0.031 0.133 -0.527 0.026 -0.045 -0.414 0.043 0.044 -0.408 
1.000 0.004 -0.022 0.012 0.995 -0.002 0.012 -0.100 0.074 -0.177 -0.979 0.085 0.207 -0.966 0.047 -0.072 -0.904 0.051 0.080 -0.882 0.017 -0.106 -0.534 -0.021 0.130 -0.528 0.023 -0.046 -0.414 0.044 0.041 -0.408 
0.999 0.009 -0.030 0.021 0.994 -0.003 0.012 -0.109 0.055 -0.174 -0.982 0.085 0.215 -0.964 0.036 -0.073 -0.899 0.023 0.084 -0.886 0.012 -0.102 -0.535 -0.019 0.131 -0.528 0.014 -0.045 -0.414 0.031 0.044 -0.409 
0.999 0.009 -0.029 0.019 0.994 -0.003 0.015 -0.109 0.063 -0.174 -0.981 0.097 0.216 -0.963 0.035 -0.071 -0.901 0.024 0.083 -0.886 0.016 -0.102 -0.535 -0.014 0.132 -0.528 0.016 -0.044 -0.414 0.033 0.043 -0.409 
1.000 0.010 -0.024 0.014 0.995 -0.004 0.010 -0.102 0.050 -0.175 -0.980 0.103 0.222 -0.959 0.021 -0.064 -0.899 0.022 0.083 -0.888 -0.008 -0.109 -0.534 -0.017 0.138 -0.526 0.003 -0.044 -0.414 0.030 0.043 -0.409 
1.000 0.010 -0.027 0.010 0.994 -0.005 0.013 -0.106 0.064 -0.185 -0.977 0.087 0.222 -0.962 0.018 -0.064 -0.901 0.008 0.084 -0.888 0.002 -0.113 -0.533 -0.021 0.137 -0.526 -0.000 -0.047 -0.414 0.028 0.043 -0.410 
0.999 0.005 -0.039 0.002 0.994 -0.002 0.014 -0.108 0.101 -0.192 -0.974 0.113 0.219 -0.960 0.008 -0.076 -0.892 0.003 0.076 -0.878 0.029 -0.113 -0.532 -0.005 0.135 -0.527 -0.005 -0.048 -0.414 0.030 0.037 -0.410 
0.999 0.006 -0.037 0.027 0.995 -0.005 0.014 -0.103 0.071 -0.193 -0.975 0.122 0.222 -0.959 -0.011 -0.070 -0.897 -0.009 0.078 -0.879 0.006 -0.118 -0.532 0.003 0.133 -0.528 -0.011 -0.047 -0.414 0.024 0.040 -0.410 
0.999 0.005 -0.039 0.023 0.993 -0.009 0.018 -0.114 0.097 -0.190 -0.974 0.105 0.226 -0.955 -0.024 -0.070 -0.894 -0.026 0.083 -0.882 0.021 -0.116 -0.532 -0.025 0.138 -0.526 -0.012 -0.048 -0.414 0.020 0.045 -0.410 
0.999 0.007 -0.041 0.021 0.995 -0.009 0.016 -0.101 0.093 -0.209 -0.970 0.108 0.228 -0.955 -0.043 -0.072 -0.889 -0.040 0.075 -0.878 0.016 -0.126 -0.530 -0.020 0.138 -0.526 -0.022 -0.049 -0.413 0.015 0.044 -0.410 
0.998 0.002 -0.055 0.029 0.994 -0.011 0.031 -0.101 0.127 -0.215 -0.962 0.136 0.229 -0.949 -0.037 -0.088 -0.885 -0.034 0.072 -0.871 0.023 -0.135 -0.527 -0.011 0.138 -0.526 -0.013 -0.049 -0.414 0.023 0.037 -0.410 
0.998 0.010 -0.052 0.040 0.994 -0.015 0.026 -0.102 0.093 -0.216 -0.970 0.119 0.221 -0.957 -0.042 -0.100 -0.883 -0.046 0.059 -0.868 0.029 -0.128 -0.529 -0.008 0.130 -0.528 -0.004 -0.059 -0.413 0.016 0.031 -0.411 
0.998 0.020 -0.057 0.014 0.993 -0.025 0.041 -0.106 0.119 -0.172 -0.977 0.118 0.200 -0.959 -0.012 -0.065 -0.870 -0.045 0.064 -0.864 0.048 -0.101 -0.533 -0.016 0.133 -0.527 0.105 -0.026 -0.403 0.025 0.039 -0.410 
0.998 0.014 -0.036 -0.041 0.998 -0.040 0.034 -0.040 0.031 -0.155 -0.985 0.199 0.229 -0.944 0.039 -0.003 -0.848 -0.074 0.093 -0.868 -0.016 -0.095 -0.537 0.052 0.161 -0.517 0.183 -0.022 -0.374 0.024 0.055 -0.408 
0.998 0.018 -0.046 -0.037 0.997 -0.048 0.042 -0.044 0.027 -0.137 -0.987 0.233 0.238 -0.929 0.097 0.016 -0.827 -0.081 0.113 -0.865 -0.025 -0.086 -0.538 0.061 0.174 -0.512 0.214 -0.014 -0.357 0.017 0.065 -0.407 
0.998 0.015 -0.039 -0.055 0.997 -0.055 0.048 -0.028 -0.011 -0.126 -0.992 0.289 0.250 -0.917 0.253 0.055 -0.792 -0.109 0.142 -0.853 -0.005 -0.068 -0.541 0.110 0.171 -0.504 0.244 -0.004 -0.339 0.012 0.078 -0.405 
0.997 0.018 -0.023 -0.077 0.997 -0.056 0.047 -0.016 -0.031 -0.122 -0.992 0.311 0.230 -0.909 0.323 0.044 -0.807 -0.134 0.148 -0.858 -0.025 -0.068 -0.540 0.111 0.177 -0.502 0.237 -0.005 -0.343 0.002 0.080 -0.405 
0.996 0.024 -0.005 -0.084 0.998 -0.050 0.033 0.011 -0.142 -0.159 -0.976 0.345 0.172 -0.904 0.443 0.025 -0.788 -0.277 0.171 -0.833 -0.054 -0.082 -0.536 0.117 0.150 -0.509 0.171 0.009 -0.380 -0.048 0.095 -0.399 
0.997 0.028 -0.012 -0.070 0.998 -0.047 0.027 -0.010 -0.144 -0.173 -0.972 0.311 0.179 -0.914 0.381 0.059 -0.815 -0.331 0.163 -0.819 -0.047 -0.087 -0.536 0.093 0.151 -0.514 0.167 0.018 -0.382 -0.065 0.096 -0.396 
0.997 0.060 -0.032 -0.038 0.998 -0.047 0.045 -0.016 -0.068 -0.164 -0.984 0.312 0.158 -0.918 0.265 0.119 -0.830 -0.322 0.197 -0.829 -0.038 -0.090 -0.536 0.096 0.137 -0.517 0.177 0.038 -0.376 -0.027 0.110 -0.397 
0.999 0.034 0.004 -0.024 0.998 -0.034 0.026 -0.035 0.002 -0.191 -0.981 0.256 0.140 -0.935 0.286 0.107 -0.851 -0.249 0.134 -0.814 -0.006 -0.108 -0.534 0.056 0.129 -0.525 0.129 0.023 -0.396 0.078 0.074 -0.398 
0.999 0.012 -0.005 0.032 0.997 -0.019 0.039 -0.058 0.134 -0.207 -0.965 0.266 0.134 -0.934 0.249 0.060 -0.866 -0.042 0.058 -0.822 0.042 -0.138 -0.526 0.055 0.106 -0.531 0.110 -0.001 -0.402 0.163 0.027 -0.378 
0.996 0.006 0.000 0.090 0.994 -0.020 0.040 -0.098 0.269 -0.165 -0.933 0.226 0.180 -0.934 0.183 0.107 -0.871 0.197 0.083 -0.812 0.089 -0.153 -0.515 0.022 0.119 -0.530 0.096 0.016 -0.406 0.219 0.051 -0.346 
0.991 0.014 0.015 0.133 0.990 -0.032 0.037 -0.133 0.381 -0.070 -0.902 0.210 0.205 -0.922 0.139 0.132 -0.880 0.323 0.085 -0.808 0.154 -0.114 -0.510 -0.010 0.126 -0.530 0.076 0.038 -0.408 0.224 0.062 -0.341 
0.990 0.010 0.010 0.139 0.992 -0.032 0.046 -0.116 0.505 -0.043 -0.830 0.200 0.198 -0.924 0.069 0.136 -0.889 0.397 0.083 -0.785 0.212 -0.114 -0.488 -0.018 0.121 -0.530 0.064 0.038 -0.411 0.224 0.051 -0.343 
0.990 0.005 0.023 0.136 0.995 -0.030 0.047 -0.087 0.578 -0.031 -0.766 0.244 0.192 -0.911 0.116 0.130 -0.894 0.427 0.043 -0.787 0.247 -0.126 -0.469 0.002 0.119 -0.531 0.047 0.032 -0.413 0.226 0.025 -0.345 
0.987 0.006 0.044 0.154 0.994 -0.043 0.041 -0.097 0.619 0.018 -0.736 0.236 0.224 -0.901 0.158 0.123 -0.887 0.444 0.039 -0.788 0.279 -0.099 -0.458 -0.010 0.126 -0.529 0.021 0.032 -0.415 0.217 0.020 -0.350 
0.983 0.010 0.070 0.171 0.994 -0.047 0.044 -0.094 0.645 0.041 -0.713 0.266 0.202 -0.909 0.210 0.110 -0.886 0.493 0.006 -0.765 0.305 -0.093 -0.442 0.026 0.114 -0.531 0.073 0.020 -0.410 0.207 0.002 -0.357 
0.984 0.011 0.077 0.163 0.993 -0.044 0.079 -0.075 0.725 0.025 -0.651 0.348 0.148 -0.905 0.289 0.079 -0.855 0.544 0.030 -0.701 0.364 -0.086 -0.397 0.097 0.085 -0.528 0.170 -0.007 -0.381 0.184 -0.007 -0.369 
0.986 0.007 0.095 0.138 0.994 -0.036 0.088 -0.049 0.719 0.013 -0.665 0.374 0.103 -0.905 0.332 0.045 -0.841 0.554 0.075 -0.705 0.369 -0.088 -0.391 0.124 0.070 -0.525 0.206 -0.024 -0.362 0.201 0.016 -0.360 
0.989 0.020 0.103 0.104 0.993 -0.032 0.113 0.013 0.722 -0.044 -0.659 0.506 0.087 -0.843 0.371 0.005 -0.815 0.546 0.104 -0.718 0.365 -0.119 -0.387 0.212 0.076 -0.495 0.249 -0.050 -0.331 0.208 0.034 -0.355 
0.985 0.028 0.147 0.083 0.987 -0.031 0.156 0.029 0.730 -0.042 -0.656 0.523 0.052 -0.845 0.470 -0.005 -0.761 0.601 0.074 -0.685 0.376 -0.111 -0.379 0.251 0.057 -0.479 0.287 -0.051 -0.298 0.236 0.027 -0.337 
0.989 0.056 0.125 0.058 0.980 -0.035 0.177 0.084 0.777 -0.100 -0.567 0.582 -0.013 -0.806 0.468 -0.091 -0.774 0.595 0.040 -0.707 0.376 -0.161 -0.361 0.286 0.033 -0.461 0.258 -0.074 -0.320 0.245 0.010 -0.332 
0.988 0.044 0.119 0.084 0.976 -0.036 0.209 0.054 0.762 -0.100 -0.612 0.608 0.070 -0.789 0.453 -0.034 -0.772 0.591 0.065 -0.693 0.382 -0.137 -0.364 0.316 0.053 -0.439 0.259 -0.047 -0.324 0.250 0.026 -0.327 
0.997 0.042 0.070 -0.000 0.957 -0.038 0.230 0.171 0.674 -0.227 -0.667 0.634 0.009 -0.773 0.362 0.013 -0.826 0.533 0.048 -0.732 0.292 -0.182 -0.424 0.340 0.012 -0.424 0.180 -0.005 -0.376 0.210 0.015 -0.355 
0.999 0.017 0.036 0.012 0.950 -0.039 0.251 0.181 0.583 -0.157 -0.764 0.644 0.097 -0.744 0.330 0.035 -0.846 0.468 0.044 -0.771 0.239 -0.150 -0.467 0.302 0.098 -0.440 0.150 0.013 -0.389 0.197 0.016 -0.362 
1.000 0.010 0.027 -0.004 0.938 -0.028 0.279 0.204 0.574 -0.133 -0.779 0.652 0.066 -0.739 0.345 0.018 -0.840 0.444 0.010 -0.785 0.238 -0.134 -0.473 0.308 0.084 -0.439 0.174 0.005 -0.379 0.207 0.006 -0.357 
0.997 0.010 -0.002 -0.070 0.927 -0.037 0.254 0.272 0.545 -0.143 -0.774 0.637 0.109 -0.755 0.242 0.080 -0.873 0.325 0.078 -0.840 0.188 -0.112 -0.496 0.307 0.106 -0.440 0.099 0.038 -0.405 0.125 0.029 -0.393 
0.999 0.001 -0.004 -0.050 0.913 -0.029 0.302 0.277 0.563 -0.168 -0.777 0.656 0.060 -0.722 0.307 0.006 -0.855 0.342 -0.020 -0.836 0.212 -0.126 -0.490 0.296 0.096 -0.443 0.111 0.008 -0.402 0.142 -0.011 -0.387 
