0.999 -0.003 -0.017 -0.028 0.998 -0.009 -0.005 -0.060 0.146 -0.213 -0.924 0.164 0.179 -0.959 0.082 -0.046 -0.907 0.104 0.111 -0.887 -0.054 -0.156 -0.519 0.022 0.130 -0.528 0.058 -0.033 -0.412 0.045 0.047 -0.408 
1.000 -0.001 -0.021 -0.012 0.998 -0.005 -0.003 -0.068 0.163 -0.214 -0.924 0.176 0.203 -0.946 0.094 -0.055 -0.909 0.108 0.099 -0.878 -0.037 -0.159 -0.520 0.012 0.145 -0.524 0.062 -0.038 -0.410 0.046 0.036 -0.409 
1.000 0.002 -0.025 -0.002 0.997 -0.009 -0.004 -0.071 0.174 -0.238 -0.914 0.152 0.208 -0.955 0.094 -0.048 -0.903 0.112 0.107 -0.873 -0.035 -0.173 -0.515 0.013 0.141 -0.525 0.055 -0.032 -0.412 0.042 0.036 -0.409 
1.000 0.002 -0.023 -0.013 0.998 -0.008 -0.004 -0.063 0.170 -0.248 -0.912 0.153 0.205 -0.956 0.105 -0.043 -0.898 0.105 0.098 -0.873 -0.038 -0.174 -0.515 0.017 0.140 -0.526 0.057 -0.033 -0.412 0.049 0.032 -0.408 
0.999 0.001 -0.025 -0.024 0.998 -0.008 -0.006 -0.057 0.184 -0.249 -0.908 0.161 0.205 -0.954 0.096 -0.047 -0.901 0.107 0.099 -0.874 -0.033 -0.173 -0.516 0.020 0.143 -0.524 0.053 -0.033 -0.412 0.051 0.032 -0.408 
1.000 0.006 -0.026 -0.009 0.997 -0.009 -0.002 -0.081 0.199 -0.236 -0.909 0.146 0.209 -0.951 0.102 -0.039 -0.903 0.102 0.104 -0.875 -0.022 -0.170 -0.517 -0.002 0.147 -0.524 0.061 -0.031 -0.411 0.041 0.035 -0.409 
1.000 0.003 -0.024 -0.013 0.997 -0.009 -0.000 -0.078 0.195 -0.239 -0.909 0.155 0.205 -0.951 0.112 -0.042 -0.901 0.112 0.104 -0.872 -0.024 -0.171 -0.517 0.005 0.145 -0.524 0.064 -0.031 -0.411 0.043 0.036 -0.409 
1.000 0.004 -0.022 -0.013 0.997 -0.008 0.002 -0.077 0.199 -0.240 -0.907 0.169 0.202 -0.949 0.114 -0.045 -0.899 0.118 0.103 -0.874 -0.023 -0.172 -0.516 0.010 0.145 -0.525 0.064 -0.033 -0.411 0.049 0.035 -0.408 
1.000 0.002 -0.022 -0.014 0.997 -0.008 -0.002 -0.077 0.188 -0.242 -0.909 0.164 0.187 -0.955 0.109 -0.042 -0.897 0.109 0.104 -0.875 -0.030 -0.173 -0.516 0.014 0.133 -0.527 0.062 -0.032 -0.411 0.051 0.035 -0.408 
1.000 0.002 -0.022 -0.014 0.997 -0.007 0.003 -0.077 0.198 -0.242 -0.906 0.172 0.187 -0.954 0.115 -0.043 -0.896 0.118 0.103 -0.874 -0.024 -0.174 -0.516 0.019 0.133 -0.527 0.065 -0.033 -0.411 0.055 0.035 -0.408 
1.000 0.002 -0.022 -0.014 0.997 -0.007 0.001 -0.076 0.202 -0.242 -0.905 0.164 0.188 -0.955 0.112 -0.047 -0.898 0.118 0.100 -0.874 -0.022 -0.174 -0.516 0.016 0.134 -0.527 0.065 -0.033 -0.411 0.054 0.034 -0.408 
0.999 0.001 -0.027 -0.020 0.998 -0.003 0.001 -0.066 0.192 -0.250 -0.905 0.175 0.192 -0.949 0.105 -0.052 -0.899 0.116 0.096 -0.876 -0.029 -0.178 -0.514 0.013 0.141 -0.525 0.065 -0.034 -0.411 0.052 0.031 -0.408 
0.999 0.001 -0.026 -0.021 0.998 -0.005 0.005 -0.063 0.191 -0.246 -0.908 0.176 0.200 -0.948 0.116 -0.045 -0.899 0.125 0.098 -0.874 -0.027 -0.174 -0.515 0.017 0.144 -0.524 0.066 -0.030 -0.411 0.060 0.032 -0.407 
1.000 0.004 -0.023 -0.014 0.998 -0.004 0.008 -0.066 0.201 -0.248 -0.906 0.173 0.205 -0.948 0.127 -0.046 -0.896 0.130 0.097 -0.873 -0.019 -0.178 -0.514 0.016 0.146 -0.524 0.065 -0.031 -0.411 0.062 0.030 -0.407 
1.000 0.004 -0.023 -0.013 0.998 -0.002 0.004 -0.065 0.206 -0.251 -0.904 0.168 0.201 -0.950 0.123 -0.049 -0.896 0.124 0.094 -0.874 -0.017 -0.180 -0.514 0.013 0.143 -0.525 0.062 -0.032 -0.411 0.059 0.029 -0.407 
1.000 0.004 -0.023 -0.013 0.998 -0.002 0.007 -0.064 0.212 -0.251 -0.902 0.174 0.201 -0.949 0.129 -0.049 -0.895 0.129 0.095 -0.874 -0.014 -0.180 -0.514 0.017 0.143 -0.525 0.065 -0.032 -0.411 0.062 0.029 -0.407 
1.000 0.004 -0.024 -0.012 0.998 -0.003 0.009 -0.065 0.239 -0.246 -0.895 0.179 0.203 -0.948 0.120 -0.047 -0.899 0.127 0.096 -0.874 0.000 -0.180 -0.514 0.019 0.145 -0.524 0.063 -0.032 -0.411 0.061 0.030 -0.407 
1.000 0.004 -0.024 -0.011 0.998 -0.003 0.011 -0.064 0.260 -0.244 -0.889 0.183 0.204 -0.947 0.124 -0.046 -0.898 0.132 0.097 -0.872 0.012 -0.180 -0.514 0.021 0.145 -0.524 0.065 -0.031 -0.411 0.062 0.030 -0.407 
1.000 0.004 -0.024 -0.011 0.998 -0.004 0.008 -0.065 0.262 -0.243 -0.889 0.182 0.202 -0.947 0.121 -0.045 -0.899 0.127 0.098 -0.873 0.012 -0.180 -0.514 0.020 0.144 -0.524 0.063 -0.031 -0.411 0.060 0.031 -0.407 
1.000 0.001 -0.024 -0.019 0.998 0.001 0.010 -0.060 0.317 -0.262 -0.872 0.193 0.193 -0.949 0.110 -0.057 -0.905 0.135 0.084 -0.872 0.052 -0.183 -0.510 0.032 0.138 -0.525 0.065 -0.038 -0.410 0.053 0.025 -0.408 
1.000 0.001 -0.024 -0.019 0.998 -0.000 0.008 -0.061 0.314 -0.261 -0.873 0.190 0.194 -0.949 0.107 -0.055 -0.906 0.131 0.086 -0.872 0.051 -0.182 -0.511 0.029 0.139 -0.525 0.063 -0.037 -0.411 0.052 0.026 -0.409 
1.000 0.001 -0.025 -0.016 0.998 0.001 0.005 -0.060 0.354 -0.272 -0.856 0.202 0.191 -0.946 0.106 -0.058 -0.902 0.118 0.086 -0.877 0.076 -0.188 -0.505 0.035 0.138 -0.525 0.062 -0.039 -0.410 0.049 0.024 -0.409 
1.000 0.001 -0.026 -0.015 0.998 0.001 0.005 -0.060 0.369 -0.267 -0.850 0.201 0.191 -0.946 0.104 -0.059 -0.902 0.118 0.086 -0.876 0.084 -0.187 -0.505 0.034 0.138 -0.525 0.061 -0.039 -0.411 0.049 0.024 -0.409 
1.000 0.001 -0.027 -0.010 0.998 -0.002 0.005 -0.062 0.401 -0.261 -0.840 0.206 0.197 -0.944 0.096 -0.054 -0.908 0.128 0.088 -0.872 0.108 -0.185 -0.501 0.035 0.140 -0.525 0.060 -0.037 -0.411 0.048 0.025 -0.409 
1.000 0.001 -0.027 -0.010 0.998 0.001 0.006 -0.061 0.403 -0.266 -0.837 0.207 0.192 -0.945 0.097 -0.058 -0.907 0.129 0.083 -0.872 0.108 -0.187 -0.500 0.035 0.138 -0.525 0.060 -0.039 -0.411 0.048 0.023 -0.409 
1.000 0.001 -0.028 -0.009 0.998 0.001 0.005 -0.061 0.418 -0.266 -0.829 0.207 0.194 -0.944 0.100 -0.058 -0.906 0.127 0.084 -0.873 0.116 -0.189 -0.498 0.035 0.138 -0.525 0.060 -0.039 -0.411 0.048 0.023 -0.409 
1.000 -0.001 -0.022 -0.009 0.998 0.001 -0.002 -0.055 0.462 -0.289 -0.798 0.205 0.203 -0.942 0.096 -0.055 -0.903 0.108 0.086 -0.879 0.144 -0.202 -0.485 0.033 0.143 -0.524 0.049 -0.040 -0.412 0.042 0.022 -0.410 
1.000 -0.003 -0.019 -0.002 0.998 0.002 -0.005 -0.062 0.490 -0.286 -0.793 0.193 0.204 -0.945 0.094 -0.055 -0.902 0.102 0.082 -0.879 0.176 -0.197 -0.476 0.025 0.141 -0.525 0.044 -0.042 -0.413 0.039 0.021 -0.410 
1.000 -0.004 -0.022 -0.002 0.998 0.002 -0.004 -0.061 0.501 -0.295 -0.782 0.195 0.207 -0.945 0.093 -0.056 -0.902 0.102 0.084 -0.878 0.182 -0.203 -0.472 0.028 0.141 -0.525 0.045 -0.042 -0.412 0.038 0.021 -0.410 
1.000 -0.004 -0.022 -0.002 0.998 0.001 -0.004 -0.062 0.502 -0.292 -0.783 0.194 0.209 -0.944 0.092 -0.054 -0.903 0.101 0.087 -0.878 0.182 -0.202 -0.472 0.028 0.142 -0.524 0.045 -0.041 -0.413 0.038 0.022 -0.410 
1.000 0.001 -0.019 0.010 0.998 0.007 -0.007 -0.057 0.563 -0.323 -0.722 0.195 0.205 -0.948 0.092 -0.062 -0.896 0.096 0.080 -0.879 0.213 -0.222 -0.450 0.036 0.138 -0.525 0.046 -0.046 -0.412 0.041 0.017 -0.410 
1.000 0.001 -0.019 0.010 0.998 0.003 -0.005 -0.059 0.576 -0.314 -0.715 0.194 0.213 -0.946 0.094 -0.055 -0.897 0.099 0.087 -0.877 0.220 -0.218 -0.448 0.036 0.142 -0.524 0.047 -0.043 -0.412 0.042 0.020 -0.410 
0.999 0.000 -0.022 0.024 0.998 0.008 -0.006 -0.062 0.602 -0.329 -0.686 0.209 0.210 -0.939 0.087 -0.067 -0.902 0.093 0.079 -0.880 0.238 -0.229 -0.433 0.031 0.140 -0.525 0.044 -0.049 -0.412 0.030 0.016 -0.411 
0.999 0.000 -0.022 0.025 0.998 0.008 -0.004 -0.062 0.607 -0.330 -0.682 0.210 0.210 -0.939 0.090 -0.067 -0.901 0.098 0.078 -0.879 0.241 -0.230 -0.431 0.032 0.140 -0.525 0.046 -0.049 -0.412 0.032 0.016 -0.411 
0.999 0.000 -0.022 0.025 0.998 0.008 -0.004 -0.062 0.610 -0.330 -0.678 0.210 0.210 -0.939 0.090 -0.067 -0.901 0.098 0.078 -0.879 0.242 -0.231 -0.430 0.032 0.140 -0.525 0.046 -0.049 -0.412 0.032 0.016 -0.411 
1.000 -0.005 -0.013 0.007 0.999 0.008 -0.007 -0.045 0.626 -0.358 -0.647 0.213 0.204 -0.939 0.087 -0.072 -0.904 0.100 0.071 -0.882 0.250 -0.248 -0.416 0.034 0.140 -0.524 0.045 -0.052 -0.411 0.034 0.015 -0.411 
1.000 -0.004 -0.017 0.005 0.999 0.008 -0.003 -0.047 0.667 -0.366 -0.592 0.211 0.202 -0.939 0.091 -0.066 -0.905 0.101 0.077 -0.881 0.271 -0.255 -0.398 0.031 0.141 -0.524 0.045 -0.050 -0.411 0.041 0.016 -0.410 
1.000 -0.005 -0.017 0.017 0.999 0.012 -0.006 -0.046 0.712 -0.326 -0.558 0.221 0.209 -0.936 0.082 -0.081 -0.908 0.097 0.065 -0.885 0.300 -0.239 -0.387 0.038 0.143 -0.523 0.038 -0.056 -0.411 0.030 0.009 -0.411 
1.000 -0.003 -0.018 0.022 0.999 0.009 -0.005 -0.049 0.728 -0.315 -0.548 0.221 0.217 -0.935 0.084 -0.074 -0.905 0.092 0.070 -0.886 0.314 -0.233 -0.380 0.038 0.146 -0.523 0.040 -0.053 -0.412 0.034 0.011 -0.411 
1.000 -0.008 -0.018 0.021 0.998 0.011 -0.005 -0.055 0.730 -0.328 -0.547 0.211 0.203 -0.941 0.081 -0.079 -0.908 0.099 0.069 -0.883 0.320 -0.238 -0.371 0.035 0.137 -0.525 0.043 -0.054 -0.411 0.033 0.011 -0.411 
1.000 -0.008 -0.018 0.021 0.998 0.010 -0.007 -0.055 0.728 -0.327 -0.549 0.208 0.204 -0.942 0.078 -0.078 -0.908 0.096 0.069 -0.883 0.319 -0.238 -0.372 0.033 0.138 -0.525 0.041 -0.054 -0.411 0.031 0.011 -0.411 
1.000 -0.008 -0.018 0.022 0.998 0.010 -0.009 -0.055 0.728 -0.329 -0.549 0.203 0.203 -0.943 0.077 -0.079 -0.907 0.092 0.069 -0.884 0.319 -0.239 -0.372 0.030 0.137 -0.525 0.040 -0.054 -0.411 0.030 0.011 -0.411 
1.000 -0.008 -0.018 0.022 0.998 0.010 -0.009 -0.055 0.728 -0.329 -0.549 0.203 0.203 -0.943 0.077 -0.079 -0.907 0.092 0.069 -0.884 0.319 -0.239 -0.372 0.030 0.137 -0.525 0.040 -0.054 -0.411 0.030 0.011 -0.411 
1.000 -0.008 -0.017 0.022 0.998 0.012 -0.008 -0.053 0.729 -0.352 -0.539 0.203 0.199 -0.944 0.074 -0.077 -0.907 0.090 0.066 -0.884 0.324 -0.250 -0.360 0.031 0.134 -0.526 0.040 -0.055 -0.411 0.031 0.010 -0.411 
1.000 -0.008 -0.017 0.022 0.999 0.013 -0.004 -0.052 0.733 -0.354 -0.532 0.211 0.197 -0.943 0.081 -0.080 -0.906 0.097 0.064 -0.883 0.326 -0.251 -0.357 0.035 0.133 -0.526 0.043 -0.056 -0.411 0.034 0.009 -0.411 
1.000 -0.008 -0.017 0.023 0.998 0.011 -0.005 -0.054 0.736 -0.361 -0.524 0.205 0.205 -0.942 0.078 -0.076 -0.907 0.093 0.068 -0.884 0.329 -0.255 -0.352 0.031 0.137 -0.525 0.042 -0.055 -0.411 0.032 0.011 -0.411 
1.000 -0.006 -0.010 0.028 0.999 0.010 -0.008 -0.048 0.740 -0.384 -0.506 0.208 0.213 -0.937 0.068 -0.070 -0.907 0.086 0.069 -0.885 0.334 -0.268 -0.338 0.024 0.140 -0.525 0.042 -0.056 -0.411 0.022 0.013 -0.412 
0.999 -0.007 -0.008 0.030 0.999 0.010 -0.007 -0.050 0.759 -0.379 -0.485 0.211 0.216 -0.938 0.076 -0.072 -0.906 0.092 0.069 -0.885 0.349 -0.264 -0.325 0.032 0.140 -0.525 0.036 -0.056 -0.412 0.026 0.013 -0.412 
1.000 -0.012 -0.009 0.019 0.999 0.007 -0.008 -0.047 0.737 -0.391 -0.504 0.205 0.211 -0.938 0.073 -0.064 -0.910 0.081 0.077 -0.885 0.331 -0.272 -0.337 0.022 0.139 -0.525 0.033 -0.052 -0.412 0.021 0.016 -0.412 
1.000 -0.016 -0.009 0.010 0.999 0.009 -0.008 -0.043 0.780 -0.365 -0.433 0.193 0.191 -0.943 0.069 -0.070 -0.910 0.078 0.072 -0.894 0.350 -0.275 -0.314 0.014 0.134 -0.527 0.039 -0.058 -0.411 0.033 0.013 -0.411 
1.000 -0.012 -0.006 0.022 0.999 0.009 -0.009 -0.049 0.795 -0.352 -0.424 0.202 0.204 -0.937 0.075 -0.068 -0.909 0.069 0.075 -0.898 0.364 -0.266 -0.306 0.015 0.139 -0.526 0.033 -0.055 -0.412 0.026 0.015 -0.412 
1.000 -0.014 -0.007 0.011 0.999 0.007 -0.008 -0.043 0.809 -0.366 -0.382 0.201 0.198 -0.941 0.067 -0.063 -0.911 0.071 0.081 -0.896 0.374 -0.274 -0.287 0.022 0.137 -0.526 0.035 -0.054 -0.412 0.031 0.017 -0.411 
1.000 -0.015 -0.006 0.013 0.999 0.007 -0.003 -0.043 0.827 -0.344 -0.356 0.205 0.197 -0.940 0.071 -0.062 -0.912 0.084 0.082 -0.895 0.386 -0.266 -0.278 0.024 0.136 -0.526 0.036 -0.053 -0.412 0.034 0.019 -0.411 
1.000 -0.016 -0.009 0.012 0.999 0.006 -0.004 -0.042 0.840 -0.333 -0.343 0.196 0.191 -0.945 0.071 -0.061 -0.909 0.076 0.084 -0.897 0.397 -0.257 -0.270 0.022 0.132 -0.527 0.037 -0.053 -0.412 0.030 0.020 -0.411 
1.000 -0.016 -0.009 0.012 0.999 0.008 -0.008 -0.041 0.840 -0.334 -0.340 0.191 0.183 -0.948 0.065 -0.065 -0.909 0.069 0.080 -0.898 0.397 -0.259 -0.268 0.019 0.128 -0.528 0.034 -0.055 -0.412 0.026 0.018 -0.411 
1.000 -0.016 -0.009 0.012 0.999 0.005 -0.007 -0.043 0.843 -0.328 -0.340 0.193 0.191 -0.946 0.068 -0.059 -0.909 0.072 0.087 -0.897 0.399 -0.256 -0.269 0.020 0.132 -0.527 0.035 -0.051 -0.412 0.027 0.021 -0.411 
1.000 -0.016 -0.008 0.012 0.999 0.006 -0.006 -0.042 0.841 -0.335 -0.338 0.191 0.189 -0.947 0.068 -0.060 -0.909 0.075 0.084 -0.897 0.399 -0.259 -0.267 0.020 0.131 -0.528 0.035 -0.052 -0.412 0.028 0.020 -0.411 
1.000 -0.018 -0.010 0.013 0.999 0.004 -0.005 -0.043 0.851 -0.336 -0.323 0.196 0.190 -0.946 0.070 -0.057 -0.909 0.080 0.089 -0.894 0.408 -0.257 -0.254 0.024 0.130 -0.528 0.036 -0.050 -0.412 0.028 0.022 -0.411 
1.000 -0.021 -0.010 0.012 0.999 0.007 -0.007 -0.042 0.837 -0.361 -0.339 0.183 0.184 -0.953 0.062 -0.060 -0.909 0.078 0.085 -0.892 0.399 -0.268 -0.256 0.025 0.123 -0.529 0.033 -0.052 -0.412 0.027 0.021 -0.411 
0.999 -0.022 -0.012 0.026 0.999 0.009 -0.007 -0.040 0.878 -0.293 -0.248 0.200 0.188 -0.945 0.056 -0.069 -0.914 0.076 0.078 -0.895 0.426 -0.250 -0.230 0.024 0.126 -0.529 0.031 -0.058 -0.412 0.022 0.018 -0.412 
0.999 -0.022 -0.012 0.026 0.999 0.010 -0.006 -0.040 0.879 -0.294 -0.245 0.201 0.186 -0.945 0.058 -0.071 -0.914 0.078 0.077 -0.895 0.426 -0.251 -0.229 0.025 0.125 -0.529 0.032 -0.059 -0.412 0.022 0.017 -0.412 
0.999 -0.021 -0.012 0.026 0.999 0.008 -0.007 -0.041 0.879 -0.291 -0.247 0.200 0.193 -0.944 0.056 -0.067 -0.914 0.075 0.081 -0.895 0.427 -0.249 -0.229 0.023 0.129 -0.528 0.030 -0.057 -0.412 0.021 0.019 -0.412 
0.999 -0.023 -0.012 0.024 0.999 0.009 -0.008 -0.040 0.876 -0.304 -0.246 0.193 0.187 -0.947 0.057 -0.068 -0.913 0.075 0.079 -0.896 0.424 -0.256 -0.227 0.021 0.126 -0.529 0.030 -0.058 -0.412 0.021 0.018 -0.412 
0.999 -0.023 -0.012 0.024 0.999 0.010 -0.007 -0.040 0.878 -0.306 -0.236 0.201 0.181 -0.946 0.058 -0.069 -0.913 0.078 0.077 -0.896 0.425 -0.259 -0.222 0.024 0.123 -0.529 0.031 -0.058 -0.412 0.022 0.017 -0.412 
0.999 -0.023 -0.012 0.024 0.999 0.008 -0.007 -0.040 0.879 -0.303 -0.234 0.200 0.185 -0.946 0.058 -0.067 -0.913 0.076 0.080 -0.896 0.427 -0.257 -0.221 0.024 0.124 -0.529 0.031 -0.057 -0.412 0.022 0.018 -0.412 
0.999 -0.023 -0.012 0.024 0.999 0.009 -0.005 -0.040 0.879 -0.304 -0.230 0.204 0.183 -0.945 0.061 -0.069 -0.913 0.080 0.078 -0.896 0.427 -0.258 -0.219 0.026 0.124 -0.529 0.032 -0.058 -0.412 0.023 0.017 -0.412 
0.999 -0.024 -0.013 0.022 0.999 0.012 -0.006 -0.038 0.883 -0.316 -0.213 0.190 0.178 -0.951 0.057 -0.072 -0.912 0.073 0.076 -0.896 0.431 -0.263 -0.205 0.024 0.120 -0.530 0.031 -0.059 -0.412 0.020 0.016 -0.412 
0.999 -0.024 -0.013 0.022 0.999 0.009 -0.005 -0.040 0.884 -0.312 -0.213 0.191 0.184 -0.950 0.059 -0.067 -0.912 0.074 0.081 -0.896 0.433 -0.260 -0.206 0.024 0.123 -0.529 0.032 -0.057 -0.412 0.021 0.019 -0.412 
0.999 -0.024 -0.013 0.022 0.999 0.009 -0.003 -0.040 0.885 -0.311 -0.210 0.194 0.186 -0.949 0.062 -0.066 -0.912 0.077 0.082 -0.895 0.434 -0.259 -0.205 0.026 0.123 -0.529 0.034 -0.056 -0.412 0.023 0.019 -0.412 
0.999 -0.020 -0.008 0.034 0.999 0.009 -0.007 -0.041 0.894 -0.335 -0.183 0.201 0.205 -0.941 0.060 -0.063 -0.909 0.066 0.084 -0.897 0.445 -0.260 -0.177 0.022 0.128 -0.528 0.023 -0.052 -0.413 0.015 0.022 -0.412 
0.999 -0.026 -0.013 0.013 0.999 0.006 0.000 -0.037 0.871 -0.363 -0.164 0.210 0.209 -0.938 0.064 -0.055 -0.910 0.079 0.093 -0.896 0.423 -0.290 -0.184 0.028 0.137 -0.526 0.033 -0.049 -0.413 0.026 0.026 -0.411 
1.000 -0.023 -0.005 0.020 0.999 0.008 -0.003 -0.039 0.875 -0.363 -0.168 0.200 0.210 -0.940 0.067 -0.054 -0.906 0.076 0.090 -0.895 0.426 -0.287 -0.181 0.023 0.136 -0.526 0.030 -0.050 -0.413 0.019 0.025 -0.411 
0.999 -0.024 -0.006 0.021 0.999 0.007 -0.003 -0.039 0.882 -0.349 -0.159 0.199 0.207 -0.941 0.053 -0.055 -0.912 0.074 0.088 -0.895 0.432 -0.281 -0.177 0.022 0.134 -0.527 0.028 -0.050 -0.413 0.020 0.025 -0.411 
1.000 -0.028 0.001 0.013 0.999 0.007 -0.002 -0.035 0.879 -0.359 -0.152 0.205 0.205 -0.939 0.068 -0.054 -0.914 0.078 0.088 -0.895 0.430 -0.288 -0.171 0.023 0.135 -0.526 0.024 -0.050 -0.413 0.029 0.025 -0.411 
1.000 -0.028 0.001 0.013 0.999 0.008 -0.004 -0.035 0.879 -0.360 -0.153 0.206 0.202 -0.939 0.065 -0.056 -0.914 0.074 0.086 -0.896 0.430 -0.288 -0.171 0.023 0.134 -0.527 0.023 -0.051 -0.413 0.028 0.024 -0.411 
1.000 -0.028 -0.000 0.013 0.999 0.009 -0.006 -0.034 0.878 -0.361 -0.152 0.205 0.197 -0.940 0.059 -0.058 -0.915 0.066 0.084 -0.897 0.429 -0.290 -0.170 0.021 0.132 -0.527 0.021 -0.052 -0.413 0.025 0.024 -0.411 
1.000 -0.028 -0.000 0.013 0.999 0.008 -0.004 -0.034 0.879 -0.360 -0.149 0.208 0.199 -0.939 0.062 -0.056 -0.915 0.069 0.086 -0.897 0.430 -0.289 -0.169 0.023 0.133 -0.527 0.023 -0.051 -0.413 0.026 0.025 -0.411 
1.000 -0.028 -0.000 0.013 0.999 0.008 -0.005 -0.034 0.879 -0.360 -0.151 0.207 0.200 -0.939 0.061 -0.056 -0.915 0.067 0.086 -0.897 0.430 -0.289 -0.170 0.022 0.133 -0.527 0.022 -0.051 -0.413 0.025 0.025 -0.411 
1.000 -0.028 -0.000 0.013 0.999 0.010 -0.004 -0.033 0.878 -0.362 -0.148 0.208 0.196 -0.939 0.062 -0.060 -0.914 0.069 0.083 -0.897 0.429 -0.291 -0.168 0.023 0.131 -0.527 0.022 -0.053 -0.413 0.026 0.023 -0.411 
1.000 -0.028 -0.000 0.013 0.999 0.009 -0.005 -0.034 0.878 -0.360 -0.151 0.207 0.199 -0.939 0.060 -0.057 -0.915 0.067 0.085 -0.897 0.429 -0.290 -0.170 0.022 0.132 -0.527 0.022 -0.051 -0.413 0.025 0.024 -0.411 
0.999 -0.028 0.001 0.015 0.999 0.009 -0.004 -0.033 0.886 -0.349 -0.136 0.204 0.195 -0.940 0.057 -0.057 -0.915 0.066 0.083 -0.897 0.436 -0.285 -0.161 0.021 0.130 -0.528 0.022 -0.052 -0.413 0.024 0.024 -0.411 
0.999 -0.032 0.000 0.026 0.999 0.013 -0.003 -0.048 0.916 -0.329 -0.132 0.182 0.195 -0.949 0.061 -0.061 -0.903 0.069 0.078 -0.894 0.468 -0.249 -0.126 0.018 0.121 -0.530 0.029 -0.053 -0.413 0.020 0.021 -0.412 
0.999 -0.032 0.000 0.026 0.999 0.011 -0.005 -0.049 0.916 -0.326 -0.137 0.178 0.199 -0.949 0.058 -0.058 -0.904 0.065 0.082 -0.894 0.468 -0.247 -0.129 0.015 0.123 -0.530 0.028 -0.052 -0.413 0.019 0.023 -0.412 
0.999 -0.032 0.000 0.026 0.999 0.011 -0.004 -0.049 0.917 -0.325 -0.135 0.179 0.200 -0.949 0.059 -0.057 -0.904 0.067 0.082 -0.894 0.469 -0.247 -0.128 0.016 0.123 -0.529 0.028 -0.051 -0.413 0.019 0.023 -0.412 
0.999 -0.032 0.000 0.026 0.999 0.010 0.000 -0.050 0.918 -0.324 -0.128 0.187 0.202 -0.947 0.067 -0.055 -0.903 0.075 0.085 -0.894 0.470 -0.246 -0.124 0.021 0.124 -0.529 0.032 -0.050 -0.413 0.023 0.024 -0.411 
0.999 -0.032 0.000 0.026 0.999 0.010 -0.001 -0.050 0.918 -0.324 -0.130 0.185 0.202 -0.947 0.065 -0.055 -0.903 0.072 0.084 -0.894 0.470 -0.246 -0.125 0.019 0.124 -0.529 0.031 -0.050 -0.413 0.022 0.024 -0.411 
0.999 -0.032 0.000 0.026 0.999 0.008 -0.001 -0.051 0.919 -0.321 -0.130 0.185 0.205 -0.947 0.065 -0.052 -0.903 0.072 0.088 -0.893 0.470 -0.245 -0.126 0.019 0.126 -0.529 0.031 -0.049 -0.413 0.022 0.025 -0.411 
0.999 -0.037 -0.003 0.011 0.999 0.012 0.001 -0.048 0.913 -0.327 -0.078 0.174 0.185 -0.950 0.071 -0.061 -0.906 0.076 0.081 -0.894 0.463 -0.265 -0.111 0.006 0.121 -0.530 0.034 -0.053 -0.412 0.023 0.021 -0.411 
0.999 -0.037 -0.003 0.011 0.999 0.013 0.001 -0.047 0.912 -0.329 -0.078 0.174 0.183 -0.950 0.071 -0.063 -0.906 0.076 0.079 -0.894 0.463 -0.266 -0.111 0.006 0.120 -0.530 0.033 -0.054 -0.412 0.023 0.020 -0.411 
0.999 -0.037 -0.003 0.011 0.999 0.011 0.003 -0.049 0.913 -0.326 -0.076 0.177 0.187 -0.949 0.074 -0.060 -0.906 0.079 0.082 -0.894 0.464 -0.264 -0.110 0.008 0.122 -0.530 0.035 -0.053 -0.412 0.025 0.022 -0.411 
0.999 -0.037 -0.003 0.011 0.999 0.011 0.002 -0.049 0.913 -0.326 -0.077 0.176 0.188 -0.949 0.073 -0.059 -0.906 0.078 0.083 -0.894 0.464 -0.264 -0.111 0.007 0.122 -0.530 0.035 -0.052 -0.412 0.024 0.022 -0.411 
0.999 -0.037 -0.003 0.011 0.999 0.012 0.003 -0.048 0.913 -0.327 -0.076 0.177 0.185 -0.949 0.074 -0.062 -0.906 0.079 0.080 -0.894 0.463 -0.265 -0.110 0.008 0.121 -0.530 0.035 -0.053 -0.412 0.024 0.021 -0.411 
0.999 -0.037 -0.003 0.011 0.999 0.010 -0.000 -0.050 0.913 -0.324 -0.082 0.171 0.189 -0.949 0.069 -0.058 -0.907 0.073 0.084 -0.894 0.464 -0.263 -0.114 0.004 0.123 -0.530 0.033 -0.051 -0.412 0.022 0.023 -0.411 
0.999 -0.037 -0.003 0.011 0.999 0.010 0.000 -0.049 0.913 -0.325 -0.082 0.171 0.188 -0.950 0.069 -0.059 -0.907 0.074 0.083 -0.894 0.463 -0.264 -0.113 0.005 0.122 -0.530 0.033 -0.052 -0.412 0.022 0.022 -0.411 
0.999 -0.037 -0.001 0.004 0.999 0.012 0.002 -0.049 0.913 -0.331 -0.052 0.170 0.186 -0.952 0.068 -0.061 -0.909 0.077 0.079 -0.896 0.465 -0.267 -0.098 0.009 0.121 -0.530 0.034 -0.054 -0.412 0.021 0.021 -0.412 
0.999 -0.038 -0.001 0.004 0.999 0.012 0.002 -0.050 0.913 -0.331 -0.051 0.169 0.185 -0.953 0.068 -0.060 -0.909 0.077 0.080 -0.896 0.465 -0.267 -0.098 0.008 0.121 -0.530 0.034 -0.054 -0.412 0.021 0.021 -0.412 
0.999 -0.038 -0.001 0.004 0.999 0.011 0.004 -0.050 0.913 -0.330 -0.046 0.174 0.186 -0.952 0.073 -0.059 -0.909 0.082 0.081 -0.895 0.466 -0.267 -0.095 0.011 0.122 -0.530 0.036 -0.053 -0.412 0.023 0.022 -0.411 
0.999 -0.038 -0.001 0.004 0.999 0.012 0.003 -0.050 0.913 -0.330 -0.046 0.173 0.184 -0.952 0.068 -0.059 -0.910 0.079 0.081 -0.896 0.466 -0.267 -0.095 0.010 0.120 -0.530 0.035 -0.054 -0.412 0.021 0.021 -0.412 
0.999 -0.036 -0.007 -0.003 0.999 0.010 0.006 -0.039 0.906 -0.340 -0.033 0.178 0.191 -0.952 0.067 -0.057 -0.907 0.087 0.085 -0.893 0.461 -0.276 -0.096 0.020 0.124 -0.529 0.035 -0.052 -0.412 0.026 0.022 -0.411 
0.999 -0.036 -0.007 -0.003 0.999 0.012 0.006 -0.038 0.906 -0.342 -0.031 0.179 0.187 -0.953 0.068 -0.061 -0.907 0.088 0.081 -0.893 0.460 -0.277 -0.094 0.020 0.122 -0.530 0.035 -0.054 -0.412 0.027 0.020 -0.411 
0.999 -0.036 -0.004 0.003 0.999 0.011 0.006 -0.043 0.910 -0.329 -0.031 0.181 0.185 -0.949 0.070 -0.060 -0.907 0.082 0.083 -0.894 0.463 -0.272 -0.092 0.011 0.121 -0.530 0.034 -0.054 -0.412 0.024 0.021 -0.411 
0.999 -0.037 -0.005 0.002 0.999 0.008 0.008 -0.045 0.911 -0.327 -0.025 0.178 0.191 -0.949 0.068 -0.056 -0.910 0.092 0.087 -0.890 0.464 -0.272 -0.090 0.012 0.123 -0.530 0.035 -0.052 -0.412 0.026 0.023 -0.411 
0.999 -0.037 -0.005 0.002 0.999 0.011 0.007 -0.043 0.909 -0.331 -0.026 0.177 0.185 -0.951 0.066 -0.061 -0.909 0.090 0.082 -0.891 0.463 -0.274 -0.090 0.011 0.120 -0.530 0.034 -0.054 -0.412 0.025 0.020 -0.411 
0.999 -0.032 -0.001 0.035 0.999 0.012 0.005 -0.048 0.941 -0.262 -0.015 0.172 0.201 -0.951 0.074 -0.067 -0.905 0.089 0.079 -0.891 0.491 -0.225 -0.070 0.015 0.122 -0.530 0.035 -0.059 -0.411 0.011 0.019 -0.412 
0.999 -0.032 -0.001 0.035 0.999 0.013 0.005 -0.048 0.942 -0.261 -0.014 0.174 0.199 -0.951 0.073 -0.068 -0.905 0.088 0.078 -0.891 0.492 -0.225 -0.070 0.016 0.121 -0.530 0.035 -0.060 -0.411 0.012 0.018 -0.412 
0.999 -0.032 -0.001 0.035 0.999 0.012 0.008 -0.048 0.942 -0.258 -0.011 0.179 0.202 -0.950 0.077 -0.066 -0.905 0.092 0.081 -0.890 0.493 -0.223 -0.069 0.019 0.122 -0.530 0.037 -0.058 -0.411 0.013 0.019 -0.412 
0.998 -0.034 0.006 0.047 0.998 0.012 0.008 -0.056 0.958 -0.229 -0.022 0.186 0.204 -0.949 0.088 -0.060 -0.899 0.087 0.084 -0.888 0.506 -0.195 -0.059 0.025 0.120 -0.530 0.042 -0.056 -0.411 0.011 0.022 -0.412 
0.998 -0.037 0.006 0.042 0.999 0.014 0.010 -0.047 0.949 -0.244 -0.010 0.191 0.201 -0.948 0.074 -0.064 -0.910 0.104 0.076 -0.887 0.498 -0.214 -0.059 0.026 0.120 -0.530 0.044 -0.058 -0.411 0.018 0.019 -0.412 
0.998 -0.035 0.008 0.043 0.999 0.013 0.010 -0.042 0.949 -0.249 -0.011 0.192 0.197 -0.950 0.081 -0.061 -0.905 0.100 0.081 -0.886 0.498 -0.214 -0.060 0.032 0.116 -0.530 0.034 -0.058 -0.412 0.019 0.020 -0.412 
0.998 -0.035 0.008 0.043 0.999 0.012 0.011 -0.043 0.949 -0.248 -0.010 0.193 0.199 -0.949 0.082 -0.060 -0.905 0.101 0.082 -0.886 0.498 -0.214 -0.059 0.033 0.117 -0.530 0.035 -0.057 -0.412 0.020 0.020 -0.412 
0.998 -0.031 0.005 0.045 0.999 0.010 0.011 -0.044 0.947 -0.232 -0.018 0.198 0.204 -0.946 0.087 -0.056 -0.903 0.098 0.088 -0.889 0.496 -0.214 -0.075 0.032 0.121 -0.529 0.038 -0.054 -0.412 0.019 0.023 -0.412 
0.998 -0.031 0.005 0.046 0.999 0.010 0.009 -0.044 0.946 -0.231 -0.027 0.188 0.202 -0.949 0.082 -0.057 -0.904 0.094 0.086 -0.890 0.495 -0.214 -0.081 0.027 0.120 -0.530 0.036 -0.055 -0.412 0.018 0.022 -0.412 
0.999 -0.034 -0.003 0.010 0.999 0.011 0.011 -0.040 0.933 -0.238 -0.083 0.166 0.187 -0.952 0.086 -0.059 -0.906 0.095 0.086 -0.896 0.480 -0.224 -0.127 0.005 0.124 -0.529 0.037 -0.051 -0.412 0.015 0.022 -0.412 
1.000 -0.027 -0.005 0.006 0.999 0.006 0.011 -0.034 0.921 -0.256 -0.078 0.170 0.198 -0.952 0.080 -0.049 -0.911 0.099 0.093 -0.896 0.471 -0.238 -0.139 0.017 0.132 -0.527 0.036 -0.049 -0.413 0.022 0.023 -0.411 
1.000 -0.025 -0.014 -0.000 0.999 0.002 0.016 -0.039 0.908 -0.269 -0.117 0.179 0.204 -0.947 0.069 -0.042 -0.917 0.107 0.100 -0.892 0.457 -0.242 -0.171 0.017 0.139 -0.526 0.034 -0.044 -0.413 0.018 0.027 -0.411 
1.000 -0.020 -0.017 0.002 0.999 0.001 0.016 -0.046 0.901 -0.267 -0.187 0.181 0.202 -0.948 0.087 -0.040 -0.910 0.106 0.100 -0.890 0.448 -0.232 -0.206 0.022 0.137 -0.526 0.044 -0.042 -0.413 0.022 0.028 -0.411 
0.999 -0.026 -0.025 -0.032 0.999 0.002 0.019 -0.045 0.851 -0.313 -0.216 0.184 0.181 -0.948 0.092 -0.043 -0.909 0.106 0.100 -0.895 0.399 -0.272 -0.252 0.015 0.136 -0.526 0.046 -0.043 -0.412 0.022 0.026 -0.411 
0.999 -0.026 -0.025 -0.032 0.999 0.005 0.021 -0.043 0.851 -0.317 -0.211 0.189 0.176 -0.948 0.095 -0.047 -0.908 0.110 0.095 -0.895 0.399 -0.274 -0.250 0.017 0.133 -0.527 0.047 -0.045 -0.412 0.024 0.024 -0.411 
0.999 -0.024 -0.016 -0.025 0.998 0.002 0.018 -0.058 0.826 -0.340 -0.314 0.181 0.186 -0.947 0.093 -0.043 -0.907 0.107 0.101 -0.886 0.377 -0.273 -0.283 0.010 0.135 -0.527 0.048 -0.043 -0.412 0.017 0.027 -0.411 
1.000 -0.018 -0.019 -0.015 0.999 0.004 0.017 -0.049 0.822 -0.280 -0.385 0.189 0.187 -0.947 0.092 -0.047 -0.907 0.105 0.095 -0.895 0.374 -0.231 -0.322 0.020 0.135 -0.527 0.043 -0.047 -0.412 0.021 0.024 -0.411 
1.000 -0.014 -0.021 -0.006 0.998 0.001 0.016 -0.054 0.795 -0.278 -0.448 0.197 0.196 -0.941 0.086 -0.040 -0.910 0.095 0.101 -0.894 0.355 -0.227 -0.346 0.017 0.140 -0.525 0.045 -0.043 -0.412 0.015 0.027 -0.412 
1.000 -0.013 -0.016 -0.009 0.998 0.002 0.016 -0.058 0.724 -0.318 -0.553 0.175 0.195 -0.948 0.091 -0.043 -0.909 0.099 0.097 -0.888 0.311 -0.235 -0.380 0.012 0.137 -0.526 0.044 -0.044 -0.412 0.011 0.026 -0.412 
1.000 -0.011 -0.016 -0.008 0.998 0.003 0.021 -0.057 0.689 -0.326 -0.600 0.184 0.196 -0.947 0.108 -0.047 -0.903 0.117 0.098 -0.880 0.293 -0.233 -0.396 0.017 0.136 -0.527 0.048 -0.043 -0.412 0.013 0.026 -0.412 
1.000 -0.014 -0.016 -0.007 0.998 0.006 0.018 -0.054 0.686 -0.324 -0.591 0.179 0.180 -0.953 0.095 -0.058 -0.911 0.117 0.090 -0.881 0.282 -0.242 -0.398 0.020 0.126 -0.529 0.043 -0.047 -0.412 0.010 0.022 -0.412 
1.000 -0.010 -0.019 0.002 0.998 0.005 0.019 -0.056 0.671 -0.349 -0.601 0.181 0.192 -0.952 0.097 -0.053 -0.906 0.112 0.093 -0.878 0.277 -0.248 -0.398 0.023 0.129 -0.528 0.047 -0.044 -0.412 0.011 0.024 -0.412 
1.000 -0.010 -0.019 0.002 0.998 0.008 0.017 -0.054 0.666 -0.356 -0.603 0.178 0.185 -0.953 0.094 -0.059 -0.906 0.111 0.087 -0.879 0.274 -0.252 -0.398 0.022 0.126 -0.529 0.046 -0.047 -0.412 0.010 0.021 -0.412 
1.000 -0.010 -0.019 0.002 0.998 0.004 0.017 -0.057 0.668 -0.347 -0.606 0.177 0.195 -0.952 0.094 -0.051 -0.906 0.110 0.095 -0.878 0.276 -0.246 -0.400 0.021 0.131 -0.528 0.046 -0.043 -0.412 0.009 0.025 -0.412 
1.000 -0.012 -0.017 -0.004 0.999 0.006 0.017 -0.049 0.632 -0.343 -0.627 0.155 0.185 -0.960 0.100 -0.056 -0.904 0.116 0.089 -0.873 0.237 -0.246 -0.425 0.015 0.124 -0.529 0.039 -0.045 -0.413 0.010 0.023 -0.412 
1.000 -0.011 -0.017 -0.004 0.999 0.004 0.019 -0.050 0.632 -0.339 -0.631 0.158 0.189 -0.958 0.103 -0.053 -0.904 0.117 0.093 -0.873 0.237 -0.243 -0.426 0.017 0.127 -0.529 0.040 -0.043 -0.413 0.011 0.025 -0.412 
1.000 -0.012 -0.017 -0.006 0.999 0.007 0.017 -0.049 0.615 -0.349 -0.642 0.157 0.183 -0.960 0.098 -0.059 -0.903 0.115 0.088 -0.874 0.226 -0.247 -0.430 0.017 0.124 -0.529 0.038 -0.046 -0.413 0.010 0.022 -0.412 
1.000 -0.012 -0.020 -0.011 0.999 0.008 0.019 -0.034 0.577 -0.363 -0.641 0.172 0.175 -0.955 0.092 -0.061 -0.907 0.120 0.083 -0.875 0.181 -0.259 -0.444 0.017 0.124 -0.529 0.033 -0.047 -0.413 0.007 0.020 -0.412 
1.000 -0.010 -0.021 -0.010 0.999 0.005 0.023 -0.035 0.553 -0.353 -0.655 0.175 0.181 -0.954 0.102 -0.054 -0.905 0.124 0.089 -0.875 0.157 -0.254 -0.456 0.019 0.127 -0.528 0.036 -0.043 -0.413 0.011 0.022 -0.412 
1.000 -0.010 -0.021 -0.010 0.999 0.004 0.021 -0.036 0.551 -0.352 -0.658 0.171 0.183 -0.954 0.099 -0.053 -0.906 0.121 0.090 -0.876 0.155 -0.253 -0.457 0.017 0.128 -0.528 0.034 -0.042 -0.413 0.010 0.023 -0.412 
1.000 -0.008 -0.019 -0.007 0.999 0.004 0.015 -0.032 0.500 -0.340 -0.713 0.180 0.182 -0.951 0.083 -0.054 -0.909 0.101 0.086 -0.879 0.127 -0.243 -0.471 0.018 0.128 -0.528 0.027 -0.043 -0.414 0.004 0.024 -0.412 
1.000 -0.008 -0.019 -0.008 0.999 0.001 0.018 -0.034 0.498 -0.336 -0.717 0.184 0.185 -0.950 0.087 -0.050 -0.909 0.108 0.090 -0.878 0.127 -0.240 -0.472 0.020 0.129 -0.528 0.030 -0.041 -0.414 0.007 0.025 -0.412 
1.000 -0.011 -0.020 -0.015 0.999 0.004 0.019 -0.028 0.440 -0.355 -0.747 0.168 0.177 -0.957 0.090 -0.056 -0.906 0.115 0.086 -0.875 0.090 -0.248 -0.477 0.018 0.124 -0.529 0.031 -0.044 -0.414 0.013 0.023 -0.412 
1.000 -0.013 -0.025 -0.009 0.999 0.004 0.019 -0.027 0.424 -0.344 -0.760 0.165 0.186 -0.956 0.086 -0.063 -0.907 0.115 0.085 -0.873 0.080 -0.245 -0.481 0.015 0.127 -0.529 0.030 -0.044 -0.414 0.009 0.022 -0.412 
1.000 -0.013 -0.021 -0.012 0.999 0.001 0.017 -0.031 0.406 -0.335 -0.782 0.163 0.169 -0.957 0.086 -0.055 -0.908 0.106 0.089 -0.874 0.076 -0.236 -0.485 0.010 0.120 -0.530 0.030 -0.040 -0.414 0.007 0.026 -0.412 
1.000 -0.013 -0.024 -0.014 0.999 0.001 0.018 -0.030 0.392 -0.328 -0.790 0.162 0.170 -0.959 0.085 -0.054 -0.905 0.106 0.091 -0.874 0.065 -0.229 -0.490 0.014 0.119 -0.531 0.031 -0.041 -0.414 0.012 0.026 -0.412 
1.000 -0.013 -0.023 -0.016 0.999 -0.000 0.019 -0.030 0.376 -0.326 -0.800 0.164 0.167 -0.960 0.087 -0.054 -0.904 0.114 0.092 -0.871 0.056 -0.226 -0.493 0.015 0.117 -0.531 0.031 -0.040 -0.414 0.013 0.026 -0.412 
0.999 -0.011 -0.025 -0.021 1.000 -0.001 0.018 -0.020 0.336 -0.330 -0.815 0.169 0.168 -0.960 0.083 -0.051 -0.906 0.111 0.091 -0.872 0.030 -0.225 -0.496 0.025 0.116 -0.531 0.029 -0.038 -0.414 0.018 0.028 -0.411 
0.999 -0.011 -0.025 -0.021 1.000 -0.004 0.018 -0.023 0.338 -0.323 -0.817 0.170 0.175 -0.959 0.084 -0.045 -0.907 0.112 0.097 -0.871 0.032 -0.222 -0.497 0.025 0.120 -0.530 0.030 -0.035 -0.414 0.018 0.031 -0.411 
0.999 -0.011 -0.025 -0.021 1.000 -0.003 0.017 -0.022 0.335 -0.325 -0.818 0.167 0.173 -0.960 0.081 -0.047 -0.907 0.109 0.096 -0.872 0.030 -0.223 -0.497 0.024 0.119 -0.530 0.028 -0.036 -0.415 0.017 0.030 -0.411 
0.999 -0.011 -0.027 -0.020 1.000 -0.002 0.017 -0.024 0.284 -0.312 -0.852 0.166 0.160 -0.961 0.089 -0.048 -0.904 0.114 0.095 -0.866 0.010 -0.211 -0.503 0.019 0.112 -0.532 0.030 -0.033 -0.415 0.013 0.031 -0.411 
0.999 -0.007 -0.027 -0.027 1.000 -0.007 0.020 -0.017 0.257 -0.303 -0.862 0.164 0.175 -0.962 0.097 -0.039 -0.897 0.117 0.104 -0.867 -0.008 -0.200 -0.507 0.028 0.118 -0.530 0.028 -0.026 -0.415 0.017 0.036 -0.411 
0.999 -0.004 -0.031 -0.017 0.999 -0.008 0.016 -0.027 0.244 -0.302 -0.874 0.168 0.175 -0.959 0.083 -0.037 -0.900 0.112 0.107 -0.866 -0.004 -0.200 -0.507 0.023 0.119 -0.530 0.032 -0.026 -0.415 0.008 0.038 -0.411 
1.000 -0.006 -0.027 -0.013 0.999 -0.007 0.017 -0.028 0.224 -0.308 -0.879 0.154 0.175 -0.963 0.094 -0.041 -0.902 0.117 0.104 -0.865 -0.013 -0.204 -0.505 0.019 0.117 -0.531 0.030 -0.027 -0.415 0.012 0.038 -0.411 
0.999 -0.008 -0.029 -0.018 1.000 -0.005 0.014 -0.023 0.201 -0.310 -0.889 0.161 0.165 -0.961 0.073 -0.040 -0.906 0.108 0.103 -0.865 -0.019 -0.204 -0.505 0.017 0.115 -0.531 0.028 -0.025 -0.415 0.014 0.038 -0.411 
0.999 -0.008 -0.029 -0.018 1.000 -0.005 0.014 -0.023 0.200 -0.311 -0.889 0.161 0.164 -0.961 0.073 -0.041 -0.906 0.108 0.102 -0.865 -0.020 -0.204 -0.505 0.016 0.114 -0.531 0.028 -0.025 -0.415 0.014 0.038 -0.411 
0.999 -0.008 -0.029 -0.018 1.000 -0.007 0.017 -0.025 0.207 -0.306 -0.889 0.167 0.169 -0.960 0.079 -0.036 -0.906 0.113 0.106 -0.864 -0.016 -0.202 -0.506 0.020 0.117 -0.531 0.031 -0.023 -0.415 0.017 0.040 -0.410 
1.000 -0.006 -0.027 -0.008 0.999 -0.010 0.012 -0.029 0.105 -0.305 -0.930 0.155 0.182 -0.963 0.079 -0.028 -0.896 0.102 0.108 -0.864 -0.025 -0.193 -0.509 0.024 0.117 -0.531 0.032 -0.017 -0.415 0.020 0.044 -0.410 
1.000 -0.006 -0.027 -0.008 1.000 -0.009 0.010 -0.028 0.101 -0.307 -0.930 0.152 0.179 -0.964 0.076 -0.030 -0.896 0.099 0.106 -0.864 -0.027 -0.194 -0.509 0.022 0.116 -0.531 0.030 -0.018 -0.416 0.019 0.043 -0.410 
1.000 -0.006 -0.027 -0.008 0.999 -0.010 0.013 -0.028 0.105 -0.305 -0.930 0.159 0.179 -0.963 0.082 -0.029 -0.895 0.104 0.107 -0.863 -0.025 -0.193 -0.509 0.025 0.116 -0.531 0.033 -0.018 -0.415 0.021 0.043 -0.410 
0.999 -0.016 -0.027 -0.017 1.000 -0.008 0.005 -0.023 0.111 -0.286 -0.934 0.157 0.172 -0.963 0.074 -0.033 -0.896 0.101 0.104 -0.866 -0.027 -0.184 -0.512 0.022 0.114 -0.531 0.027 -0.017 -0.416 0.025 0.043 -0.410 
0.999 -0.016 -0.027 -0.017 1.000 -0.007 0.007 -0.022 0.113 -0.288 -0.933 0.160 0.170 -0.963 0.077 -0.036 -0.896 0.103 0.101 -0.866 -0.026 -0.185 -0.512 0.024 0.113 -0.531 0.028 -0.019 -0.416 0.026 0.042 -0.410 
0.999 -0.014 -0.030 -0.019 1.000 -0.005 0.011 -0.016 0.131 -0.283 -0.929 0.165 0.169 -0.965 0.081 -0.039 -0.894 0.114 0.098 -0.863 -0.022 -0.183 -0.513 0.037 0.110 -0.531 0.036 -0.020 -0.415 0.034 0.038 -0.409 
0.999 -0.016 -0.034 -0.016 1.000 -0.003 0.013 -0.019 0.152 -0.263 -0.926 0.188 0.169 -0.959 0.073 -0.041 -0.898 0.113 0.096 -0.865 -0.022 -0.177 -0.515 0.042 0.114 -0.530 0.042 -0.020 -0.414 0.040 0.037 -0.409 
0.999 -0.015 -0.035 -0.016 1.000 -0.003 0.010 -0.019 0.165 -0.260 -0.924 0.183 0.170 -0.960 0.072 -0.042 -0.898 0.110 0.096 -0.866 -0.016 -0.176 -0.516 0.039 0.114 -0.530 0.040 -0.020 -0.415 0.038 0.037 -0.409 
0.999 -0.015 -0.035 -0.016 1.000 -0.000 0.011 -0.017 0.164 -0.266 -0.923 0.186 0.166 -0.960 0.077 -0.047 -0.897 0.113 0.090 -0.865 -0.017 -0.179 -0.515 0.041 0.112 -0.531 0.041 -0.023 -0.414 0.039 0.035 -0.409 
0.999 -0.013 -0.037 -0.015 1.000 -0.002 0.010 -0.019 0.170 -0.256 -0.925 0.193 0.182 -0.955 0.075 -0.044 -0.897 0.113 0.093 -0.866 -0.013 -0.173 -0.517 0.044 0.121 -0.528 0.040 -0.021 -0.415 0.039 0.036 -0.409 
0.999 -0.013 -0.037 -0.015 1.000 -0.003 0.010 -0.020 0.170 -0.253 -0.926 0.192 0.185 -0.955 0.075 -0.041 -0.898 0.112 0.096 -0.866 -0.013 -0.172 -0.517 0.043 0.123 -0.528 0.040 -0.020 -0.415 0.038 0.037 -0.409 
0.999 -0.003 -0.032 0.000 1.000 0.003 0.009 -0.018 0.163 -0.255 -0.927 0.259 0.236 -0.919 0.072 -0.055 -0.900 0.108 0.084 -0.869 -0.014 -0.174 -0.516 0.056 0.155 -0.518 0.033 -0.027 -0.415 0.030 0.033 -0.410 
0.999 -0.003 -0.032 0.000 1.000 0.003 0.010 -0.018 0.165 -0.256 -0.927 0.261 0.235 -0.918 0.074 -0.055 -0.900 0.110 0.084 -0.868 -0.012 -0.174 -0.516 0.057 0.155 -0.518 0.034 -0.027 -0.415 0.031 0.032 -0.410 
0.999 -0.003 -0.032 0.000 1.000 0.005 0.010 -0.017 0.166 -0.258 -0.926 0.264 0.234 -0.918 0.075 -0.059 -0.899 0.111 0.080 -0.869 -0.012 -0.176 -0.516 0.059 0.154 -0.518 0.035 -0.028 -0.415 0.032 0.031 -0.410 
1.000 0.011 -0.030 0.002 1.000 0.005 0.009 0.000 0.149 -0.248 -0.929 0.231 0.293 -0.920 0.076 -0.062 -0.895 0.109 0.084 -0.868 -0.029 -0.166 -0.518 0.070 0.181 -0.508 0.027 -0.034 -0.415 0.035 0.029 -0.410 
0.999 0.013 -0.030 -0.000 1.000 0.004 0.008 -0.000 0.168 -0.241 -0.924 0.242 0.317 -0.909 0.066 -0.061 -0.900 0.113 0.084 -0.869 -0.025 -0.163 -0.520 0.076 0.195 -0.502 0.028 -0.034 -0.415 0.034 0.029 -0.410 
0.999 0.018 -0.028 0.015 1.000 0.006 0.007 -0.009 0.162 -0.239 -0.921 0.265 0.331 -0.887 0.073 -0.063 -0.903 0.109 0.084 -0.871 -0.035 -0.168 -0.518 0.058 0.212 -0.497 0.034 -0.037 -0.414 0.034 0.029 -0.410 
0.999 0.018 -0.025 0.014 1.000 0.007 0.009 -0.004 0.157 -0.239 -0.926 0.271 0.347 -0.874 0.070 -0.065 -0.908 0.111 0.080 -0.872 -0.030 -0.168 -0.518 0.053 0.225 -0.492 0.036 -0.038 -0.414 0.037 0.029 -0.410 
0.999 0.021 -0.029 0.011 1.000 0.007 0.012 -0.001 0.164 -0.236 -0.918 0.297 0.395 -0.843 0.078 -0.066 -0.900 0.111 0.079 -0.875 -0.040 -0.166 -0.518 0.064 0.255 -0.476 0.038 -0.038 -0.414 0.045 0.028 -0.409 
0.999 0.022 -0.029 0.012 1.000 0.005 0.012 -0.002 0.165 -0.232 -0.919 0.292 0.404 -0.840 0.078 -0.063 -0.900 0.111 0.083 -0.874 -0.039 -0.165 -0.518 0.061 0.259 -0.474 0.038 -0.036 -0.414 0.045 0.030 -0.409 
1.000 0.016 -0.023 0.001 1.000 0.003 0.010 0.010 0.162 -0.236 -0.911 0.288 0.431 -0.827 0.061 -0.058 -0.910 0.122 0.083 -0.871 -0.053 -0.167 -0.516 0.059 0.278 -0.463 0.035 -0.034 -0.414 0.043 0.034 -0.409 
0.999 0.026 -0.018 0.018 1.000 -0.002 0.013 0.004 0.142 -0.221 -0.914 0.329 0.475 -0.756 0.075 -0.045 -0.909 0.118 0.100 -0.878 -0.069 -0.165 -0.515 0.041 0.319 -0.438 0.037 -0.024 -0.415 0.047 0.046 -0.407 
1.000 0.024 -0.019 0.006 1.000 -0.002 0.012 0.015 0.138 -0.227 -0.916 0.322 0.548 -0.718 0.073 -0.052 -0.905 0.125 0.097 -0.872 -0.069 -0.160 -0.517 0.047 0.355 -0.409 0.037 -0.024 -0.415 0.053 0.046 -0.406 
1.000 0.025 -0.017 0.008 1.000 -0.006 0.013 0.018 0.133 -0.220 -0.920 0.351 0.616 -0.657 0.072 -0.046 -0.901 0.132 0.098 -0.872 -0.070 -0.155 -0.518 0.075 0.384 -0.377 0.038 -0.021 -0.415 0.059 0.049 -0.405 
0.999 0.025 -0.019 0.008 1.000 -0.008 0.012 0.021 0.132 -0.219 -0.913 0.359 0.634 -0.625 0.067 -0.047 -0.900 0.131 0.105 -0.867 -0.081 -0.154 -0.517 0.069 0.398 -0.363 0.034 -0.018 -0.415 0.053 0.053 -0.406 
0.999 0.030 -0.016 0.019 1.000 -0.007 0.010 0.015 0.115 -0.219 -0.916 0.346 0.663 -0.599 0.058 -0.046 -0.903 0.126 0.101 -0.867 -0.089 -0.155 -0.515 0.058 0.413 -0.349 0.037 -0.020 -0.415 0.048 0.053 -0.406 
0.999 0.031 -0.014 0.019 1.000 -0.007 0.011 0.019 0.105 -0.223 -0.915 0.355 0.677 -0.549 0.066 -0.049 -0.902 0.131 0.100 -0.868 -0.097 -0.158 -0.513 0.039 0.425 -0.337 0.035 -0.019 -0.415 0.046 0.055 -0.406 
0.999 0.032 -0.012 0.013 1.000 -0.008 0.015 0.022 0.113 -0.223 -0.914 0.357 0.713 -0.529 0.066 -0.050 -0.901 0.138 0.099 -0.866 -0.094 -0.154 -0.515 0.063 0.441 -0.311 0.043 -0.022 -0.414 0.060 0.054 -0.405 
0.999 0.033 -0.010 0.014 1.000 -0.007 0.014 0.020 0.122 -0.225 -0.902 0.318 0.745 -0.504 0.069 -0.051 -0.900 0.140 0.096 -0.865 -0.102 -0.153 -0.513 0.034 0.455 -0.296 0.038 -0.021 -0.415 0.058 0.052 -0.405 
0.999 0.034 -0.011 0.012 1.000 -0.010 0.013 0.021 0.130 -0.223 -0.899 0.353 0.732 -0.479 0.072 -0.048 -0.900 0.140 0.108 -0.866 -0.102 -0.153 -0.513 0.042 0.457 -0.291 0.036 -0.019 -0.415 0.059 0.055 -0.405 
0.999 0.036 -0.010 0.016 1.000 -0.009 0.014 0.021 0.122 -0.226 -0.901 0.333 0.757 -0.456 0.074 -0.051 -0.898 0.143 0.103 -0.863 -0.103 -0.154 -0.513 0.030 0.466 -0.278 0.039 -0.020 -0.415 0.061 0.054 -0.404 
0.999 0.037 -0.004 0.017 0.999 -0.008 0.010 0.029 0.092 -0.224 -0.909 0.335 0.785 -0.430 0.079 -0.055 -0.892 0.141 0.097 -0.863 -0.116 -0.148 -0.512 0.047 0.472 -0.265 0.032 -0.022 -0.415 0.062 0.053 -0.404 
0.999 0.035 -0.004 0.011 0.999 -0.007 0.016 0.035 0.098 -0.231 -0.905 0.345 0.791 -0.421 0.079 -0.058 -0.895 0.149 0.091 -0.861 -0.115 -0.150 -0.512 0.060 0.475 -0.257 0.040 -0.027 -0.414 0.068 0.050 -0.404 
0.999 0.035 -0.005 0.013 0.999 -0.008 0.014 0.033 0.085 -0.229 -0.910 0.342 0.800 -0.413 0.077 -0.059 -0.893 0.148 0.092 -0.858 -0.119 -0.150 -0.511 0.063 0.476 -0.254 0.039 -0.027 -0.414 0.067 0.050 -0.404 
0.999 0.040 0.001 0.010 0.999 -0.014 0.011 0.043 0.070 -0.227 -0.914 0.357 0.839 -0.362 0.067 -0.052 -0.893 0.155 0.092 -0.851 -0.124 -0.141 -0.512 0.107 0.486 -0.219 0.034 -0.028 -0.415 0.067 0.052 -0.404 
0.999 0.044 0.005 0.018 0.999 -0.013 0.010 0.033 0.075 -0.226 -0.911 0.333 0.833 -0.356 0.074 -0.050 -0.890 0.150 0.095 -0.855 -0.125 -0.142 -0.512 0.061 0.492 -0.223 0.039 -0.026 -0.414 0.063 0.056 -0.404 
0.998 0.049 0.002 0.032 1.000 -0.017 0.014 0.021 0.074 -0.218 -0.909 0.330 0.835 -0.291 0.083 -0.043 -0.890 0.144 0.108 -0.857 -0.130 -0.146 -0.509 0.030 0.502 -0.205 0.043 -0.020 -0.414 0.065 0.062 -0.403 
0.998 0.051 0.005 0.032 1.000 -0.016 0.014 0.021 0.080 -0.219 -0.909 0.309 0.855 -0.280 0.091 -0.046 -0.886 0.149 0.106 -0.855 -0.126 -0.144 -0.511 0.026 0.508 -0.192 0.043 -0.021 -0.414 0.063 0.061 -0.403 
0.999 0.048 0.008 0.020 0.999 -0.011 0.016 0.034 0.080 -0.228 -0.905 0.319 0.856 -0.281 0.086 -0.058 -0.885 0.161 0.090 -0.851 -0.129 -0.140 -0.511 0.039 0.508 -0.190 0.045 -0.028 -0.414 0.068 0.055 -0.403 
0.999 0.045 0.007 -0.001 0.998 -0.008 0.015 0.054 0.064 -0.232 -0.909 0.352 0.872 -0.258 0.071 -0.068 -0.887 0.159 0.080 -0.853 -0.134 -0.136 -0.511 0.090 0.512 -0.159 0.044 -0.037 -0.413 0.083 0.044 -0.402 
0.999 0.045 0.005 0.003 0.999 -0.009 0.018 0.050 0.078 -0.234 -0.909 0.344 0.880 -0.247 0.076 -0.064 -0.886 0.163 0.081 -0.851 -0.124 -0.135 -0.514 0.089 0.513 -0.157 0.040 -0.034 -0.414 0.079 0.046 -0.402 
0.999 0.043 0.005 0.005 0.999 -0.008 0.017 0.045 0.073 -0.235 -0.917 0.337 0.894 -0.208 0.071 -0.069 -0.887 0.161 0.075 -0.851 -0.116 -0.139 -0.515 0.088 0.518 -0.140 0.047 -0.037 -0.413 0.080 0.045 -0.402 
0.999 0.049 0.012 0.007 0.999 -0.009 0.017 0.050 0.065 -0.233 -0.917 0.352 0.896 -0.198 0.080 -0.069 -0.882 0.161 0.076 -0.852 -0.122 -0.135 -0.514 0.108 0.516 -0.132 0.038 -0.034 -0.414 0.082 0.046 -0.402 
0.999 0.050 0.012 0.006 0.998 -0.010 0.017 0.056 0.061 -0.232 -0.915 0.377 0.889 -0.181 0.085 -0.065 -0.884 0.165 0.078 -0.850 -0.128 -0.131 -0.514 0.122 0.515 -0.124 0.042 -0.033 -0.414 0.087 0.048 -0.400 
0.999 0.051 0.013 0.007 0.998 -0.009 0.015 0.060 0.045 -0.231 -0.918 0.367 0.898 -0.161 0.085 -0.070 -0.877 0.163 0.076 -0.851 -0.134 -0.129 -0.513 0.121 0.517 -0.115 0.038 -0.033 -0.414 0.085 0.048 -0.401 
0.999 0.051 0.015 0.007 0.998 -0.009 0.015 0.059 0.051 -0.231 -0.918 0.359 0.904 -0.152 0.085 -0.068 -0.878 0.164 0.074 -0.852 -0.131 -0.128 -0.514 0.118 0.519 -0.109 0.038 -0.033 -0.414 0.087 0.047 -0.401 
0.999 0.052 0.015 0.010 0.999 -0.011 0.018 0.050 0.059 -0.226 -0.923 0.360 0.900 -0.122 0.099 -0.062 -0.876 0.167 0.083 -0.850 -0.120 -0.129 -0.516 0.103 0.524 -0.101 0.045 -0.027 -0.414 0.087 0.054 -0.400 
0.999 0.048 0.014 0.001 0.998 -0.005 0.020 0.060 0.073 -0.235 -0.904 0.366 0.896 -0.106 0.078 -0.074 -0.887 0.175 0.069 -0.853 -0.133 -0.130 -0.513 0.100 0.526 -0.094 0.046 -0.036 -0.413 0.091 0.046 -0.400 
0.999 0.047 0.014 -0.008 0.997 -0.006 0.019 0.071 0.056 -0.234 -0.911 0.385 0.908 -0.083 0.060 -0.069 -0.887 0.180 0.066 -0.847 -0.136 -0.123 -0.514 0.148 0.519 -0.068 0.040 -0.035 -0.414 0.093 0.044 -0.399 
0.999 0.047 0.012 -0.011 0.997 -0.005 0.021 0.072 0.059 -0.234 -0.909 0.392 0.905 -0.069 0.069 -0.071 -0.887 0.183 0.064 -0.841 -0.136 -0.119 -0.515 0.148 0.519 -0.062 0.047 -0.036 -0.413 0.097 0.042 -0.399 
0.999 0.048 0.013 -0.010 0.997 -0.006 0.020 0.071 0.061 -0.232 -0.910 0.388 0.908 -0.058 0.083 -0.070 -0.880 0.182 0.067 -0.844 -0.135 -0.118 -0.515 0.146 0.521 -0.055 0.048 -0.035 -0.413 0.096 0.043 -0.399 
0.999 0.050 0.014 -0.010 0.997 -0.008 0.022 0.070 0.070 -0.233 -0.910 0.387 0.910 -0.032 0.080 -0.066 -0.880 0.184 0.069 -0.845 -0.128 -0.119 -0.517 0.148 0.521 -0.042 0.049 -0.035 -0.413 0.098 0.044 -0.398 
0.999 0.049 0.010 -0.013 0.997 -0.007 0.018 0.068 0.071 -0.235 -0.911 0.403 0.903 -0.016 0.072 -0.066 -0.883 0.174 0.069 -0.848 -0.125 -0.119 -0.517 0.157 0.519 -0.036 0.046 -0.035 -0.413 0.096 0.043 -0.399 
0.999 0.052 0.016 0.001 0.998 -0.007 0.019 0.057 0.068 -0.229 -0.903 0.372 0.904 0.021 0.067 -0.061 -0.892 0.174 0.073 -0.853 -0.141 -0.122 -0.513 0.115 0.531 -0.030 0.050 -0.033 -0.413 0.095 0.048 -0.399 
0.998 0.053 0.016 0.002 0.998 -0.007 0.019 0.057 0.063 -0.228 -0.904 0.363 0.908 0.032 0.083 -0.065 -0.887 0.177 0.074 -0.854 -0.143 -0.121 -0.512 0.111 0.532 -0.024 0.052 -0.033 -0.413 0.096 0.048 -0.398 
0.998 0.053 0.016 0.002 0.998 -0.007 0.018 0.057 0.062 -0.228 -0.904 0.363 0.908 0.032 0.082 -0.065 -0.887 0.176 0.074 -0.854 -0.143 -0.121 -0.512 0.111 0.532 -0.024 0.052 -0.033 -0.413 0.095 0.048 -0.398 
0.998 0.062 0.018 -0.006 0.998 -0.018 0.017 0.053 0.061 -0.222 -0.909 0.344 0.913 0.121 0.081 -0.042 -0.887 0.173 0.096 -0.847 -0.138 -0.103 -0.518 0.114 0.531 0.022 0.046 -0.020 -0.414 0.091 0.059 -0.398 
0.997 0.067 0.025 -0.015 0.998 -0.019 0.017 0.059 0.045 -0.223 -0.919 0.352 0.911 0.171 0.092 -0.042 -0.880 0.175 0.093 -0.840 -0.133 -0.092 -0.521 0.139 0.522 0.060 0.045 -0.020 -0.414 0.094 0.059 -0.397 
0.997 0.071 0.024 -0.009 0.998 -0.022 0.016 0.057 0.026 -0.224 -0.922 0.377 0.892 0.195 0.080 -0.036 -0.884 0.176 0.095 -0.841 -0.141 -0.098 -0.518 0.144 0.520 0.068 0.048 -0.019 -0.414 0.091 0.060 -0.398 
0.997 0.074 0.024 0.005 0.999 -0.023 0.017 0.043 0.033 -0.227 -0.926 0.357 0.896 0.211 0.090 -0.035 -0.882 0.177 0.099 -0.836 -0.130 -0.100 -0.520 0.134 0.521 0.077 0.054 -0.019 -0.413 0.086 0.062 -0.399 
0.997 0.074 0.024 0.006 0.999 -0.021 0.020 0.045 0.040 -0.231 -0.925 0.351 0.900 0.211 0.092 -0.038 -0.880 0.177 0.095 -0.837 -0.125 -0.103 -0.521 0.132 0.522 0.077 0.054 -0.021 -0.413 0.088 0.060 -0.398 
0.997 0.074 0.024 0.006 0.999 -0.022 0.018 0.044 0.045 -0.229 -0.924 0.356 0.897 0.210 0.084 -0.035 -0.883 0.175 0.098 -0.838 -0.124 -0.102 -0.521 0.134 0.521 0.076 0.054 -0.020 -0.413 0.088 0.061 -0.398 
0.997 0.074 0.025 0.005 0.999 -0.021 0.020 0.044 0.044 -0.229 -0.924 0.361 0.896 0.209 0.098 -0.038 -0.876 0.181 0.096 -0.838 -0.124 -0.102 -0.521 0.137 0.521 0.076 0.056 -0.022 -0.413 0.090 0.060 -0.398 
0.997 0.074 0.023 0.004 0.999 -0.022 0.021 0.042 0.056 -0.227 -0.924 0.370 0.891 0.210 0.088 -0.035 -0.881 0.182 0.099 -0.836 -0.118 -0.100 -0.523 0.140 0.520 0.076 0.056 -0.021 -0.413 0.091 0.061 -0.398 
0.997 0.074 0.023 0.004 0.999 -0.021 0.019 0.043 0.051 -0.230 -0.923 0.374 0.891 0.205 0.086 -0.038 -0.881 0.178 0.097 -0.837 -0.121 -0.102 -0.522 0.142 0.520 0.073 0.055 -0.022 -0.413 0.089 0.060 -0.398 
0.997 0.078 0.026 0.010 0.999 -0.021 0.022 0.038 0.057 -0.231 -0.917 0.375 0.881 0.220 0.102 -0.038 -0.881 0.181 0.097 -0.834 -0.125 -0.097 -0.522 0.134 0.522 0.075 0.056 -0.021 -0.413 0.090 0.060 -0.398 
0.997 0.079 0.025 0.009 0.999 -0.028 0.019 0.036 0.035 -0.215 -0.926 0.373 0.878 0.226 0.095 -0.024 -0.882 0.171 0.112 -0.838 -0.133 -0.095 -0.520 0.128 0.523 0.077 0.054 -0.013 -0.413 0.085 0.068 -0.398 
0.997 0.078 0.024 0.010 0.999 -0.023 0.021 0.037 0.038 -0.224 -0.924 0.373 0.884 0.199 0.092 -0.031 -0.880 0.178 0.105 -0.839 -0.131 -0.099 -0.520 0.127 0.525 0.061 0.057 -0.018 -0.413 0.085 0.065 -0.398 
0.997 0.075 0.024 0.017 0.999 -0.020 0.019 0.029 0.048 -0.229 -0.918 0.358 0.887 0.185 0.092 -0.037 -0.883 0.171 0.101 -0.843 -0.131 -0.104 -0.519 0.109 0.531 0.043 0.053 -0.019 -0.413 0.080 0.064 -0.399 
0.997 0.069 0.027 0.024 0.999 -0.015 0.016 0.029 0.027 -0.234 -0.913 0.354 0.889 0.139 0.090 -0.045 -0.887 0.166 0.095 -0.853 -0.151 -0.114 -0.512 0.097 0.535 0.008 0.052 -0.023 -0.413 0.078 0.063 -0.400 
0.997 0.067 0.024 0.017 0.999 -0.016 0.015 0.028 0.050 -0.236 -0.915 0.358 0.891 0.115 0.081 -0.043 -0.894 0.167 0.091 -0.852 -0.132 -0.117 -0.516 0.098 0.535 -0.002 0.051 -0.024 -0.413 0.078 0.061 -0.400 
0.997 0.067 0.027 0.019 0.999 -0.017 0.015 0.027 0.035 -0.233 -0.918 0.345 0.902 0.100 0.086 -0.041 -0.888 0.161 0.097 -0.853 -0.138 -0.115 -0.515 0.095 0.535 -0.008 0.051 -0.022 -0.413 0.077 0.064 -0.400 
0.998 0.062 0.024 0.015 0.999 -0.015 0.016 0.029 0.055 -0.235 -0.908 0.368 0.892 0.018 0.078 -0.044 -0.897 0.167 0.093 -0.854 -0.140 -0.123 -0.513 0.092 0.534 -0.047 0.052 -0.024 -0.413 0.078 0.061 -0.400 
0.998 0.062 0.024 0.015 0.999 -0.014 0.016 0.030 0.053 -0.237 -0.908 0.363 0.895 0.007 0.085 -0.046 -0.892 0.161 0.092 -0.854 -0.140 -0.124 -0.512 0.090 0.534 -0.052 0.053 -0.024 -0.413 0.077 0.061 -0.401 
0.998 0.062 0.024 0.015 0.999 -0.013 0.015 0.031 0.051 -0.240 -0.907 0.365 0.894 0.004 0.083 -0.049 -0.892 0.160 0.089 -0.855 -0.141 -0.125 -0.512 0.091 0.533 -0.054 0.052 -0.026 -0.413 0.076 0.059 -0.401 
0.998 0.062 0.024 0.015 0.999 -0.014 0.016 0.030 0.054 -0.238 -0.908 0.363 0.894 0.007 0.085 -0.047 -0.892 0.161 0.092 -0.854 -0.140 -0.124 -0.512 0.090 0.534 -0.052 0.053 -0.025 -0.413 0.077 0.060 -0.401 
0.998 0.059 0.007 0.015 0.999 -0.014 0.019 0.024 0.096 -0.214 -0.912 0.351 0.873 -0.216 0.084 -0.045 -0.891 0.159 0.100 -0.853 -0.114 -0.121 -0.519 0.071 0.520 -0.143 0.054 -0.020 -0.413 0.074 0.060 -0.401 
0.999 0.046 0.010 0.005 0.999 -0.006 0.020 0.029 0.092 -0.226 -0.913 0.340 0.858 -0.245 0.082 -0.059 -0.888 0.158 0.088 -0.859 -0.111 -0.134 -0.517 0.050 0.512 -0.175 0.048 -0.026 -0.413 0.073 0.055 -0.402 
0.999 0.040 0.006 -0.004 0.999 -0.007 0.019 0.035 0.098 -0.231 -0.912 0.347 0.856 -0.282 0.080 -0.058 -0.886 0.160 0.086 -0.854 -0.106 -0.134 -0.518 0.071 0.504 -0.189 0.046 -0.026 -0.414 0.074 0.054 -0.402 
0.999 0.043 0.004 0.002 0.999 -0.013 0.020 0.030 0.107 -0.228 -0.916 0.346 0.856 -0.301 0.083 -0.044 -0.885 0.169 0.101 -0.853 -0.096 -0.133 -0.520 0.080 0.500 -0.197 0.046 -0.015 -0.414 0.067 0.062 -0.402 
0.999 0.037 0.006 0.007 0.999 -0.010 0.017 0.028 0.099 -0.228 -0.916 0.325 0.835 -0.335 0.078 -0.047 -0.893 0.163 0.096 -0.858 -0.102 -0.140 -0.517 0.043 0.495 -0.219 0.043 -0.016 -0.414 0.065 0.061 -0.403 
0.999 0.032 0.003 0.005 0.999 -0.010 0.020 0.038 0.087 -0.230 -0.916 0.346 0.814 -0.377 0.076 -0.048 -0.895 0.164 0.094 -0.857 -0.109 -0.144 -0.515 0.063 0.484 -0.238 0.043 -0.019 -0.414 0.072 0.057 -0.402 
0.999 0.032 0.002 0.006 0.999 -0.011 0.018 0.039 0.090 -0.231 -0.914 0.345 0.777 -0.423 0.079 -0.041 -0.896 0.153 0.100 -0.860 -0.110 -0.146 -0.514 0.044 0.473 -0.264 0.040 -0.013 -0.415 0.068 0.061 -0.402 
1.000 0.022 -0.003 0.001 0.999 -0.008 0.019 0.044 0.104 -0.224 -0.916 0.351 0.747 -0.462 0.072 -0.047 -0.897 0.157 0.097 -0.860 -0.098 -0.147 -0.516 0.044 0.458 -0.289 0.040 -0.018 -0.415 0.069 0.058 -0.403 
1.000 0.019 -0.000 0.000 0.999 -0.007 0.018 0.043 0.109 -0.229 -0.915 0.331 0.746 -0.502 0.076 -0.049 -0.896 0.155 0.094 -0.864 -0.095 -0.149 -0.516 0.048 0.448 -0.304 0.038 -0.019 -0.415 0.065 0.056 -0.403 
1.000 0.018 -0.003 0.004 0.999 -0.006 0.017 0.050 0.090 -0.230 -0.917 0.354 0.712 -0.544 0.062 -0.049 -0.905 0.152 0.090 -0.863 -0.105 -0.153 -0.513 0.072 0.431 -0.323 0.036 -0.022 -0.415 0.065 0.053 -0.404 
1.000 0.017 -0.005 0.001 0.999 -0.011 0.014 0.041 0.108 -0.225 -0.921 0.348 0.702 -0.562 0.063 -0.038 -0.901 0.145 0.103 -0.865 -0.088 -0.150 -0.517 0.068 0.423 -0.334 0.031 -0.013 -0.416 0.057 0.060 -0.404 
1.000 0.018 -0.005 0.007 0.999 -0.009 0.017 0.043 0.105 -0.226 -0.921 0.354 0.674 -0.587 0.070 -0.038 -0.901 0.148 0.102 -0.868 -0.089 -0.154 -0.516 0.068 0.413 -0.346 0.035 -0.014 -0.415 0.064 0.058 -0.403 
1.000 0.012 -0.008 -0.005 0.998 -0.007 0.015 0.055 0.115 -0.222 -0.920 0.372 0.659 -0.604 0.070 -0.042 -0.901 0.146 0.097 -0.867 -0.085 -0.148 -0.518 0.090 0.401 -0.355 0.029 -0.016 -0.416 0.061 0.054 -0.404 
1.000 0.013 -0.007 -0.004 0.999 -0.009 0.012 0.053 0.115 -0.222 -0.920 0.362 0.649 -0.620 0.068 -0.038 -0.899 0.141 0.101 -0.870 -0.086 -0.148 -0.518 0.083 0.395 -0.363 0.025 -0.013 -0.416 0.057 0.056 -0.405 
1.000 0.007 -0.009 -0.002 0.999 -0.006 0.016 0.051 0.110 -0.224 -0.927 0.368 0.616 -0.646 0.072 -0.043 -0.901 0.150 0.096 -0.867 -0.077 -0.150 -0.519 0.084 0.376 -0.383 0.030 -0.014 -0.416 0.057 0.056 -0.405 
1.000 0.001 -0.010 0.006 0.999 -0.005 0.010 0.041 0.099 -0.226 -0.930 0.350 0.586 -0.668 0.048 -0.042 -0.913 0.135 0.095 -0.871 -0.077 -0.158 -0.516 0.055 0.362 -0.402 0.026 -0.017 -0.416 0.050 0.054 -0.406 
1.000 0.004 -0.009 0.014 0.999 -0.004 0.011 0.039 0.097 -0.220 -0.927 0.342 0.563 -0.690 0.049 -0.042 -0.914 0.131 0.096 -0.875 -0.085 -0.160 -0.515 0.050 0.352 -0.410 0.029 -0.018 -0.416 0.050 0.055 -0.406 
1.000 0.000 -0.010 0.017 0.999 -0.005 0.013 0.034 0.106 -0.219 -0.931 0.332 0.541 -0.704 0.062 -0.043 -0.910 0.135 0.098 -0.872 -0.072 -0.159 -0.517 0.034 0.339 -0.423 0.032 -0.017 -0.416 0.046 0.055 -0.406 
1.000 -0.001 -0.010 0.017 0.999 -0.005 0.010 0.033 0.093 -0.217 -0.932 0.314 0.527 -0.724 0.058 -0.041 -0.911 0.129 0.100 -0.872 -0.080 -0.158 -0.516 0.025 0.330 -0.431 0.028 -0.016 -0.416 0.043 0.056 -0.406 
1.000 -0.003 -0.013 0.014 0.999 -0.001 0.012 0.037 0.102 -0.227 -0.926 0.323 0.492 -0.750 0.063 -0.051 -0.910 0.132 0.090 -0.871 -0.080 -0.163 -0.514 0.037 0.307 -0.447 0.027 -0.022 -0.416 0.044 0.050 -0.407 
1.000 -0.003 -0.015 0.014 0.999 -0.006 0.013 0.032 0.105 -0.217 -0.930 0.311 0.481 -0.765 0.071 -0.042 -0.909 0.134 0.102 -0.874 -0.075 -0.159 -0.516 0.034 0.303 -0.450 0.028 -0.016 -0.416 0.047 0.054 -0.406 
1.000 -0.002 -0.011 0.022 1.000 -0.004 0.012 0.026 0.098 -0.218 -0.932 0.294 0.454 -0.792 0.071 -0.046 -0.908 0.127 0.101 -0.876 -0.075 -0.162 -0.515 0.029 0.286 -0.461 0.032 -0.020 -0.415 0.042 0.055 -0.407 
1.000 -0.004 -0.015 0.023 1.000 -0.001 0.011 0.015 0.113 -0.210 -0.931 0.271 0.401 -0.822 0.054 -0.050 -0.919 0.119 0.096 -0.879 -0.067 -0.163 -0.516 0.008 0.263 -0.476 0.033 -0.025 -0.415 0.039 0.049 -0.408 
1.000 -0.005 -0.016 0.017 0.999 0.000 0.014 0.029 0.102 -0.213 -0.936 0.280 0.364 -0.850 0.080 -0.055 -0.909 0.128 0.101 -0.877 -0.068 -0.160 -0.517 0.034 0.239 -0.487 0.028 -0.025 -0.415 0.046 0.049 -0.407 
1.000 -0.014 -0.014 0.012 0.999 0.003 0.011 0.031 0.113 -0.221 -0.931 0.286 0.340 -0.858 0.060 -0.059 -0.919 0.140 0.086 -0.873 -0.064 -0.164 -0.516 0.037 0.225 -0.493 0.028 -0.029 -0.415 0.038 0.045 -0.408 
1.000 -0.006 -0.016 0.023 1.000 -0.001 0.011 0.021 0.111 -0.210 -0.936 0.273 0.319 -0.874 0.064 -0.049 -0.917 0.127 0.102 -0.877 -0.061 -0.160 -0.518 0.036 0.211 -0.500 0.031 -0.025 -0.415 0.040 0.051 -0.407 
1.000 -0.010 -0.012 0.020 1.000 0.003 0.006 0.023 0.097 -0.221 -0.939 0.258 0.303 -0.888 0.051 -0.057 -0.916 0.121 0.087 -0.877 -0.061 -0.164 -0.517 0.034 0.200 -0.504 0.028 -0.030 -0.415 0.035 0.047 -0.408 
1.000 -0.008 -0.015 0.019 1.000 0.001 0.012 0.016 0.120 -0.212 -0.937 0.258 0.293 -0.887 0.064 -0.054 -0.916 0.124 0.094 -0.879 -0.051 -0.158 -0.519 0.026 0.196 -0.506 0.030 -0.027 -0.415 0.036 0.049 -0.408 
1.000 -0.013 -0.017 0.015 1.000 0.001 0.005 0.015 0.120 -0.208 -0.941 0.243 0.282 -0.895 0.054 -0.053 -0.916 0.113 0.096 -0.879 -0.045 -0.155 -0.521 0.018 0.188 -0.510 0.023 -0.026 -0.416 0.029 0.049 -0.409 
1.000 -0.016 -0.019 0.008 1.000 0.002 0.005 0.019 0.116 -0.213 -0.939 0.229 0.279 -0.900 0.044 -0.060 -0.918 0.115 0.096 -0.879 -0.051 -0.157 -0.520 0.011 0.188 -0.510 0.020 -0.029 -0.416 0.027 0.049 -0.409 
1.000 -0.010 -0.015 0.011 1.000 0.003 0.006 0.022 0.111 -0.214 -0.937 0.222 0.253 -0.913 0.052 -0.056 -0.917 0.110 0.092 -0.882 -0.059 -0.157 -0.519 0.013 0.172 -0.516 0.020 -0.032 -0.415 0.024 0.047 -0.409 
1.000 -0.009 -0.019 0.013 1.000 -0.002 0.004 0.016 0.118 -0.204 -0.939 0.214 0.262 -0.913 0.051 -0.048 -0.914 0.106 0.103 -0.880 -0.053 -0.151 -0.521 0.010 0.176 -0.514 0.020 -0.027 -0.416 0.025 0.051 -0.409 
1.000 -0.012 -0.023 0.014 1.000 0.000 0.006 0.016 0.128 -0.210 -0.939 0.225 0.246 -0.912 0.051 -0.051 -0.915 0.107 0.098 -0.878 -0.043 -0.155 -0.521 0.010 0.166 -0.517 0.021 -0.027 -0.416 0.023 0.048 -0.409 
1.000 -0.016 -0.023 0.013 1.000 -0.000 0.005 0.018 0.129 -0.214 -0.940 0.221 0.231 -0.924 0.049 -0.053 -0.911 0.110 0.094 -0.878 -0.038 -0.156 -0.521 0.023 0.153 -0.521 0.016 -0.027 -0.416 0.025 0.046 -0.409 
1.000 -0.015 -0.026 0.006 1.000 0.001 0.011 0.015 0.148 -0.213 -0.939 0.224 0.228 -0.923 0.067 -0.055 -0.907 0.116 0.093 -0.875 -0.025 -0.153 -0.523 0.021 0.154 -0.521 0.022 -0.023 -0.416 0.028 0.045 -0.409 
1.000 -0.016 -0.026 0.004 1.000 0.003 0.007 0.019 0.145 -0.217 -0.937 0.220 0.219 -0.923 0.052 -0.057 -0.911 0.114 0.089 -0.876 -0.029 -0.156 -0.522 0.013 0.151 -0.522 0.018 -0.025 -0.416 0.028 0.043 -0.409 
1.000 -0.015 -0.026 0.004 1.000 0.001 0.008 0.018 0.143 -0.213 -0.939 0.225 0.222 -0.921 0.056 -0.055 -0.912 0.118 0.092 -0.876 -0.030 -0.154 -0.522 0.016 0.153 -0.521 0.022 -0.024 -0.416 0.028 0.045 -0.409 
1.000 -0.014 -0.025 0.011 1.000 0.004 0.006 0.021 0.135 -0.209 -0.944 0.216 0.202 -0.929 0.056 -0.060 -0.909 0.114 0.085 -0.877 -0.029 -0.151 -0.523 0.013 0.140 -0.525 0.021 -0.028 -0.416 0.026 0.042 -0.410 
0.999 -0.014 -0.026 0.011 1.000 0.005 0.004 0.021 0.132 -0.209 -0.944 0.209 0.201 -0.931 0.049 -0.060 -0.911 0.111 0.085 -0.878 -0.031 -0.151 -0.523 0.009 0.139 -0.525 0.019 -0.028 -0.416 0.025 0.041 -0.410 
0.999 -0.013 -0.028 0.009 1.000 0.006 0.003 0.020 0.135 -0.205 -0.944 0.210 0.195 -0.932 0.048 -0.062 -0.909 0.110 0.084 -0.876 -0.031 -0.149 -0.524 0.009 0.136 -0.526 0.019 -0.029 -0.416 0.026 0.040 -0.410 
0.999 -0.013 -0.028 0.009 1.000 0.005 0.002 0.019 0.132 -0.204 -0.944 0.207 0.196 -0.932 0.046 -0.061 -0.909 0.107 0.085 -0.877 -0.032 -0.148 -0.524 0.007 0.137 -0.526 0.017 -0.028 -0.416 0.024 0.041 -0.410 
0.999 -0.013 -0.028 0.009 1.000 0.005 0.002 0.019 0.133 -0.203 -0.944 0.207 0.198 -0.932 0.046 -0.060 -0.909 0.107 0.086 -0.876 -0.032 -0.148 -0.524 0.007 0.137 -0.526 0.018 -0.027 -0.416 0.025 0.042 -0.410 
0.999 -0.013 -0.028 0.009 1.000 0.005 0.004 0.019 0.137 -0.205 -0.944 0.211 0.196 -0.931 0.050 -0.061 -0.909 0.111 0.085 -0.876 -0.030 -0.148 -0.524 0.010 0.136 -0.526 0.019 -0.028 -0.416 0.026 0.041 -0.410 
0.999 -0.013 -0.028 0.009 1.000 0.006 0.004 0.020 0.136 -0.206 -0.943 0.211 0.195 -0.931 0.050 -0.062 -0.909 0.111 0.084 -0.876 -0.030 -0.149 -0.524 0.010 0.136 -0.526 0.019 -0.029 -0.416 0.026 0.040 -0.410 
0.999 -0.013 -0.028 0.009 1.000 0.004 0.003 0.018 0.135 -0.202 -0.944 0.208 0.199 -0.931 0.048 -0.059 -0.909 0.109 0.087 -0.876 -0.031 -0.147 -0.524 0.008 0.138 -0.526 0.018 -0.027 -0.416 0.025 0.042 -0.410 
0.999 -0.013 -0.028 0.009 1.000 0.005 0.003 0.019 0.135 -0.204 -0.944 0.209 0.197 -0.932 0.048 -0.061 -0.909 0.109 0.085 -0.876 -0.031 -0.148 -0.524 0.008 0.137 -0.526 0.018 -0.028 -0.416 0.025 0.041 -0.410 
0.999 -0.013 -0.028 0.009 1.000 0.005 0.002 0.019 0.134 -0.204 -0.944 0.208 0.196 -0.932 0.047 -0.061 -0.909 0.108 0.085 -0.877 -0.031 -0.148 -0.524 0.008 0.137 -0.526 0.018 -0.028 -0.416 0.025 0.041 -0.410 
0.999 -0.013 -0.028 0.009 1.000 0.006 0.003 0.020 0.135 -0.206 -0.943 0.210 0.195 -0.932 0.048 -0.063 -0.909 0.110 0.083 -0.876 -0.031 -0.149 -0.524 0.009 0.136 -0.526 0.019 -0.029 -0.416 0.026 0.040 -0.410 
0.999 -0.013 -0.028 0.009 1.000 0.005 0.003 0.019 0.135 -0.205 -0.944 0.209 0.196 -0.932 0.048 -0.062 -0.909 0.109 0.084 -0.876 -0.031 -0.149 -0.524 0.009 0.136 -0.526 0.019 -0.028 -0.416 0.026 0.041 -0.410 
0.999 -0.013 -0.028 0.009 1.000 0.003 0.004 0.018 0.136 -0.200 -0.944 0.209 0.201 -0.931 0.049 -0.058 -0.909 0.110 0.088 -0.876 -0.030 -0.146 -0.524 0.009 0.139 -0.526 0.019 -0.026 -0.416 0.026 0.042 -0.410 
0.999 -0.013 -0.028 0.009 1.000 0.003 0.004 0.018 0.136 -0.200 -0.944 0.209 0.201 -0.931 0.049 -0.058 -0.909 0.110 0.088 -0.876 -0.030 -0.146 -0.524 0.009 0.139 -0.526 0.019 -0.026 -0.416 0.026 0.042 -0.410 
1.000 0.002 -0.030 0.006 1.000 0.006 0.002 0.015 0.166 -0.197 -0.938 0.223 0.196 -0.932 0.054 -0.063 -0.905 0.106 0.085 -0.880 -0.018 -0.146 -0.525 0.025 0.139 -0.525 0.031 -0.030 -0.415 0.038 0.039 -0.409 
1.000 0.002 -0.030 0.005 1.000 0.008 -0.001 0.015 0.161 -0.198 -0.939 0.221 0.193 -0.933 0.047 -0.063 -0.905 0.102 0.084 -0.881 -0.020 -0.146 -0.525 0.023 0.137 -0.526 0.029 -0.030 -0.415 0.035 0.039 -0.409 
0.999 -0.000 -0.033 -0.008 0.999 0.016 0.004 0.028 0.181 -0.209 -0.925 0.240 0.182 -0.930 0.051 -0.073 -0.905 0.114 0.073 -0.886 -0.024 -0.153 -0.523 0.034 0.137 -0.525 0.031 -0.030 -0.415 0.050 0.037 -0.408 
0.999 -0.002 -0.033 -0.009 0.999 0.017 0.005 0.034 0.174 -0.209 -0.927 0.238 0.183 -0.936 0.050 -0.070 -0.905 0.124 0.073 -0.883 -0.027 -0.152 -0.523 0.045 0.134 -0.525 0.033 -0.028 -0.415 0.051 0.039 -0.408 
0.999 -0.002 -0.032 -0.009 0.999 0.016 0.006 0.033 0.175 -0.207 -0.927 0.231 0.186 -0.937 0.051 -0.068 -0.906 0.124 0.075 -0.883 -0.026 -0.151 -0.523 0.042 0.134 -0.525 0.034 -0.027 -0.415 0.052 0.039 -0.407 
0.999 -0.002 -0.032 -0.009 0.999 0.016 0.009 0.033 0.180 -0.208 -0.927 0.236 0.186 -0.936 0.056 -0.068 -0.905 0.129 0.074 -0.882 -0.023 -0.152 -0.523 0.045 0.134 -0.525 0.036 -0.027 -0.415 0.054 0.039 -0.407 
0.999 -0.002 -0.032 -0.009 0.999 0.013 0.007 0.030 0.177 -0.200 -0.929 0.232 0.194 -0.935 0.053 -0.061 -0.906 0.125 0.082 -0.882 -0.025 -0.148 -0.524 0.043 0.138 -0.524 0.035 -0.024 -0.415 0.052 0.043 -0.407 
0.999 -0.002 -0.032 -0.009 0.999 0.017 0.006 0.033 0.175 -0.209 -0.927 0.232 0.184 -0.937 0.052 -0.069 -0.906 0.125 0.073 -0.883 -0.026 -0.152 -0.523 0.043 0.133 -0.525 0.034 -0.028 -0.415 0.052 0.039 -0.407 
0.999 -0.002 -0.032 -0.009 0.999 0.013 0.007 0.031 0.178 -0.201 -0.928 0.232 0.193 -0.936 0.054 -0.062 -0.906 0.126 0.081 -0.882 -0.024 -0.148 -0.524 0.043 0.138 -0.524 0.035 -0.025 -0.415 0.053 0.042 -0.407 
1.000 -0.008 -0.026 0.009 1.000 0.001 0.007 -0.010 0.183 -0.254 -0.921 0.186 0.217 -0.935 0.045 -0.060 -0.910 0.107 0.084 -0.875 -0.007 -0.181 -0.514 0.001 0.147 -0.524 0.042 -0.037 -0.413 0.038 0.036 -0.409 
0.999 -0.009 -0.031 0.020 1.000 -0.003 0.006 -0.019 0.180 -0.248 -0.930 0.178 0.233 -0.932 0.062 -0.069 -0.899 0.097 0.083 -0.872 0.006 -0.172 -0.517 -0.006 0.153 -0.522 0.043 -0.036 -0.413 0.031 0.036 -0.410 
1.000 -0.002 -0.025 0.015 0.999 -0.014 0.003 -0.035 0.184 -0.237 -0.931 0.150 0.233 -0.931 0.052 -0.056 -0.910 0.080 0.091 -0.878 0.004 -0.166 -0.519 -0.032 0.159 -0.519 0.042 -0.037 -0.413 0.024 0.040 -0.410 
0.999 0.011 -0.022 0.029 0.999 -0.022 0.005 -0.043 0.177 -0.228 -0.926 0.162 0.244 -0.913 0.046 -0.062 -0.916 0.078 0.091 -0.882 -0.013 -0.171 -0.517 -0.048 0.169 -0.515 0.046 -0.046 -0.412 0.019 0.036 -0.411 
0.999 0.003 -0.017 0.027 0.998 -0.025 0.006 -0.059 0.197 -0.236 -0.924 0.118 0.262 -0.919 0.067 -0.064 -0.912 0.078 0.092 -0.878 0.005 -0.170 -0.517 -0.067 0.177 -0.510 0.047 -0.047 -0.412 0.013 0.036 -0.411 
0.999 0.003 -0.020 0.027 0.998 -0.028 0.005 -0.055 0.187 -0.223 -0.933 0.135 0.269 -0.918 0.068 -0.074 -0.910 0.075 0.080 -0.878 0.006 -0.160 -0.521 -0.051 0.179 -0.511 0.047 -0.050 -0.411 0.007 0.030 -0.412 
0.999 0.008 -0.026 0.022 0.999 -0.026 0.013 -0.040 0.193 -0.210 -0.933 0.181 0.261 -0.911 0.081 -0.105 -0.907 0.097 0.047 -0.874 0.005 -0.154 -0.523 -0.026 0.180 -0.513 0.063 -0.063 -0.407 0.026 0.015 -0.412 
0.999 0.015 -0.029 0.036 0.998 -0.038 0.012 -0.048 0.186 -0.196 -0.932 0.184 0.289 -0.904 0.069 -0.089 -0.908 0.089 0.063 -0.871 -0.009 -0.151 -0.523 -0.021 0.193 -0.508 0.066 -0.057 -0.408 0.023 0.023 -0.411 
0.999 0.015 -0.025 0.036 0.998 -0.038 0.008 -0.058 0.179 -0.205 -0.934 0.155 0.296 -0.907 0.085 -0.080 -0.900 0.076 0.059 -0.874 -0.009 -0.154 -0.523 -0.039 0.197 -0.505 0.066 -0.057 -0.408 0.026 0.021 -0.411 
0.999 0.018 -0.031 0.018 0.998 -0.043 0.008 -0.039 0.162 -0.212 -0.928 0.202 0.313 -0.886 0.070 -0.084 -0.900 0.088 0.041 -0.873 -0.032 -0.159 -0.520 -0.020 0.217 -0.498 0.083 -0.053 -0.405 0.030 0.018 -0.411 
0.999 0.010 -0.031 0.006 0.998 -0.043 0.010 -0.039 0.179 -0.216 -0.928 0.190 0.313 -0.887 0.082 -0.089 -0.897 0.089 0.036 -0.869 -0.015 -0.157 -0.522 -0.027 0.222 -0.496 0.104 -0.057 -0.400 0.028 0.014 -0.411 
1.000 0.009 -0.024 -0.005 0.999 -0.044 0.006 -0.027 0.161 -0.221 -0.933 0.179 0.307 -0.898 0.085 -0.091 -0.894 0.086 0.028 -0.868 -0.021 -0.157 -0.522 -0.021 0.220 -0.497 0.115 -0.062 -0.396 0.031 0.012 -0.411 
0.999 0.011 -0.030 -0.021 0.999 -0.047 0.014 0.003 0.143 -0.214 -0.937 0.244 0.282 -0.896 0.103 -0.101 -0.885 0.113 0.026 -0.859 -0.036 -0.149 -0.523 0.027 0.207 -0.502 0.130 -0.066 -0.391 0.039 0.007 -0.411 
0.999 0.011 -0.030 -0.021 0.999 -0.048 0.013 0.002 0.141 -0.212 -0.937 0.242 0.283 -0.897 0.101 -0.100 -0.885 0.111 0.027 -0.860 -0.037 -0.148 -0.523 0.026 0.207 -0.502 0.129 -0.065 -0.391 0.038 0.008 -0.411 
0.999 0.005 -0.022 -0.031 0.999 -0.048 0.009 0.013 0.127 -0.222 -0.940 0.240 0.273 -0.899 0.091 -0.102 -0.887 0.109 0.017 -0.860 -0.040 -0.150 -0.523 0.026 0.206 -0.502 0.140 -0.064 -0.387 0.029 0.010 -0.411 
0.999 0.005 -0.021 -0.031 0.999 -0.051 0.009 0.011 0.126 -0.217 -0.941 0.238 0.278 -0.898 0.092 -0.097 -0.887 0.108 0.022 -0.860 -0.040 -0.147 -0.523 0.024 0.209 -0.501 0.141 -0.062 -0.388 0.029 0.012 -0.411 
0.999 0.012 -0.021 -0.032 0.998 -0.056 0.010 0.011 0.121 -0.215 -0.945 0.249 0.287 -0.894 0.105 -0.088 -0.874 0.123 0.023 -0.856 -0.038 -0.145 -0.524 0.034 0.214 -0.499 0.165 -0.060 -0.378 0.028 0.014 -0.411 
0.999 0.012 -0.021 -0.032 0.998 -0.057 0.010 0.011 0.120 -0.214 -0.945 0.248 0.289 -0.894 0.104 -0.087 -0.874 0.122 0.025 -0.857 -0.038 -0.144 -0.525 0.033 0.215 -0.498 0.165 -0.059 -0.379 0.027 0.015 -0.411 
0.999 0.011 -0.020 -0.032 0.998 -0.056 0.007 0.011 0.107 -0.217 -0.946 0.243 0.288 -0.896 0.110 -0.088 -0.873 0.117 0.023 -0.858 -0.045 -0.145 -0.524 0.031 0.214 -0.499 0.166 -0.058 -0.378 0.025 0.014 -0.412 
0.999 0.018 -0.016 -0.032 0.998 -0.057 0.005 0.016 0.082 -0.216 -0.949 0.241 0.292 -0.896 0.134 -0.086 -0.856 0.116 0.023 -0.860 -0.059 -0.144 -0.523 0.033 0.219 -0.496 0.188 -0.060 -0.367 0.027 0.015 -0.411 
0.999 0.023 -0.018 -0.046 0.998 -0.060 0.003 0.019 0.081 -0.214 -0.946 0.229 0.298 -0.897 0.133 -0.079 -0.841 0.112 0.028 -0.864 -0.068 -0.142 -0.522 0.031 0.229 -0.492 0.208 -0.054 -0.358 0.030 0.017 -0.411 
0.998 0.023 -0.019 -0.047 0.998 -0.060 0.004 0.019 0.082 -0.212 -0.946 0.231 0.298 -0.896 0.136 -0.079 -0.840 0.113 0.027 -0.864 -0.068 -0.141 -0.522 0.032 0.229 -0.492 0.209 -0.054 -0.357 0.030 0.017 -0.411 
0.999 0.030 -0.016 -0.042 0.998 -0.067 0.000 0.010 0.080 -0.197 -0.952 0.213 0.314 -0.898 0.148 -0.064 -0.823 0.108 0.037 -0.865 -0.063 -0.132 -0.525 0.025 0.235 -0.489 0.227 -0.053 -0.346 0.018 0.022 -0.412 
0.999 0.030 -0.016 -0.042 0.998 -0.064 0.001 0.011 0.080 -0.202 -0.951 0.215 0.309 -0.899 0.149 -0.069 -0.822 0.110 0.032 -0.865 -0.062 -0.134 -0.525 0.026 0.232 -0.491 0.228 -0.055 -0.345 0.019 0.020 -0.412 
0.999 0.030 -0.016 -0.042 0.998 -0.063 0.002 0.012 0.082 -0.204 -0.951 0.217 0.307 -0.899 0.151 -0.071 -0.822 0.111 0.030 -0.865 -0.061 -0.135 -0.525 0.028 0.232 -0.491 0.228 -0.056 -0.344 0.020 0.019 -0.412 
0.998 0.027 -0.014 -0.057 0.998 -0.067 -0.002 0.022 0.062 -0.200 -0.960 0.214 0.316 -0.895 0.146 -0.074 -0.803 0.094 0.037 -0.870 -0.058 -0.130 -0.526 0.026 0.242 -0.486 0.245 -0.056 -0.333 0.026 0.024 -0.411 
0.997 0.030 -0.021 -0.065 0.997 -0.069 -0.002 0.029 0.086 -0.214 -0.949 0.218 0.310 -0.894 0.153 -0.073 -0.784 0.095 0.038 -0.872 -0.060 -0.138 -0.524 0.029 0.245 -0.484 0.263 -0.056 -0.319 0.032 0.023 -0.411 
0.997 0.031 -0.020 -0.074 0.997 -0.070 -0.004 0.034 0.075 -0.211 -0.951 0.209 0.315 -0.901 0.150 -0.078 -0.763 0.094 0.039 -0.870 -0.064 -0.135 -0.525 0.036 0.244 -0.484 0.277 -0.062 -0.306 0.034 0.022 -0.411 
0.996 0.029 -0.018 -0.080 0.996 -0.073 -0.008 0.041 0.058 -0.207 -0.958 0.216 0.321 -0.898 0.147 -0.078 -0.757 0.087 0.041 -0.872 -0.063 -0.130 -0.526 0.042 0.246 -0.483 0.281 -0.064 -0.301 0.026 0.024 -0.411 
0.997 0.033 -0.017 -0.074 0.996 -0.077 -0.007 0.040 0.048 -0.202 -0.958 0.224 0.324 -0.893 0.159 -0.077 -0.749 0.087 0.047 -0.874 -0.070 -0.130 -0.525 0.043 0.250 -0.480 0.289 -0.062 -0.294 0.028 0.027 -0.411 
0.997 0.034 -0.017 -0.073 0.996 -0.072 -0.011 0.044 0.034 -0.207 -0.958 0.218 0.313 -0.897 0.154 -0.089 -0.743 0.075 0.038 -0.877 -0.078 -0.132 -0.523 0.039 0.246 -0.483 0.292 -0.068 -0.290 0.023 0.023 -0.411 
0.995 0.038 -0.014 -0.089 0.995 -0.079 -0.013 0.056 0.033 -0.193 -0.958 0.208 0.316 -0.903 0.145 -0.087 -0.735 0.070 0.052 -0.882 -0.087 -0.122 -0.525 0.047 0.248 -0.481 0.301 -0.067 -0.281 0.025 0.030 -0.411 
0.995 0.037 -0.007 -0.091 0.995 -0.081 -0.021 0.052 0.009 -0.190 -0.960 0.189 0.308 -0.907 0.151 -0.086 -0.740 0.046 0.054 -0.887 -0.096 -0.123 -0.523 0.034 0.249 -0.482 0.306 -0.062 -0.277 0.023 0.028 -0.411 
0.995 0.039 0.018 -0.095 0.994 -0.081 -0.030 0.060 -0.022 -0.177 -0.966 0.177 0.291 -0.908 0.302 -0.035 -0.788 0.032 0.056 -0.886 -0.105 -0.114 -0.523 0.018 0.249 -0.483 0.289 -0.065 -0.294 0.019 0.025 -0.411 
0.996 0.039 -0.009 -0.082 0.996 -0.077 -0.011 0.036 0.041 -0.181 -0.959 0.186 0.294 -0.918 0.174 -0.036 -0.749 0.067 0.056 -0.888 -0.083 -0.118 -0.526 0.036 0.228 -0.492 0.289 -0.057 -0.296 0.040 0.027 -0.410 
0.996 0.039 -0.009 -0.082 0.996 -0.079 -0.008 0.034 0.047 -0.177 -0.959 0.191 0.297 -0.915 0.178 -0.033 -0.748 0.072 0.060 -0.888 -0.080 -0.117 -0.527 0.039 0.230 -0.491 0.291 -0.055 -0.294 0.043 0.029 -0.409 
0.998 0.040 0.004 -0.058 0.996 -0.084 -0.011 0.002 0.052 -0.166 -0.964 0.166 0.292 -0.910 0.288 0.004 -0.795 0.057 0.074 -0.893 -0.068 -0.118 -0.528 0.001 0.242 -0.487 0.280 -0.025 -0.309 0.042 0.031 -0.409 
0.998 0.042 0.006 -0.056 0.997 -0.079 -0.014 0.002 0.043 -0.173 -0.963 0.159 0.286 -0.912 0.311 -0.003 -0.795 0.055 0.066 -0.896 -0.073 -0.122 -0.526 -0.003 0.239 -0.488 0.279 -0.029 -0.308 0.039 0.026 -0.410 
0.998 0.039 -0.004 -0.046 0.997 -0.073 -0.009 -0.013 0.061 -0.185 -0.956 0.171 0.263 -0.915 0.318 -0.010 -0.785 0.060 0.056 -0.899 -0.069 -0.135 -0.524 -0.002 0.226 -0.494 0.287 -0.032 -0.301 0.036 0.017 -0.411 
0.998 0.039 -0.004 -0.046 0.997 -0.074 -0.008 -0.013 0.063 -0.182 -0.957 0.175 0.264 -0.914 0.317 -0.008 -0.786 0.063 0.057 -0.898 -0.068 -0.134 -0.524 -0.001 0.227 -0.494 0.286 -0.031 -0.302 0.038 0.018 -0.410 
0.998 0.039 -0.004 -0.046 0.997 -0.073 -0.010 -0.013 0.059 -0.184 -0.957 0.171 0.263 -0.915 0.313 -0.009 -0.787 0.059 0.056 -0.899 -0.070 -0.135 -0.524 -0.003 0.226 -0.494 0.285 -0.032 -0.303 0.036 0.017 -0.411 
0.998 0.039 -0.003 -0.047 0.997 -0.074 -0.011 -0.014 0.053 -0.184 -0.958 0.173 0.262 -0.916 0.330 -0.009 -0.778 0.061 0.053 -0.896 -0.072 -0.134 -0.524 -0.001 0.225 -0.495 0.292 -0.033 -0.296 0.038 0.016 -0.410 
0.998 0.027 -0.041 -0.044 0.998 -0.058 0.009 -0.007 0.087 -0.200 -0.948 0.225 0.232 -0.929 0.131 -0.029 -0.699 0.095 0.013 -0.877 -0.061 -0.149 -0.521 0.052 0.183 -0.509 0.314 -0.053 -0.270 0.059 -0.013 -0.408 
0.998 0.027 -0.040 -0.044 0.998 -0.058 0.009 -0.007 0.084 -0.199 -0.948 0.218 0.235 -0.930 0.140 -0.029 -0.701 0.095 0.014 -0.877 -0.062 -0.149 -0.521 0.049 0.183 -0.510 0.315 -0.052 -0.268 0.059 -0.013 -0.408 
0.998 0.026 -0.050 -0.042 0.998 -0.057 0.013 -0.010 0.088 -0.194 -0.946 0.230 0.231 -0.931 0.079 -0.026 -0.649 0.097 0.008 -0.872 -0.066 -0.147 -0.521 0.062 0.176 -0.511 0.321 -0.051 -0.261 0.066 -0.015 -0.407 
0.998 0.027 -0.049 -0.042 0.998 -0.058 0.013 -0.011 0.085 -0.190 -0.947 0.220 0.237 -0.933 0.092 -0.026 -0.658 0.098 0.010 -0.872 -0.068 -0.145 -0.521 0.057 0.179 -0.510 0.322 -0.050 -0.261 0.066 -0.014 -0.407 
0.998 0.027 -0.049 -0.043 0.998 -0.055 0.012 -0.009 0.081 -0.196 -0.946 0.223 0.228 -0.934 0.107 -0.031 -0.665 0.099 0.004 -0.871 -0.070 -0.147 -0.520 0.059 0.174 -0.512 0.323 -0.053 -0.259 0.067 -0.017 -0.407 
0.997 0.021 -0.026 -0.076 0.998 -0.057 -0.007 0.012 0.041 -0.198 -0.953 0.194 0.222 -0.939 0.197 -0.028 -0.712 0.063 0.005 -0.869 -0.086 -0.139 -0.520 0.043 0.180 -0.511 0.322 -0.064 -0.257 0.050 -0.018 -0.409 
0.996 0.026 -0.009 -0.090 0.997 -0.063 -0.022 0.030 -0.002 -0.187 -0.962 0.180 0.228 -0.939 0.304 -0.054 -0.742 0.022 0.021 -0.874 -0.097 -0.126 -0.522 0.035 0.190 -0.508 0.317 -0.067 -0.262 0.037 -0.013 -0.411 
0.996 0.026 -0.009 -0.090 0.997 -0.062 -0.022 0.031 -0.003 -0.189 -0.962 0.180 0.226 -0.940 0.303 -0.055 -0.741 0.022 0.019 -0.874 -0.097 -0.127 -0.521 0.035 0.189 -0.509 0.317 -0.068 -0.262 0.037 -0.013 -0.411 
0.996 0.029 -0.012 -0.089 0.997 -0.066 -0.026 0.032 -0.009 -0.182 -0.965 0.186 0.236 -0.935 0.341 -0.087 -0.716 0.025 0.027 -0.874 -0.097 -0.122 -0.523 0.037 0.196 -0.506 0.330 -0.075 -0.244 0.037 -0.010 -0.411 
0.996 0.029 -0.012 -0.089 0.997 -0.064 -0.026 0.033 -0.009 -0.185 -0.964 0.186 0.232 -0.936 0.341 -0.090 -0.716 0.025 0.024 -0.875 -0.097 -0.123 -0.522 0.037 0.194 -0.506 0.330 -0.077 -0.244 0.037 -0.012 -0.411 
0.994 0.051 -0.010 -0.091 0.995 -0.086 -0.037 0.041 -0.044 -0.141 -0.974 0.170 0.267 -0.927 0.330 -0.041 -0.719 0.006 0.085 -0.879 -0.108 -0.093 -0.526 0.029 0.220 -0.496 0.334 -0.057 -0.243 0.018 0.023 -0.412 
0.994 0.043 -0.005 -0.103 0.994 -0.084 -0.041 0.053 -0.051 -0.138 -0.973 0.161 0.261 -0.930 0.299 -0.038 -0.747 0.003 0.078 -0.876 -0.115 -0.091 -0.525 0.022 0.219 -0.497 0.319 -0.058 -0.262 0.017 0.020 -0.412 
0.995 0.034 -0.007 -0.094 0.995 -0.078 -0.040 0.040 -0.028 -0.152 -0.973 0.156 0.242 -0.932 0.286 -0.032 -0.762 0.005 0.061 -0.874 -0.100 -0.101 -0.527 0.009 0.210 -0.501 0.314 -0.049 -0.270 0.012 0.015 -0.412 
0.996 0.034 -0.009 -0.086 0.996 -0.074 -0.037 0.024 -0.012 -0.161 -0.970 0.138 0.247 -0.929 0.283 -0.021 -0.779 0.014 0.056 -0.876 -0.094 -0.107 -0.526 -0.011 0.215 -0.499 0.308 -0.036 -0.279 0.006 0.018 -0.412 
0.996 0.031 -0.011 -0.088 0.997 -0.070 -0.035 0.018 -0.001 -0.162 -0.966 0.136 0.238 -0.928 0.297 -0.031 -0.803 0.027 0.050 -0.874 -0.099 -0.110 -0.525 -0.020 0.212 -0.500 0.287 -0.042 -0.299 0.003 0.014 -0.412 
0.996 0.026 -0.012 -0.082 0.997 -0.064 -0.036 0.016 -0.008 -0.172 -0.968 0.132 0.230 -0.929 0.302 -0.057 -0.827 0.024 0.041 -0.870 -0.094 -0.113 -0.525 -0.028 0.204 -0.503 0.266 -0.048 -0.318 -0.006 0.013 -0.412 
0.997 0.027 -0.012 -0.070 0.997 -0.063 -0.036 0.002 -0.003 -0.168 -0.966 0.131 0.238 -0.925 0.304 -0.056 -0.830 0.023 0.042 -0.876 -0.097 -0.115 -0.524 -0.035 0.208 -0.501 0.256 -0.042 -0.326 -0.005 0.015 -0.412 
0.997 0.024 -0.018 -0.064 0.998 -0.056 -0.032 -0.009 0.032 -0.159 -0.965 0.132 0.247 -0.918 0.321 -0.074 -0.840 0.026 0.046 -0.869 -0.084 -0.107 -0.528 -0.043 0.216 -0.497 0.229 -0.044 -0.346 -0.013 0.016 -0.412 
0.998 0.025 -0.017 -0.064 0.998 -0.055 -0.030 -0.010 0.045 -0.158 -0.965 0.138 0.247 -0.917 0.323 -0.073 -0.840 0.027 0.045 -0.868 -0.076 -0.108 -0.529 -0.039 0.216 -0.497 0.228 -0.043 -0.347 -0.012 0.016 -0.412 
0.997 0.028 -0.015 -0.073 0.999 -0.046 -0.025 -0.006 0.059 -0.155 -0.961 0.138 0.244 -0.922 0.335 -0.091 -0.835 0.037 0.031 -0.868 -0.075 -0.103 -0.530 -0.029 0.216 -0.498 0.230 -0.057 -0.343 -0.008 0.011 -0.412 
0.997 0.018 -0.008 -0.080 0.999 -0.032 -0.022 0.011 0.055 -0.175 -0.955 0.158 0.227 -0.922 0.326 -0.124 -0.841 0.037 0.006 -0.872 -0.084 -0.117 -0.526 -0.018 0.210 -0.501 0.232 -0.076 -0.338 -0.011 -0.000 -0.412 
0.997 0.017 -0.006 -0.082 0.999 -0.028 -0.021 0.010 0.051 -0.167 -0.961 0.159 0.220 -0.925 0.327 -0.129 -0.845 0.037 0.005 -0.869 -0.078 -0.113 -0.528 -0.017 0.201 -0.505 0.228 -0.078 -0.341 -0.017 -0.001 -0.412 
0.998 0.024 -0.012 -0.064 0.999 -0.030 -0.018 0.006 0.053 -0.154 -0.966 0.186 0.225 -0.914 0.323 -0.119 -0.847 0.028 0.012 -0.873 -0.068 -0.107 -0.530 -0.013 0.205 -0.504 0.229 -0.070 -0.342 -0.026 0.006 -0.412 
0.998 0.025 -0.002 -0.063 1.000 -0.023 -0.015 0.007 0.049 -0.143 -0.966 0.172 0.235 -0.913 0.326 -0.122 -0.848 0.035 0.009 -0.876 -0.075 -0.101 -0.531 -0.021 0.213 -0.500 0.233 -0.071 -0.339 -0.023 0.007 -0.412 
0.998 0.030 -0.007 -0.054 1.000 -0.022 -0.013 0.004 0.057 -0.146 -0.966 0.188 0.231 -0.908 0.324 -0.117 -0.848 0.032 0.011 -0.877 -0.069 -0.104 -0.531 -0.017 0.210 -0.501 0.236 -0.066 -0.337 -0.027 0.009 -0.412 
0.998 0.023 -0.009 -0.055 1.000 -0.017 -0.007 0.001 0.073 -0.147 -0.966 0.187 0.223 -0.912 0.331 -0.118 -0.841 0.040 0.007 -0.870 -0.056 -0.105 -0.532 -0.016 0.203 -0.504 0.242 -0.068 -0.333 -0.024 0.006 -0.412 
0.999 0.026 -0.011 -0.042 1.000 -0.012 -0.000 -0.014 0.095 -0.148 -0.962 0.189 0.205 -0.919 0.340 -0.108 -0.835 0.042 0.004 -0.875 -0.046 -0.111 -0.532 -0.013 0.188 -0.510 0.247 -0.065 -0.330 -0.016 0.003 -0.412 
0.999 0.028 -0.011 -0.045 1.000 -0.011 -0.004 -0.011 0.092 -0.148 -0.964 0.181 0.194 -0.928 0.329 -0.112 -0.834 0.032 0.002 -0.877 -0.045 -0.109 -0.532 -0.010 0.178 -0.514 0.245 -0.068 -0.330 -0.019 0.003 -0.412 
0.999 0.024 -0.008 -0.047 1.000 -0.007 -0.004 -0.012 0.091 -0.162 -0.962 0.176 0.185 -0.931 0.329 -0.116 -0.836 0.027 -0.001 -0.877 -0.046 -0.117 -0.531 -0.013 0.173 -0.515 0.244 -0.070 -0.331 -0.020 0.001 -0.412 
0.999 0.024 -0.008 -0.047 1.000 -0.007 -0.004 -0.012 0.091 -0.162 -0.962 0.176 0.185 -0.931 0.329 -0.116 -0.836 0.027 -0.001 -0.877 -0.046 -0.117 -0.531 -0.013 0.173 -0.515 0.244 -0.070 -0.331 -0.020 0.001 -0.412 
0.999 0.024 -0.008 -0.044 1.000 -0.010 0.001 -0.015 0.101 -0.161 -0.958 0.180 0.192 -0.930 0.344 -0.110 -0.830 0.044 0.002 -0.875 -0.045 -0.120 -0.530 -0.008 0.176 -0.515 0.249 -0.069 -0.327 -0.011 -0.000 -0.412 
0.999 0.024 -0.008 -0.047 1.000 -0.006 -0.001 -0.009 0.092 -0.168 -0.957 0.174 0.184 -0.934 0.345 -0.123 -0.828 0.038 -0.005 -0.876 -0.052 -0.123 -0.529 -0.008 0.172 -0.516 0.247 -0.076 -0.327 -0.012 -0.004 -0.412 
0.998 0.024 -0.006 -0.050 1.000 -0.007 -0.001 -0.007 0.078 -0.166 -0.959 0.159 0.190 -0.938 0.343 -0.121 -0.829 0.044 -0.004 -0.875 -0.059 -0.120 -0.528 -0.012 0.172 -0.516 0.247 -0.077 -0.327 -0.013 -0.003 -0.412 
0.998 0.019 -0.004 -0.059 1.000 -0.006 -0.002 -0.008 0.076 -0.171 -0.960 0.147 0.193 -0.937 0.344 -0.123 -0.830 0.048 -0.007 -0.871 -0.057 -0.121 -0.528 -0.022 0.178 -0.513 0.247 -0.076 -0.327 -0.014 -0.004 -0.412 
0.998 0.018 -0.003 -0.057 1.000 -0.009 -0.001 -0.001 0.065 -0.174 -0.959 0.153 0.201 -0.935 0.342 -0.124 -0.832 0.049 -0.002 -0.872 -0.067 -0.123 -0.527 -0.017 0.181 -0.512 0.244 -0.076 -0.329 -0.016 -0.001 -0.412 
0.998 0.018 -0.001 -0.058 1.000 -0.012 -0.003 0.002 0.055 -0.157 -0.964 0.146 0.203 -0.936 0.335 -0.119 -0.839 0.038 0.006 -0.876 -0.070 -0.113 -0.529 -0.021 0.183 -0.511 0.244 -0.074 -0.330 -0.014 0.002 -0.412 
0.998 0.020 -0.001 -0.061 1.000 -0.013 0.000 0.007 0.059 -0.165 -0.961 0.147 0.199 -0.938 0.344 -0.127 -0.835 0.053 0.005 -0.870 -0.072 -0.117 -0.528 -0.017 0.179 -0.513 0.244 -0.078 -0.329 -0.015 0.001 -0.412 
0.998 0.019 -0.001 -0.062 1.000 -0.013 -0.004 0.006 0.050 -0.168 -0.961 0.129 0.198 -0.939 0.333 -0.124 -0.841 0.036 0.007 -0.877 -0.075 -0.119 -0.527 -0.030 0.181 -0.512 0.240 -0.074 -0.333 -0.019 0.000 -0.412 
0.998 0.023 -0.005 -0.061 1.000 -0.017 -0.004 0.001 0.055 -0.164 -0.962 0.121 0.200 -0.937 0.331 -0.115 -0.844 0.025 0.016 -0.878 -0.071 -0.115 -0.528 -0.039 0.184 -0.510 0.239 -0.067 -0.335 -0.017 0.003 -0.412 
0.997 0.022 -0.002 -0.069 1.000 -0.018 -0.005 0.008 0.059 -0.165 -0.964 0.114 0.198 -0.940 0.328 -0.119 -0.847 0.027 0.014 -0.876 -0.065 -0.114 -0.529 -0.040 0.183 -0.510 0.239 -0.069 -0.335 -0.018 0.002 -0.412 
0.998 0.025 0.000 -0.061 1.000 -0.022 -0.008 0.008 0.044 -0.166 -0.965 0.123 0.200 -0.937 0.322 -0.117 -0.850 0.016 0.019 -0.878 -0.071 -0.115 -0.528 -0.037 0.183 -0.511 0.232 -0.067 -0.340 -0.018 0.006 -0.412 
0.998 0.023 -0.004 -0.060 1.000 -0.026 -0.012 0.001 0.054 -0.146 -0.968 0.105 0.206 -0.937 0.316 -0.106 -0.854 0.017 0.023 -0.879 -0.066 -0.103 -0.531 -0.050 0.188 -0.508 0.235 -0.060 -0.339 -0.024 0.009 -0.412 
0.998 0.020 -0.006 -0.060 1.000 -0.026 -0.008 0.009 0.062 -0.151 -0.964 0.121 0.194 -0.936 0.327 -0.114 -0.855 0.021 0.019 -0.876 -0.068 -0.109 -0.530 -0.043 0.181 -0.511 0.231 -0.068 -0.341 -0.016 0.005 -0.412 
0.998 0.024 -0.003 -0.063 0.999 -0.032 -0.012 0.009 0.058 -0.157 -0.965 0.114 0.202 -0.939 0.320 -0.107 -0.857 0.018 0.024 -0.874 -0.066 -0.111 -0.530 -0.041 0.182 -0.511 0.230 -0.064 -0.342 -0.021 0.007 -0.412 
0.998 0.021 -0.004 -0.062 0.999 -0.033 -0.015 0.017 0.052 -0.164 -0.960 0.132 0.208 -0.932 0.311 -0.110 -0.864 0.017 0.026 -0.873 -0.078 -0.115 -0.527 -0.037 0.189 -0.508 0.223 -0.067 -0.346 -0.023 0.008 -0.412 
0.998 0.016 -0.003 -0.062 0.999 -0.035 -0.020 0.014 0.055 -0.178 -0.957 0.117 0.204 -0.930 0.303 -0.110 -0.867 0.023 0.017 -0.874 -0.077 -0.124 -0.525 -0.051 0.193 -0.506 0.223 -0.065 -0.346 -0.023 0.009 -0.412 
0.998 0.018 -0.004 -0.059 0.999 -0.040 -0.024 0.019 0.051 -0.181 -0.958 0.125 0.196 -0.935 0.299 -0.110 -0.867 0.014 0.021 -0.874 -0.078 -0.123 -0.525 -0.042 0.182 -0.511 0.220 -0.068 -0.348 -0.026 0.011 -0.412 
0.997 0.015 0.002 -0.072 0.998 -0.044 -0.026 0.025 0.053 -0.178 -0.959 0.117 0.206 -0.934 0.302 -0.112 -0.867 0.011 0.027 -0.877 -0.076 -0.119 -0.527 -0.044 0.190 -0.508 0.217 -0.070 -0.349 -0.029 0.016 -0.411 
0.997 0.015 0.004 -0.081 0.998 -0.046 -0.033 0.035 0.028 -0.186 -0.962 0.101 0.204 -0.942 0.283 -0.120 -0.874 0.000 0.031 -0.878 -0.081 -0.120 -0.526 -0.045 0.183 -0.510 0.211 -0.072 -0.352 -0.034 0.016 -0.411 
0.998 0.014 0.003 -0.068 0.998 -0.050 -0.029 0.033 0.034 -0.189 -0.960 0.122 0.211 -0.933 0.298 -0.116 -0.869 0.016 0.038 -0.875 -0.080 -0.126 -0.525 -0.042 0.191 -0.507 0.213 -0.072 -0.351 -0.034 0.019 -0.411 
0.997 0.013 0.006 -0.072 0.997 -0.055 -0.032 0.040 0.022 -0.185 -0.962 0.132 0.220 -0.929 0.299 -0.119 -0.871 0.022 0.034 -0.874 -0.085 -0.123 -0.524 -0.035 0.196 -0.506 0.208 -0.077 -0.353 -0.028 0.017 -0.411 
0.997 0.009 0.007 -0.081 0.996 -0.057 -0.032 0.053 0.015 -0.180 -0.963 0.128 0.235 -0.930 0.298 -0.126 -0.867 0.027 0.040 -0.870 -0.089 -0.117 -0.525 -0.030 0.204 -0.503 0.214 -0.081 -0.349 -0.025 0.020 -0.411 
0.996 0.011 0.003 -0.084 0.996 -0.060 -0.031 0.051 0.029 -0.181 -0.960 0.131 0.233 -0.926 0.308 -0.123 -0.865 0.023 0.046 -0.871 -0.088 -0.119 -0.525 -0.033 0.208 -0.501 0.219 -0.081 -0.346 -0.025 0.021 -0.411 
0.996 0.014 0.007 -0.086 0.996 -0.066 -0.033 0.047 0.028 -0.177 -0.962 0.108 0.253 -0.929 0.314 -0.111 -0.858 0.032 0.054 -0.869 -0.086 -0.115 -0.526 -0.037 0.215 -0.498 0.228 -0.078 -0.340 -0.024 0.026 -0.411 
0.996 0.015 0.006 -0.083 0.996 -0.066 -0.037 0.051 0.005 -0.177 -0.963 0.125 0.258 -0.924 0.308 -0.116 -0.859 0.024 0.053 -0.868 -0.097 -0.116 -0.524 -0.030 0.219 -0.496 0.227 -0.082 -0.340 -0.022 0.024 -0.411 
0.996 0.013 0.004 -0.086 0.996 -0.063 -0.035 0.051 0.003 -0.187 -0.962 0.126 0.249 -0.928 0.318 -0.124 -0.838 0.028 0.033 -0.866 -0.096 -0.121 -0.523 -0.026 0.212 -0.500 0.247 -0.090 -0.324 -0.021 0.016 -0.412 
0.996 0.018 0.003 -0.089 0.996 -0.062 -0.038 0.056 -0.015 -0.186 -0.963 0.123 0.249 -0.931 0.308 -0.128 -0.837 0.025 0.035 -0.867 -0.104 -0.118 -0.522 -0.024 0.210 -0.500 0.244 -0.092 -0.325 -0.024 0.016 -0.412 
0.995 0.018 0.003 -0.098 0.995 -0.064 -0.042 0.060 -0.021 -0.172 -0.964 0.127 0.249 -0.929 0.305 -0.127 -0.835 0.022 0.033 -0.864 -0.111 -0.111 -0.522 -0.021 0.215 -0.498 0.250 -0.092 -0.321 -0.025 0.015 -0.412 
0.994 0.019 0.004 -0.105 0.994 -0.064 -0.045 0.070 -0.040 -0.143 -0.969 0.128 0.243 -0.930 0.301 -0.116 -0.830 0.014 0.029 -0.867 -0.119 -0.092 -0.524 -0.018 0.216 -0.498 0.260 -0.090 -0.314 -0.033 0.017 -0.411 
0.994 0.019 0.004 -0.105 0.994 -0.066 -0.045 0.068 -0.040 -0.138 -0.970 0.127 0.249 -0.928 0.302 -0.111 -0.830 0.015 0.033 -0.867 -0.118 -0.090 -0.525 -0.019 0.218 -0.497 0.260 -0.087 -0.314 -0.033 0.019 -0.411 
0.992 0.018 0.013 -0.122 0.993 -0.063 -0.052 0.085 -0.067 -0.140 -0.969 0.117 0.240 -0.932 0.285 -0.125 -0.835 0.002 0.027 -0.868 -0.132 -0.087 -0.522 -0.021 0.217 -0.498 0.254 -0.097 -0.316 -0.038 0.018 -0.410 
0.991 0.019 0.025 -0.131 0.991 -0.064 -0.059 0.100 -0.087 -0.139 -0.971 0.112 0.235 -0.935 0.274 -0.129 -0.837 -0.003 0.021 -0.872 -0.134 -0.087 -0.522 -0.020 0.215 -0.498 0.261 -0.103 -0.309 -0.034 0.015 -0.411 
0.990 0.020 0.032 -0.139 0.990 -0.066 -0.061 0.110 -0.097 -0.140 -0.970 0.098 0.244 -0.941 0.265 -0.126 -0.820 0.001 0.014 -0.875 -0.139 -0.087 -0.520 -0.015 0.212 -0.500 0.273 -0.113 -0.295 -0.031 0.012 -0.411 
0.990 0.019 0.031 -0.139 0.990 -0.065 -0.060 0.111 -0.091 -0.146 -0.970 0.101 0.242 -0.941 0.264 -0.129 -0.818 -0.001 0.014 -0.877 -0.137 -0.090 -0.520 -0.013 0.211 -0.500 0.273 -0.115 -0.294 -0.030 0.011 -0.411 
0.991 0.045 0.022 -0.122 0.991 -0.083 -0.050 0.097 -0.072 -0.125 -0.973 0.119 0.271 -0.933 0.387 -0.094 -0.771 0.017 0.051 -0.877 -0.130 -0.079 -0.524 0.002 0.224 -0.495 0.291 -0.102 -0.281 -0.012 0.017 -0.412 
0.989 0.021 0.026 -0.145 0.989 -0.076 -0.054 0.113 -0.096 -0.144 -0.969 0.098 0.262 -0.937 0.253 -0.115 -0.791 0.011 0.037 -0.881 -0.141 -0.089 -0.519 -0.008 0.223 -0.495 0.293 -0.108 -0.277 -0.007 0.016 -0.412 
0.990 0.037 0.026 -0.134 0.990 -0.090 -0.055 0.098 -0.099 -0.128 -0.970 0.086 0.281 -0.934 0.251 -0.081 -0.777 0.008 0.070 -0.891 -0.145 -0.080 -0.520 -0.011 0.232 -0.491 0.304 -0.086 -0.273 -0.009 0.034 -0.411 
0.990 0.037 0.026 -0.134 0.990 -0.090 -0.055 0.098 -0.101 -0.127 -0.970 0.084 0.282 -0.934 0.250 -0.080 -0.777 0.009 0.070 -0.890 -0.146 -0.079 -0.520 -0.012 0.232 -0.491 0.303 -0.086 -0.273 -0.009 0.034 -0.411 
0.990 0.036 0.020 -0.135 0.990 -0.086 -0.049 0.097 -0.096 -0.129 -0.972 0.111 0.255 -0.939 0.255 -0.086 -0.773 0.025 0.059 -0.885 -0.139 -0.079 -0.521 0.003 0.217 -0.498 0.307 -0.093 -0.267 0.000 0.027 -0.412 
0.989 0.034 0.013 -0.141 0.991 -0.082 -0.040 0.099 -0.085 -0.128 -0.971 0.126 0.244 -0.942 0.250 -0.088 -0.767 0.053 0.053 -0.885 -0.138 -0.078 -0.522 0.014 0.207 -0.502 0.303 -0.100 -0.269 0.008 0.022 -0.412 
0.990 0.035 0.010 -0.135 0.992 -0.082 -0.038 0.092 -0.086 -0.128 -0.971 0.137 0.245 -0.942 0.241 -0.078 -0.763 0.060 0.053 -0.881 -0.138 -0.078 -0.522 0.022 0.206 -0.502 0.304 -0.090 -0.271 0.011 0.024 -0.412 
0.990 0.035 0.010 -0.135 0.992 -0.082 -0.039 0.092 -0.087 -0.127 -0.971 0.136 0.245 -0.942 0.240 -0.078 -0.764 0.059 0.053 -0.881 -0.138 -0.078 -0.522 0.021 0.206 -0.502 0.303 -0.090 -0.272 0.011 0.024 -0.412 
0.991 0.035 0.010 -0.126 0.992 -0.081 -0.033 0.086 -0.071 -0.127 -0.970 0.153 0.236 -0.942 0.228 -0.065 -0.767 0.078 0.048 -0.880 -0.136 -0.080 -0.522 0.032 0.199 -0.504 0.303 -0.082 -0.275 0.022 0.023 -0.411 
0.992 0.031 0.009 -0.124 0.993 -0.078 -0.032 0.080 -0.067 -0.133 -0.970 0.154 0.227 -0.943 0.220 -0.063 -0.770 0.079 0.044 -0.881 -0.131 -0.085 -0.523 0.029 0.196 -0.506 0.304 -0.079 -0.275 0.024 0.020 -0.411 
0.992 0.030 0.005 -0.124 0.994 -0.079 -0.026 0.066 -0.045 -0.135 -0.968 0.135 0.239 -0.945 0.180 -0.040 -0.784 0.098 0.045 -0.875 -0.127 -0.085 -0.523 0.021 0.198 -0.505 0.290 -0.060 -0.294 0.028 0.022 -0.411 
0.994 0.037 -0.006 -0.103 0.996 -0.077 -0.017 0.045 -0.031 -0.136 -0.972 0.150 0.247 -0.941 0.211 -0.039 -0.777 0.105 0.050 -0.873 -0.110 -0.087 -0.527 0.025 0.201 -0.504 0.288 -0.048 -0.297 0.037 0.021 -0.410 
0.995 0.037 -0.011 -0.093 0.997 -0.078 -0.011 0.024 -0.018 -0.138 -0.974 0.137 0.250 -0.940 0.192 -0.025 -0.783 0.116 0.059 -0.869 -0.098 -0.091 -0.529 0.011 0.204 -0.504 0.284 -0.030 -0.304 0.039 0.025 -0.410 
0.995 0.035 -0.017 -0.087 0.997 -0.077 -0.000 0.013 0.008 -0.138 -0.971 0.152 0.253 -0.938 0.199 -0.028 -0.787 0.140 0.060 -0.869 -0.093 -0.092 -0.529 0.020 0.204 -0.504 0.275 -0.026 -0.312 0.048 0.026 -0.409 
0.995 0.038 -0.018 -0.085 0.997 -0.079 0.011 0.002 0.030 -0.139 -0.971 0.162 0.261 -0.938 0.212 -0.031 -0.771 0.163 0.068 -0.868 -0.079 -0.090 -0.532 0.035 0.202 -0.503 0.279 -0.019 -0.310 0.058 0.032 -0.407 
0.996 0.038 -0.024 -0.075 0.997 -0.080 0.013 -0.008 0.021 -0.135 -0.974 0.159 0.263 -0.936 0.215 -0.048 -0.760 0.167 0.073 -0.865 -0.077 -0.090 -0.532 0.029 0.206 -0.502 0.284 -0.015 -0.305 0.058 0.035 -0.407 
0.995 0.040 -0.025 -0.086 0.997 -0.077 0.021 -0.004 0.027 -0.137 -0.972 0.181 0.260 -0.932 0.220 -0.058 -0.758 0.175 0.069 -0.864 -0.080 -0.088 -0.532 0.043 0.208 -0.501 0.284 -0.017 -0.305 0.066 0.036 -0.406 
0.995 0.045 -0.023 -0.082 0.996 -0.082 0.022 -0.011 0.009 -0.132 -0.976 0.179 0.271 -0.932 0.237 -0.058 -0.746 0.176 0.081 -0.868 -0.079 -0.085 -0.533 0.047 0.209 -0.500 0.291 -0.013 -0.298 0.069 0.042 -0.405 
0.995 0.045 -0.023 -0.082 0.996 -0.080 0.023 -0.010 0.008 -0.134 -0.976 0.183 0.266 -0.933 0.236 -0.061 -0.746 0.177 0.078 -0.868 -0.080 -0.086 -0.532 0.049 0.207 -0.500 0.291 -0.015 -0.298 0.070 0.040 -0.405 
0.996 0.037 -0.022 -0.080 0.996 -0.080 0.033 -0.021 0.022 -0.136 -0.972 0.193 0.254 -0.931 0.231 -0.060 -0.752 0.197 0.083 -0.868 -0.081 -0.092 -0.531 0.051 0.209 -0.499 0.300 -0.007 -0.290 0.079 0.043 -0.403 
0.997 0.016 -0.016 -0.074 0.996 -0.069 0.036 -0.036 0.030 -0.153 -0.969 0.163 0.223 -0.943 0.180 -0.057 -0.744 0.208 0.056 -0.860 -0.074 -0.110 -0.529 0.030 0.192 -0.508 0.317 -0.024 -0.270 0.079 0.029 -0.404 
0.997 0.018 -0.011 -0.080 0.996 -0.073 0.041 -0.033 0.041 -0.143 -0.965 0.158 0.217 -0.947 0.170 -0.048 -0.741 0.233 0.068 -0.852 -0.081 -0.105 -0.529 0.032 0.189 -0.509 0.321 -0.024 -0.265 0.086 0.036 -0.402 
0.999 0.011 -0.016 -0.049 0.994 -0.068 0.053 -0.061 0.071 -0.143 -0.969 0.180 0.210 -0.939 0.183 -0.045 -0.739 0.250 0.070 -0.842 -0.049 -0.111 -0.531 0.027 0.188 -0.510 0.326 -0.018 -0.260 0.097 0.037 -0.400 
0.998 0.016 -0.026 -0.051 0.994 -0.068 0.065 -0.060 0.094 -0.139 -0.960 0.204 0.217 -0.932 0.191 -0.040 -0.735 0.277 0.080 -0.828 -0.054 -0.108 -0.532 0.040 0.192 -0.507 0.320 -0.020 -0.266 0.108 0.041 -0.396 
0.999 0.017 -0.028 -0.038 0.993 -0.066 0.069 -0.074 0.103 -0.136 -0.962 0.214 0.217 -0.928 0.193 -0.038 -0.748 0.286 0.082 -0.820 -0.043 -0.107 -0.533 0.039 0.192 -0.508 0.312 -0.018 -0.276 0.104 0.041 -0.397 
0.999 0.012 -0.026 -0.041 0.992 -0.062 0.074 -0.080 0.116 -0.141 -0.960 0.214 0.227 -0.923 0.203 -0.035 -0.760 0.300 0.083 -0.817 -0.035 -0.110 -0.533 0.033 0.202 -0.504 0.303 -0.010 -0.287 0.106 0.041 -0.397 
0.999 0.029 -0.025 -0.012 0.989 -0.072 0.071 -0.111 0.120 -0.120 -0.966 0.213 0.259 -0.917 0.208 -0.004 -0.772 0.283 0.117 -0.827 -0.024 -0.101 -0.535 0.033 0.210 -0.501 0.287 0.014 -0.302 0.101 0.056 -0.396 
0.999 0.032 -0.028 -0.002 0.987 -0.069 0.078 -0.120 0.147 -0.119 -0.960 0.226 0.266 -0.909 0.224 -0.004 -0.785 0.290 0.120 -0.829 -0.013 -0.103 -0.535 0.033 0.215 -0.499 0.277 0.012 -0.312 0.103 0.057 -0.396 
0.999 0.013 -0.010 -0.034 0.993 -0.058 0.064 -0.085 0.124 -0.132 -0.955 0.228 0.249 -0.910 0.225 -0.011 -0.856 0.263 0.090 -0.840 -0.043 -0.107 -0.533 0.027 0.207 -0.503 0.203 -0.008 -0.364 0.091 0.040 -0.401 
1.000 0.013 -0.008 -0.015 0.993 -0.048 0.060 -0.092 0.122 -0.146 -0.954 0.225 0.259 -0.909 0.208 -0.021 -0.875 0.250 0.083 -0.851 -0.040 -0.118 -0.530 0.021 0.203 -0.504 0.160 -0.010 -0.385 0.084 0.035 -0.402 
1.000 0.013 -0.002 -0.005 0.994 -0.043 0.055 -0.088 0.115 -0.143 -0.957 0.223 0.263 -0.913 0.208 -0.039 -0.886 0.237 0.080 -0.853 -0.041 -0.115 -0.531 0.026 0.197 -0.507 0.129 -0.018 -0.396 0.083 0.037 -0.403 
1.000 0.006 -0.005 0.015 0.993 -0.038 0.052 -0.096 0.122 -0.141 -0.953 0.215 0.266 -0.914 0.196 -0.038 -0.895 0.229 0.078 -0.859 -0.040 -0.124 -0.529 0.018 0.191 -0.509 0.106 -0.017 -0.403 0.078 0.034 -0.404 
1.000 0.007 -0.007 0.023 0.993 -0.036 0.052 -0.102 0.138 -0.136 -0.955 0.206 0.257 -0.922 0.196 -0.037 -0.893 0.220 0.084 -0.858 -0.026 -0.119 -0.531 0.018 0.179 -0.514 0.101 -0.018 -0.404 0.075 0.035 -0.404 
1.000 0.015 -0.006 0.023 0.995 -0.011 0.047 -0.083 0.140 -0.167 -0.953 0.197 0.232 -0.930 0.165 -0.076 -0.896 0.215 0.056 -0.867 -0.018 -0.133 -0.528 0.011 0.164 -0.519 0.078 -0.034 -0.408 0.074 0.025 -0.405 
1.000 0.011 -0.008 0.013 0.997 -0.007 0.043 -0.066 0.128 -0.158 -0.955 0.206 0.231 -0.928 0.148 -0.078 -0.903 0.212 0.055 -0.867 -0.029 -0.127 -0.529 0.016 0.165 -0.518 0.064 -0.033 -0.411 0.071 0.026 -0.406 
1.000 0.001 -0.007 0.010 0.998 -0.001 0.037 -0.053 0.133 -0.167 -0.952 0.194 0.232 -0.936 0.135 -0.076 -0.899 0.203 0.058 -0.862 -0.029 -0.127 -0.529 0.022 0.158 -0.520 0.043 -0.031 -0.414 0.056 0.030 -0.408 
1.000 0.012 -0.006 0.021 0.997 -0.006 0.035 -0.064 0.135 -0.120 -0.960 0.178 0.259 -0.934 0.129 -0.042 -0.899 0.190 0.088 -0.870 -0.025 -0.100 -0.535 0.016 0.170 -0.517 0.040 -0.017 -0.415 0.044 0.043 -0.408 
1.000 0.008 -0.006 0.001 0.999 0.008 0.028 -0.041 0.125 -0.149 -0.951 0.174 0.205 -0.946 0.108 -0.063 -0.900 0.184 0.066 -0.879 -0.045 -0.118 -0.530 0.011 0.144 -0.524 0.011 -0.025 -0.416 0.040 0.031 -0.410 
1.000 0.002 -0.010 -0.019 0.999 0.009 0.027 -0.017 0.118 -0.168 -0.947 0.185 0.172 -0.954 0.098 -0.057 -0.898 0.184 0.063 -0.878 -0.054 -0.124 -0.528 0.028 0.126 -0.528 -0.004 -0.020 -0.417 0.048 0.031 -0.409 
1.000 -0.001 -0.010 -0.019 1.000 0.008 0.023 -0.017 0.110 -0.169 -0.949 0.167 0.175 -0.959 0.087 -0.052 -0.899 0.186 0.067 -0.871 -0.057 -0.124 -0.528 0.024 0.124 -0.529 -0.012 -0.018 -0.416 0.043 0.033 -0.409 
0.999 -0.004 -0.013 -0.032 1.000 0.007 0.022 -0.011 0.111 -0.176 -0.949 0.177 0.175 -0.957 0.082 -0.042 -0.891 0.179 0.073 -0.872 -0.054 -0.124 -0.528 0.028 0.125 -0.528 -0.021 -0.014 -0.416 0.045 0.037 -0.408 
0.999 -0.010 -0.013 -0.030 1.000 0.010 0.022 -0.004 0.109 -0.195 -0.946 0.186 0.172 -0.956 0.084 -0.046 -0.890 0.180 0.070 -0.873 -0.052 -0.136 -0.525 0.034 0.121 -0.529 -0.024 -0.015 -0.416 0.048 0.035 -0.408 
1.000 -0.008 -0.012 -0.022 1.000 0.009 0.021 -0.001 0.095 -0.194 -0.944 0.181 0.177 -0.955 0.084 -0.043 -0.893 0.183 0.078 -0.871 -0.068 -0.138 -0.523 0.029 0.123 -0.529 -0.013 -0.014 -0.417 0.044 0.037 -0.409 
1.000 -0.008 -0.012 -0.021 1.000 0.008 0.016 -0.002 0.083 -0.193 -0.946 0.165 0.187 -0.957 0.078 -0.041 -0.893 0.175 0.079 -0.872 -0.074 -0.137 -0.522 0.022 0.128 -0.528 -0.016 -0.013 -0.417 0.040 0.037 -0.409 
1.000 -0.007 -0.011 -0.015 1.000 0.010 0.017 -0.001 0.084 -0.201 -0.945 0.168 0.187 -0.956 0.075 -0.039 -0.894 0.175 0.078 -0.871 -0.071 -0.143 -0.521 0.023 0.127 -0.528 -0.011 -0.016 -0.417 0.038 0.035 -0.409 
1.000 -0.007 -0.011 -0.012 1.000 0.009 0.022 -0.012 0.097 -0.197 -0.946 0.162 0.192 -0.956 0.080 -0.035 -0.894 0.175 0.076 -0.872 -0.060 -0.142 -0.523 0.015 0.130 -0.528 0.000 -0.017 -0.417 0.041 0.035 -0.409 
1.000 -0.010 -0.018 -0.020 1.000 0.009 0.026 -0.010 0.111 -0.202 -0.945 0.161 0.181 -0.958 0.091 -0.041 -0.896 0.173 0.079 -0.866 -0.050 -0.141 -0.524 0.017 0.124 -0.529 -0.004 -0.016 -0.417 0.043 0.033 -0.409 
1.000 -0.010 -0.015 -0.020 1.000 0.009 0.022 -0.013 0.109 -0.205 -0.944 0.165 0.188 -0.956 0.082 -0.041 -0.894 0.165 0.078 -0.868 -0.052 -0.143 -0.523 0.017 0.128 -0.528 -0.006 -0.017 -0.417 0.038 0.033 -0.410 
1.000 -0.010 -0.015 -0.020 1.000 0.009 0.020 -0.013 0.106 -0.203 -0.945 0.162 0.189 -0.956 0.079 -0.040 -0.894 0.162 0.079 -0.869 -0.054 -0.142 -0.523 0.015 0.129 -0.528 -0.007 -0.017 -0.417 0.036 0.033 -0.410 
1.000 -0.010 -0.015 -0.020 1.000 0.009 0.021 -0.013 0.107 -0.204 -0.945 0.164 0.188 -0.956 0.080 -0.040 -0.894 0.163 0.079 -0.869 -0.053 -0.143 -0.523 0.016 0.129 -0.528 -0.006 -0.017 -0.417 0.037 0.033 -0.410 
1.000 -0.011 -0.013 -0.021 1.000 0.008 0.023 -0.013 0.114 -0.206 -0.943 0.179 0.184 -0.954 0.078 -0.041 -0.896 0.164 0.080 -0.870 -0.050 -0.144 -0.523 0.025 0.127 -0.528 -0.006 -0.017 -0.417 0.038 0.033 -0.409 
1.000 -0.008 -0.018 -0.014 1.000 0.006 0.023 -0.017 0.103 -0.200 -0.941 0.174 0.190 -0.953 0.070 -0.038 -0.898 0.151 0.085 -0.872 -0.063 -0.144 -0.522 0.019 0.130 -0.528 -0.009 -0.017 -0.417 0.036 0.035 -0.410 
1.000 -0.007 -0.019 -0.017 0.999 0.007 0.028 -0.017 0.121 -0.201 -0.939 0.189 0.184 -0.951 0.080 -0.039 -0.898 0.160 0.083 -0.870 -0.054 -0.143 -0.523 0.028 0.128 -0.528 -0.003 -0.017 -0.417 0.041 0.034 -0.409 
1.000 -0.005 -0.023 -0.014 0.999 0.005 0.028 -0.019 0.121 -0.203 -0.937 0.195 0.181 -0.950 0.071 -0.037 -0.901 0.158 0.090 -0.868 -0.057 -0.145 -0.522 0.029 0.125 -0.528 -0.008 -0.017 -0.417 0.037 0.034 -0.410 
1.000 -0.004 -0.025 -0.013 0.999 0.007 0.028 -0.022 0.127 -0.208 -0.934 0.208 0.181 -0.947 0.066 -0.041 -0.899 0.143 0.086 -0.872 -0.055 -0.147 -0.522 0.036 0.125 -0.528 -0.011 -0.020 -0.416 0.036 0.031 -0.410 
1.000 -0.002 -0.027 -0.011 0.999 0.003 0.027 -0.025 0.139 -0.204 -0.932 0.223 0.183 -0.942 0.048 -0.034 -0.903 0.131 0.095 -0.873 -0.051 -0.146 -0.523 0.041 0.127 -0.527 -0.017 -0.017 -0.416 0.033 0.036 -0.410 
0.999 0.001 -0.031 -0.017 0.999 0.004 0.026 -0.024 0.143 -0.208 -0.928 0.214 0.179 -0.945 0.044 -0.035 -0.902 0.122 0.092 -0.875 -0.053 -0.146 -0.523 0.036 0.126 -0.528 -0.017 -0.019 -0.416 0.034 0.033 -0.410 
1.000 0.002 -0.027 -0.009 0.999 0.002 0.024 -0.032 0.136 -0.208 -0.930 0.201 0.191 -0.945 0.026 -0.034 -0.902 0.112 0.092 -0.880 -0.054 -0.148 -0.522 0.027 0.132 -0.527 -0.014 -0.020 -0.416 0.029 0.037 -0.410 
0.999 -0.003 -0.037 -0.016 0.999 0.003 0.022 -0.030 0.140 -0.215 -0.934 0.190 0.190 -0.948 0.013 -0.040 -0.897 0.096 0.086 -0.879 -0.042 -0.151 -0.522 0.023 0.130 -0.527 -0.004 -0.025 -0.416 0.043 0.033 -0.409 
