1.000 0.005 -0.000 -0.014 0.978 0.035 0.003 0.206 0.141 -0.302 -0.933 0.035 0.252 -0.945 0.088 -0.165 -0.885 0.071 -0.018 -0.908 0.002 -0.188 -0.514 -0.070 0.173 -0.509 0.067 -0.081 -0.405 0.021 0.007 -0.412 
0.999 0.018 -0.029 0.002 0.981 0.014 -0.011 0.193 0.170 -0.222 -0.944 0.103 0.253 -0.925 0.032 -0.101 -0.898 0.029 0.049 -0.905 0.006 -0.149 -0.526 -0.065 0.177 -0.508 0.041 -0.050 -0.413 0.003 0.026 -0.411 
0.999 0.017 -0.036 0.015 0.981 0.009 -0.015 0.191 0.216 -0.240 -0.928 0.079 0.264 -0.912 0.040 -0.102 -0.892 0.010 0.058 -0.903 0.025 -0.159 -0.523 -0.098 0.182 -0.501 0.051 -0.047 -0.412 -0.018 0.031 -0.411 
0.999 0.020 -0.035 0.025 0.981 0.011 -0.015 0.192 0.225 -0.235 -0.930 0.083 0.262 -0.913 0.033 -0.100 -0.893 0.012 0.050 -0.903 0.036 -0.157 -0.523 -0.096 0.177 -0.503 0.044 -0.046 -0.413 -0.014 0.028 -0.411 
0.998 0.036 -0.027 0.035 0.980 0.010 -0.022 0.197 0.202 -0.231 -0.936 0.095 0.280 -0.913 0.025 -0.079 -0.889 -0.001 0.051 -0.904 0.024 -0.154 -0.524 -0.080 0.183 -0.504 0.035 -0.039 -0.414 -0.017 0.031 -0.411 
0.999 0.029 -0.030 0.023 0.977 0.009 -0.019 0.211 0.170 -0.207 -0.948 0.105 0.283 -0.914 0.015 -0.071 -0.894 0.009 0.053 -0.900 0.005 -0.140 -0.528 -0.068 0.189 -0.503 0.040 -0.033 -0.414 -0.006 0.034 -0.411 
0.999 0.029 -0.029 0.026 0.977 0.011 -0.019 0.213 0.174 -0.211 -0.947 0.093 0.281 -0.917 0.021 -0.078 -0.893 0.008 0.048 -0.900 0.008 -0.142 -0.528 -0.073 0.186 -0.503 0.042 -0.037 -0.414 -0.006 0.032 -0.411 
0.998 0.035 -0.033 0.040 0.978 0.005 -0.017 0.210 0.175 -0.195 -0.956 0.095 0.270 -0.924 0.033 -0.066 -0.887 0.006 0.068 -0.899 0.026 -0.131 -0.530 -0.065 0.176 -0.508 0.047 -0.027 -0.414 -0.002 0.040 -0.410 
0.998 0.030 -0.034 0.043 0.977 0.007 -0.019 0.212 0.203 -0.202 -0.947 0.078 0.278 -0.919 0.024 -0.066 -0.888 0.001 0.066 -0.897 0.038 -0.136 -0.528 -0.081 0.180 -0.504 0.042 -0.028 -0.414 -0.006 0.040 -0.410 
0.998 0.032 -0.037 0.048 0.977 0.007 -0.018 0.213 0.251 -0.185 -0.938 0.075 0.283 -0.917 0.016 -0.063 -0.892 -0.000 0.067 -0.897 0.062 -0.129 -0.528 -0.085 0.181 -0.503 0.039 -0.027 -0.415 -0.006 0.040 -0.410 
0.997 0.033 -0.037 0.052 0.977 0.007 -0.017 0.215 0.300 -0.171 -0.924 0.082 0.286 -0.914 0.018 -0.065 -0.893 -0.001 0.066 -0.899 0.086 -0.123 -0.526 -0.084 0.183 -0.503 0.040 -0.028 -0.415 -0.006 0.040 -0.410 
0.998 0.024 -0.046 0.047 0.973 0.010 -0.019 0.232 0.377 -0.219 -0.884 0.105 0.287 -0.890 -0.001 -0.076 -0.891 -0.011 0.060 -0.903 0.124 -0.151 -0.511 -0.104 0.179 -0.500 0.020 -0.035 -0.416 -0.019 0.034 -0.410 
0.997 0.021 -0.051 0.046 0.970 0.015 -0.022 0.243 0.442 -0.239 -0.843 0.094 0.295 -0.884 -0.018 -0.083 -0.889 -0.026 0.057 -0.907 0.153 -0.164 -0.499 -0.116 0.183 -0.496 0.006 -0.038 -0.416 -0.022 0.029 -0.411 
0.997 0.014 -0.058 0.041 0.969 0.008 -0.023 0.246 0.361 -0.135 -0.896 0.094 0.298 -0.884 -0.031 -0.070 -0.895 -0.022 0.068 -0.906 0.096 -0.111 -0.527 -0.114 0.190 -0.494 0.009 -0.034 -0.416 -0.011 0.036 -0.410 
0.997 0.015 -0.079 -0.021 0.951 -0.004 -0.014 0.309 0.340 -0.019 -0.797 0.154 0.293 -0.866 -0.036 -0.048 -0.901 0.005 0.085 -0.917 -0.038 -0.015 -0.544 -0.081 0.233 -0.480 -0.001 -0.018 -0.417 0.006 0.042 -0.410 
0.995 0.011 -0.082 -0.058 0.937 -0.011 -0.015 0.349 0.345 0.017 -0.708 0.153 0.310 -0.859 -0.048 -0.024 -0.910 0.015 0.109 -0.925 -0.075 0.058 -0.536 -0.068 0.269 -0.462 -0.012 -0.003 -0.417 0.015 0.053 -0.408 
0.994 -0.002 -0.085 -0.065 0.909 -0.018 -0.025 0.415 0.329 0.043 -0.598 0.177 0.305 -0.829 -0.085 0.031 -0.923 0.020 0.146 -0.927 -0.115 0.106 -0.520 -0.069 0.294 -0.445 -0.036 0.022 -0.414 0.026 0.067 -0.405 
0.989 0.012 -0.097 -0.108 0.890 -0.035 -0.026 0.454 0.287 0.118 -0.449 0.199 0.319 -0.817 -0.075 0.059 -0.921 0.045 0.185 -0.926 -0.143 0.268 -0.446 -0.025 0.335 -0.420 -0.035 0.043 -0.412 0.035 0.086 -0.400 
0.986 0.033 -0.108 -0.122 0.881 -0.050 -0.025 0.470 0.282 0.165 -0.293 0.194 0.337 -0.814 -0.077 0.091 -0.921 0.056 0.218 -0.921 -0.119 0.354 -0.388 -0.008 0.353 -0.405 -0.046 0.063 -0.408 0.033 0.103 -0.396 
0.978 0.072 -0.104 -0.165 0.868 -0.077 -0.028 0.489 0.396 0.106 -0.170 0.188 0.347 -0.854 -0.052 0.139 -0.911 0.078 0.287 -0.915 0.102 0.401 -0.347 0.056 0.335 -0.418 -0.039 0.086 -0.404 0.047 0.125 -0.388 
0.982 -0.005 -0.081 -0.168 0.862 -0.033 -0.022 0.506 0.606 -0.267 -0.019 0.146 0.292 -0.869 -0.085 0.075 -0.928 0.044 0.260 -0.931 0.372 -0.131 -0.380 -0.011 0.308 -0.440 -0.062 0.053 -0.408 0.031 0.108 -0.394 
0.988 -0.048 -0.060 -0.134 0.895 -0.005 -0.033 0.445 0.780 -0.313 0.024 0.056 0.270 -0.858 -0.097 -0.002 -0.934 -0.033 0.193 -0.947 0.427 -0.233 -0.250 -0.130 0.282 -0.441 -0.078 0.012 -0.409 -0.016 0.084 -0.402 
0.993 -0.036 -0.065 -0.088 0.906 -0.006 -0.013 0.422 0.845 -0.222 0.151 0.094 0.229 -0.878 -0.048 -0.032 -0.938 0.004 0.144 -0.949 0.489 -0.205 -0.132 -0.116 0.234 -0.472 -0.038 -0.013 -0.415 0.004 0.063 -0.406 
0.996 -0.022 -0.064 -0.064 0.907 -0.002 0.008 0.421 0.866 -0.144 0.278 0.158 0.175 -0.912 -0.002 -0.073 -0.932 0.034 0.100 -0.957 0.523 -0.153 -0.021 -0.051 0.179 -0.507 -0.012 -0.030 -0.416 0.020 0.044 -0.409 
0.994 -0.023 -0.061 -0.089 0.859 0.011 0.029 0.510 0.805 -0.402 0.357 0.226 0.085 -0.963 -0.013 -0.110 -0.929 0.089 0.054 -0.965 0.477 -0.248 0.086 0.086 0.081 -0.529 -0.009 -0.042 -0.416 0.068 0.022 -0.406 
0.994 -0.023 -0.061 -0.088 0.859 0.011 0.030 0.511 0.801 -0.393 0.374 0.228 0.079 -0.963 -0.011 -0.113 -0.930 0.092 0.049 -0.964 0.477 -0.245 0.095 0.087 0.077 -0.529 -0.008 -0.043 -0.416 0.069 0.021 -0.406 
0.989 -0.033 -0.050 -0.136 0.832 0.017 0.023 0.555 0.742 -0.490 0.370 0.203 0.041 -0.976 -0.039 -0.113 -0.931 0.095 0.038 -0.967 0.444 -0.301 0.088 0.099 0.038 -0.532 -0.015 -0.047 -0.415 0.080 0.015 -0.404 
0.994 -0.023 -0.088 -0.063 0.859 0.005 0.026 0.511 0.797 -0.413 0.383 0.498 -0.200 -0.842 -0.018 -0.099 -0.944 0.085 0.067 -0.970 0.466 -0.253 0.120 0.230 -0.090 -0.487 -0.002 -0.034 -0.417 0.069 0.031 -0.405 
0.992 -0.035 -0.073 -0.097 0.833 0.007 0.012 0.553 0.774 -0.477 0.379 0.327 -0.250 -0.910 -0.049 -0.090 -0.938 0.089 0.064 -0.962 0.445 -0.279 0.139 0.217 -0.171 -0.472 -0.019 -0.031 -0.416 0.077 0.025 -0.404 
0.994 -0.011 -0.092 -0.051 0.860 -0.007 0.021 0.509 0.789 -0.433 0.376 0.580 -0.189 -0.791 -0.015 -0.081 -0.951 0.087 0.090 -0.968 0.463 -0.261 0.114 0.281 -0.088 -0.459 0.001 -0.027 -0.417 0.067 0.040 -0.404 
0.995 -0.020 -0.097 -0.033 0.848 -0.010 0.009 0.530 0.785 -0.476 0.330 0.676 -0.186 -0.714 -0.041 -0.061 -0.958 0.080 0.104 -0.968 0.455 -0.286 0.087 0.340 -0.093 -0.416 -0.008 -0.019 -0.417 0.066 0.045 -0.404 
0.995 -0.020 -0.097 -0.033 0.849 -0.012 0.009 0.529 0.785 -0.474 0.332 0.678 -0.181 -0.712 -0.038 -0.057 -0.958 0.082 0.107 -0.967 0.456 -0.284 0.088 0.342 -0.090 -0.415 -0.006 -0.018 -0.417 0.067 0.046 -0.403 
0.995 -0.018 -0.096 -0.026 0.847 -0.010 0.010 0.531 0.789 -0.448 0.356 0.685 -0.173 -0.708 -0.040 -0.065 -0.958 0.083 0.102 -0.968 0.460 -0.272 0.102 0.345 -0.087 -0.414 -0.007 -0.021 -0.417 0.066 0.044 -0.404 
0.995 0.001 -0.100 0.002 0.828 -0.007 0.028 0.561 0.713 -0.545 0.371 0.736 -0.138 -0.660 -0.033 -0.077 -0.965 0.118 0.082 -0.972 0.422 -0.326 0.105 0.371 -0.069 -0.393 -0.005 -0.019 -0.417 0.087 0.037 -0.400 
0.995 0.006 -0.103 0.015 0.815 -0.004 0.026 0.579 0.693 -0.581 0.357 0.756 -0.098 -0.644 -0.043 -0.078 -0.964 0.128 0.078 -0.971 0.408 -0.345 0.101 0.385 -0.049 -0.382 -0.011 -0.016 -0.417 0.088 0.038 -0.400 
0.995 -0.006 -0.102 -0.007 0.779 0.004 0.036 0.626 0.608 -0.684 0.364 0.757 -0.197 -0.628 -0.050 -0.094 -0.960 0.162 0.033 -0.966 0.348 -0.392 0.140 0.419 -0.109 -0.332 -0.023 -0.016 -0.417 0.106 0.020 -0.398 
0.995 -0.018 -0.099 -0.027 0.780 0.006 0.038 0.625 0.605 -0.685 0.366 0.744 -0.250 -0.627 -0.053 -0.089 -0.957 0.160 0.035 -0.965 0.347 -0.393 0.139 0.408 -0.137 -0.336 -0.029 -0.011 -0.416 0.103 0.027 -0.398 
0.994 -0.018 -0.105 -0.038 0.774 0.005 0.037 0.632 0.591 -0.692 0.375 0.740 -0.263 -0.625 -0.052 -0.076 -0.960 0.164 0.050 -0.966 0.340 -0.400 0.140 0.409 -0.145 -0.331 -0.031 -0.008 -0.416 0.106 0.027 -0.397 
0.994 -0.034 -0.104 -0.016 0.831 0.018 0.072 0.553 0.696 -0.574 0.375 0.374 -0.096 -0.923 0.008 -0.167 -0.953 0.165 -0.005 -0.972 0.392 -0.354 0.126 0.171 -0.058 -0.515 0.005 -0.058 -0.415 0.091 -0.003 -0.402 
0.993 -0.034 -0.113 -0.023 0.845 0.014 0.073 0.530 0.731 -0.543 0.363 0.373 -0.161 -0.912 0.026 -0.167 -0.949 0.151 0.012 -0.976 0.414 -0.331 0.120 0.159 -0.093 -0.514 0.003 -0.052 -0.415 0.083 0.006 -0.404 
0.993 -0.034 -0.113 -0.023 0.845 0.015 0.073 0.530 0.730 -0.544 0.362 0.372 -0.164 -0.913 0.024 -0.170 -0.949 0.150 0.010 -0.976 0.413 -0.332 0.119 0.158 -0.094 -0.514 0.002 -0.053 -0.415 0.083 0.005 -0.404 
0.993 -0.040 -0.101 -0.043 0.840 0.018 0.065 0.539 0.740 -0.616 0.217 0.375 -0.171 -0.914 0.020 -0.183 -0.942 0.151 -0.010 -0.971 0.408 -0.357 0.051 0.183 -0.094 -0.506 -0.012 -0.057 -0.414 0.086 -0.002 -0.403 
0.991 -0.036 -0.125 -0.012 0.891 0.009 0.039 0.453 0.842 -0.479 0.051 0.343 -0.049 -0.916 0.003 -0.137 -0.956 0.065 0.073 -0.978 0.456 -0.286 -0.090 0.094 -0.054 -0.534 -0.037 -0.041 -0.414 0.029 0.023 -0.410 
0.990 -0.035 -0.135 -0.017 0.894 0.014 0.039 0.446 0.839 -0.458 -0.100 0.374 -0.063 -0.918 0.016 -0.143 -0.945 0.061 0.083 -0.975 0.439 -0.263 -0.193 0.148 -0.053 -0.522 -0.045 -0.040 -0.414 0.024 0.023 -0.411 
0.990 -0.035 -0.135 -0.017 0.894 0.013 0.039 0.446 0.840 -0.456 -0.100 0.375 -0.060 -0.918 0.017 -0.140 -0.945 0.061 0.086 -0.974 0.440 -0.262 -0.193 0.149 -0.051 -0.522 -0.044 -0.039 -0.414 0.024 0.024 -0.411 
0.993 -0.029 -0.105 -0.035 0.915 0.022 0.035 0.402 0.834 -0.395 -0.305 0.364 -0.109 -0.916 0.029 -0.162 -0.943 0.054 0.056 -0.975 0.415 -0.218 -0.283 0.131 -0.071 -0.525 -0.024 -0.056 -0.414 0.012 0.015 -0.412 
0.994 -0.010 -0.106 -0.033 0.915 0.012 0.041 0.401 0.784 -0.440 -0.366 0.377 -0.041 -0.914 0.038 -0.148 -0.951 0.085 0.062 -0.973 0.386 -0.224 -0.319 0.137 -0.031 -0.526 -0.012 -0.050 -0.415 0.024 0.019 -0.411 
0.997 -0.000 -0.077 -0.025 0.928 0.019 0.029 0.371 0.728 -0.368 -0.499 0.337 -0.047 -0.932 0.040 -0.169 -0.948 0.068 0.028 -0.979 0.322 -0.185 -0.403 0.124 -0.033 -0.529 -0.001 -0.066 -0.413 0.015 0.008 -0.412 
0.995 -0.007 -0.087 -0.038 0.950 0.008 0.027 0.311 0.676 -0.314 -0.614 0.306 -0.011 -0.945 0.097 -0.141 -0.949 0.078 0.059 -0.971 0.288 -0.149 -0.441 0.111 -0.015 -0.532 0.033 -0.057 -0.413 0.017 0.015 -0.412 
0.997 0.004 -0.064 -0.030 0.962 0.008 0.024 0.271 0.592 -0.308 -0.714 0.226 0.089 -0.966 0.119 -0.139 -0.943 0.072 0.051 -0.975 0.241 -0.158 -0.465 0.090 0.040 -0.534 0.069 -0.065 -0.407 0.021 0.014 -0.412 
0.997 0.006 -0.064 -0.036 0.967 0.012 0.023 0.255 0.457 -0.278 -0.777 0.035 0.242 -0.958 0.100 -0.123 -0.961 0.065 0.044 -0.983 0.112 -0.126 -0.520 -0.038 0.112 -0.529 0.073 -0.066 -0.406 0.026 0.008 -0.412 
0.998 0.009 -0.053 -0.036 0.977 0.001 0.018 0.215 0.080 -0.130 -0.928 0.037 0.300 -0.924 0.103 -0.077 -0.962 0.067 0.087 -0.977 -0.124 -0.043 -0.530 -0.081 0.126 -0.521 0.099 -0.031 -0.404 0.030 0.029 -0.410 
0.998 0.010 -0.050 -0.029 0.977 0.000 0.014 0.213 0.153 -0.334 -0.925 0.044 0.306 -0.932 0.119 -0.086 -0.952 0.070 0.085 -0.973 0.024 -0.164 -0.521 -0.055 0.137 -0.522 0.102 -0.032 -0.403 0.030 0.037 -0.409 
0.998 0.011 -0.062 -0.031 0.977 0.001 0.015 0.214 0.167 -0.356 -0.917 0.051 0.309 -0.933 0.118 -0.090 -0.955 0.061 0.085 -0.976 0.044 -0.176 -0.516 -0.045 0.145 -0.520 0.102 -0.033 -0.403 0.039 0.037 -0.409 
0.997 0.010 -0.065 -0.044 0.977 0.001 0.017 0.213 0.086 -0.408 -0.909 0.068 0.315 -0.930 0.119 -0.096 -0.956 0.061 0.078 -0.979 0.002 -0.202 -0.509 -0.035 0.151 -0.519 0.104 -0.034 -0.403 0.046 0.036 -0.408 
0.997 0.005 -0.067 -0.034 0.979 -0.001 0.017 0.201 0.004 -0.439 -0.894 0.081 0.320 -0.924 0.123 -0.094 -0.957 0.073 0.066 -0.977 -0.055 -0.213 -0.501 -0.037 0.149 -0.520 0.110 -0.032 -0.401 0.050 0.032 -0.408 
0.996 0.010 -0.074 -0.044 0.980 -0.005 0.024 0.200 -0.031 -0.464 -0.878 0.115 0.304 -0.923 0.148 -0.095 -0.950 0.079 0.083 -0.976 -0.082 -0.220 -0.495 -0.028 0.144 -0.522 0.120 -0.028 -0.399 0.060 0.037 -0.406 
0.996 0.011 -0.078 -0.048 0.982 -0.003 0.022 0.186 -0.112 -0.481 -0.857 0.109 0.299 -0.923 0.145 -0.101 -0.953 0.084 0.065 -0.980 -0.134 -0.222 -0.482 -0.037 0.140 -0.523 0.123 -0.029 -0.398 0.049 0.027 -0.409 
0.996 0.015 -0.075 -0.046 0.982 -0.005 0.020 0.186 -0.180 -0.512 -0.823 0.115 0.295 -0.927 0.143 -0.100 -0.953 0.072 0.067 -0.982 -0.179 -0.231 -0.462 -0.026 0.139 -0.524 0.121 -0.030 -0.398 0.043 0.029 -0.409 
0.996 0.005 -0.079 -0.042 0.985 -0.008 0.024 0.169 -0.250 -0.557 -0.780 0.116 0.301 -0.920 0.140 -0.088 -0.957 0.072 0.072 -0.981 -0.208 -0.263 -0.433 -0.036 0.137 -0.523 0.128 -0.019 -0.397 0.047 0.032 -0.408 
0.995 0.014 -0.086 -0.046 0.988 -0.014 0.020 0.153 -0.289 -0.623 -0.729 0.095 0.315 -0.922 0.139 -0.069 -0.959 0.054 0.094 -0.982 -0.189 -0.322 -0.401 -0.038 0.148 -0.521 0.125 -0.002 -0.398 0.032 0.045 -0.408 
0.996 0.011 -0.087 -0.030 0.991 -0.017 0.019 0.133 -0.303 -0.649 -0.699 0.089 0.326 -0.918 0.150 -0.052 -0.957 0.047 0.107 -0.981 -0.192 -0.340 -0.382 -0.044 0.150 -0.519 0.135 0.009 -0.394 0.035 0.049 -0.408 
0.996 0.005 -0.090 -0.028 0.992 -0.015 0.022 0.121 -0.351 -0.671 -0.655 0.093 0.317 -0.920 0.146 -0.056 -0.957 0.053 0.095 -0.982 -0.217 -0.353 -0.357 -0.043 0.143 -0.522 0.137 0.009 -0.394 0.029 0.046 -0.409 
0.996 0.003 -0.080 -0.027 0.993 -0.015 0.017 0.116 -0.312 -0.703 -0.629 0.081 0.314 -0.919 0.137 -0.052 -0.962 0.033 0.099 -0.988 -0.232 -0.356 -0.344 -0.056 0.140 -0.521 0.136 0.008 -0.394 0.026 0.043 -0.409 
0.996 0.002 -0.081 -0.042 0.992 -0.020 0.018 0.121 -0.332 -0.735 -0.567 0.098 0.313 -0.914 0.143 -0.037 -0.964 0.037 0.111 -0.987 -0.264 -0.362 -0.313 -0.056 0.143 -0.521 0.134 0.014 -0.395 0.028 0.047 -0.409 
0.996 0.002 -0.079 -0.052 0.992 -0.023 0.024 0.123 -0.300 -0.755 -0.548 0.117 0.309 -0.917 0.153 -0.042 -0.960 0.060 0.107 -0.986 -0.259 -0.366 -0.313 -0.036 0.145 -0.522 0.144 0.009 -0.391 0.038 0.045 -0.408 
0.996 0.010 -0.081 -0.034 0.994 -0.028 0.018 0.103 -0.439 -0.754 -0.483 0.099 0.318 -0.919 0.151 -0.028 -0.957 0.032 0.126 -0.984 -0.284 -0.389 -0.258 -0.042 0.146 -0.521 0.147 0.024 -0.390 0.031 0.056 -0.407 
0.995 -0.001 -0.062 -0.074 0.992 -0.028 0.014 0.119 -0.409 -0.803 -0.380 0.101 0.304 -0.922 0.134 -0.027 -0.961 0.032 0.137 -0.986 -0.321 -0.391 -0.207 -0.046 0.151 -0.519 0.150 0.021 -0.389 0.039 0.054 -0.407 
0.995 -0.006 -0.067 -0.068 0.993 -0.027 0.017 0.114 -0.421 -0.795 -0.385 0.108 0.295 -0.925 0.141 -0.029 -0.961 0.048 0.124 -0.984 -0.325 -0.384 -0.212 -0.040 0.144 -0.522 0.151 0.014 -0.389 0.039 0.054 -0.407 
0.995 0.003 -0.074 -0.069 0.995 -0.031 0.018 0.092 -0.466 -0.843 -0.233 0.103 0.295 -0.930 0.150 -0.023 -0.958 0.037 0.137 -0.983 -0.315 -0.428 -0.121 -0.033 0.144 -0.522 0.151 0.025 -0.388 0.036 0.061 -0.406 
0.994 -0.005 -0.063 -0.092 0.994 -0.030 0.023 0.107 -0.492 -0.823 -0.206 0.125 0.272 -0.937 0.169 -0.029 -0.955 0.045 0.139 -0.983 -0.355 -0.400 -0.110 -0.016 0.138 -0.525 0.160 0.020 -0.384 0.049 0.058 -0.405 
0.994 -0.004 -0.071 -0.087 0.996 -0.031 0.023 0.085 -0.452 -0.865 -0.139 0.112 0.273 -0.936 0.165 -0.018 -0.952 0.039 0.146 -0.984 -0.324 -0.433 -0.070 -0.030 0.136 -0.525 0.164 0.030 -0.382 0.040 0.062 -0.406 
0.994 -0.013 -0.069 -0.084 0.996 -0.028 0.023 0.080 -0.489 -0.860 -0.082 0.119 0.260 -0.943 0.153 -0.021 -0.952 0.037 0.133 -0.983 -0.319 -0.441 -0.035 -0.016 0.129 -0.527 0.163 0.030 -0.383 0.044 0.061 -0.405 
0.993 -0.009 -0.073 -0.093 0.996 -0.031 0.028 0.079 -0.476 -0.868 -0.032 0.117 0.265 -0.939 0.166 -0.016 -0.948 0.045 0.141 -0.980 -0.320 -0.441 -0.013 -0.022 0.133 -0.526 0.166 0.034 -0.381 0.046 0.069 -0.404 
0.992 -0.003 -0.067 -0.103 0.995 -0.037 0.031 0.084 -0.478 -0.861 -0.016 0.120 0.262 -0.940 0.179 -0.008 -0.945 0.045 0.162 -0.978 -0.337 -0.429 -0.005 -0.020 0.134 -0.526 0.172 0.036 -0.378 0.056 0.072 -0.402 
0.993 -0.007 -0.069 -0.093 0.996 -0.034 0.032 0.075 -0.481 -0.867 0.011 0.123 0.263 -0.941 0.178 -0.018 -0.944 0.059 0.142 -0.981 -0.320 -0.441 0.010 -0.015 0.133 -0.526 0.172 0.034 -0.378 0.048 0.070 -0.403 
0.994 -0.002 -0.064 -0.093 0.996 -0.041 0.023 0.075 -0.489 -0.864 0.021 0.100 0.276 -0.938 0.168 0.008 -0.953 0.031 0.173 -0.979 -0.316 -0.444 0.021 -0.032 0.138 -0.524 0.160 0.045 -0.382 0.038 0.077 -0.403 
0.993 -0.010 -0.068 -0.098 0.996 -0.036 0.029 0.076 -0.435 -0.884 0.054 0.103 0.263 -0.944 0.176 -0.008 -0.948 0.044 0.146 -0.982 -0.310 -0.447 0.031 -0.024 0.133 -0.526 0.170 0.036 -0.379 0.045 0.068 -0.404 
0.993 -0.012 -0.070 -0.092 0.996 -0.031 0.029 0.078 -0.424 -0.887 0.057 0.101 0.260 -0.945 0.177 -0.015 -0.950 0.051 0.134 -0.984 -0.309 -0.448 0.033 -0.025 0.130 -0.527 0.166 0.029 -0.381 0.040 0.063 -0.406 
0.993 -0.010 -0.077 -0.094 0.996 -0.030 0.031 0.083 -0.396 -0.893 0.026 0.087 0.252 -0.947 0.171 -0.018 -0.950 0.050 0.143 -0.984 -0.312 -0.447 0.010 -0.037 0.126 -0.527 0.167 0.028 -0.381 0.043 0.062 -0.405 
0.993 -0.007 -0.076 -0.095 0.995 -0.031 0.033 0.084 -0.381 -0.898 -0.000 0.083 0.262 -0.943 0.182 -0.019 -0.951 0.048 0.145 -0.984 -0.309 -0.449 -0.008 -0.042 0.131 -0.525 0.167 0.026 -0.381 0.041 0.062 -0.405 
0.994 0.006 -0.073 -0.085 0.996 -0.035 0.031 0.078 -0.369 -0.905 -0.050 0.066 0.268 -0.939 0.178 -0.009 -0.953 0.034 0.154 -0.984 -0.297 -0.456 -0.033 -0.061 0.132 -0.523 0.165 0.030 -0.382 0.039 0.063 -0.406 
0.993 0.006 -0.081 -0.086 0.996 -0.032 0.030 0.083 -0.356 -0.901 -0.119 0.059 0.266 -0.944 0.172 -0.026 -0.950 0.034 0.146 -0.985 -0.294 -0.453 -0.079 -0.056 0.133 -0.524 0.164 0.022 -0.383 0.037 0.060 -0.406 
0.994 0.008 -0.074 -0.079 0.995 -0.032 0.034 0.087 -0.356 -0.885 -0.217 0.075 0.263 -0.944 0.173 -0.024 -0.952 0.045 0.139 -0.985 -0.291 -0.443 -0.132 -0.045 0.130 -0.525 0.165 0.017 -0.383 0.041 0.056 -0.406 
0.994 0.008 -0.068 -0.088 0.994 -0.034 0.027 0.104 -0.354 -0.873 -0.244 0.073 0.264 -0.943 0.164 -0.019 -0.958 0.034 0.150 -0.985 -0.300 -0.430 -0.150 -0.049 0.132 -0.524 0.155 0.017 -0.387 0.037 0.058 -0.406 
0.993 0.003 -0.071 -0.089 0.994 -0.028 0.024 0.106 -0.298 -0.859 -0.356 0.064 0.267 -0.939 0.146 -0.024 -0.963 0.030 0.137 -0.987 -0.262 -0.425 -0.222 -0.064 0.133 -0.522 0.146 0.013 -0.390 0.029 0.056 -0.407 
0.995 0.004 -0.073 -0.073 0.994 -0.026 0.030 0.106 -0.278 -0.844 -0.410 0.093 0.264 -0.937 0.149 -0.032 -0.959 0.041 0.128 -0.987 -0.249 -0.419 -0.247 -0.046 0.128 -0.526 0.153 0.008 -0.388 0.035 0.051 -0.408 
0.994 0.007 -0.076 -0.073 0.995 -0.027 0.025 0.095 -0.204 -0.836 -0.481 0.072 0.275 -0.935 0.151 -0.025 -0.962 0.019 0.135 -0.988 -0.191 -0.424 -0.287 -0.059 0.133 -0.523 0.144 0.015 -0.391 0.018 0.056 -0.408 
0.994 -0.010 -0.071 -0.077 0.993 -0.014 0.026 0.111 -0.205 -0.819 -0.511 0.066 0.265 -0.940 0.139 -0.047 -0.964 0.039 0.103 -0.990 -0.191 -0.415 -0.301 -0.061 0.129 -0.524 0.143 0.002 -0.392 0.026 0.044 -0.409 
0.995 -0.002 -0.069 -0.071 0.994 -0.015 0.021 0.108 -0.155 -0.796 -0.567 0.058 0.279 -0.936 0.129 -0.044 -0.966 0.020 0.109 -0.991 -0.156 -0.406 -0.331 -0.066 0.137 -0.521 0.139 0.004 -0.393 0.020 0.045 -0.409 
0.996 -0.001 -0.062 -0.061 0.994 -0.011 0.024 0.110 -0.111 -0.749 -0.638 0.063 0.286 -0.934 0.136 -0.054 -0.963 0.034 0.094 -0.991 -0.132 -0.380 -0.370 -0.060 0.138 -0.522 0.144 -0.003 -0.391 0.023 0.040 -0.410 
0.997 0.004 -0.056 -0.057 0.994 -0.006 0.020 0.110 -0.048 -0.733 -0.658 0.060 0.268 -0.940 0.133 -0.066 -0.964 0.018 0.084 -0.993 -0.108 -0.369 -0.389 -0.063 0.129 -0.524 0.144 -0.010 -0.391 0.024 0.032 -0.410 
0.996 0.002 -0.063 -0.060 0.992 0.001 0.021 0.128 -0.029 -0.715 -0.679 0.074 0.265 -0.943 0.126 -0.085 -0.963 0.033 0.064 -0.994 -0.095 -0.358 -0.403 -0.046 0.130 -0.525 0.139 -0.020 -0.393 0.025 0.026 -0.411 
0.996 0.003 -0.064 -0.057 0.992 0.000 0.021 0.127 -0.001 -0.708 -0.688 0.077 0.269 -0.942 0.125 -0.082 -0.963 0.027 0.069 -0.994 -0.079 -0.355 -0.409 -0.045 0.132 -0.525 0.139 -0.018 -0.393 0.025 0.028 -0.411 
0.997 0.003 -0.054 -0.062 0.993 -0.005 0.020 0.119 0.043 -0.657 -0.733 0.072 0.258 -0.943 0.133 -0.071 -0.961 0.032 0.077 -0.993 -0.057 -0.325 -0.436 -0.053 0.125 -0.526 0.146 -0.011 -0.391 0.024 0.032 -0.410 
0.997 0.003 -0.055 -0.062 0.992 -0.002 0.018 0.122 0.038 -0.661 -0.729 0.069 0.253 -0.945 0.128 -0.077 -0.961 0.027 0.072 -0.993 -0.060 -0.327 -0.434 -0.055 0.122 -0.526 0.144 -0.014 -0.391 0.022 0.030 -0.411 
0.997 -0.002 -0.049 -0.052 0.993 -0.002 0.019 0.119 0.139 -0.563 -0.791 0.081 0.255 -0.941 0.126 -0.070 -0.960 0.040 0.073 -0.991 -0.015 -0.274 -0.473 -0.052 0.119 -0.527 0.149 -0.013 -0.390 0.030 0.029 -0.410 
0.997 0.000 -0.055 -0.049 0.992 0.000 0.017 0.122 0.198 -0.553 -0.784 0.093 0.253 -0.940 0.125 -0.075 -0.960 0.028 0.070 -0.992 0.017 -0.270 -0.475 -0.047 0.118 -0.528 0.147 -0.016 -0.390 0.026 0.027 -0.411 
0.997 0.005 -0.051 -0.064 0.990 -0.004 0.015 0.143 0.218 -0.519 -0.793 0.105 0.255 -0.938 0.115 -0.066 -0.964 0.033 0.081 -0.990 0.021 -0.240 -0.491 -0.041 0.123 -0.527 0.132 -0.016 -0.395 0.024 0.032 -0.410 
0.997 0.010 -0.047 -0.059 0.988 -0.001 0.013 0.152 0.255 -0.483 -0.804 0.112 0.250 -0.937 0.108 -0.068 -0.962 0.022 0.085 -0.990 0.041 -0.221 -0.499 -0.039 0.121 -0.527 0.135 -0.018 -0.394 0.029 0.033 -0.410 
0.997 0.007 -0.045 -0.062 0.987 0.002 0.012 0.158 0.283 -0.456 -0.818 0.114 0.227 -0.949 0.113 -0.084 -0.959 0.047 0.066 -0.988 0.067 -0.211 -0.500 -0.024 0.111 -0.531 0.136 -0.027 -0.394 0.029 0.027 -0.411 
0.997 0.011 -0.046 -0.061 0.987 -0.000 0.012 0.161 0.361 -0.433 -0.796 0.114 0.231 -0.948 0.106 -0.072 -0.961 0.034 0.078 -0.989 0.107 -0.199 -0.498 -0.025 0.113 -0.530 0.132 -0.023 -0.395 0.033 0.030 -0.410 
0.997 0.007 -0.043 -0.064 0.986 0.003 0.015 0.169 0.367 -0.389 -0.826 0.112 0.209 -0.962 0.120 -0.083 -0.954 0.065 0.066 -0.983 0.124 -0.182 -0.500 0.000 0.105 -0.533 0.135 -0.030 -0.394 0.041 0.027 -0.409 
0.997 0.014 -0.043 -0.057 0.983 0.004 0.011 0.181 0.478 -0.378 -0.775 0.113 0.198 -0.967 0.111 -0.082 -0.954 0.045 0.072 -0.986 0.191 -0.183 -0.479 0.017 0.101 -0.533 0.130 -0.032 -0.395 0.041 0.027 -0.409 
0.998 0.012 -0.036 -0.059 0.984 0.003 0.002 0.178 0.433 -0.273 -0.856 0.080 0.200 -0.969 0.102 -0.070 -0.957 0.039 0.078 -0.981 0.196 -0.136 -0.492 -0.005 0.101 -0.533 0.120 -0.026 -0.399 0.035 0.032 -0.410 
0.998 0.020 -0.037 -0.046 0.984 -0.001 0.003 0.180 0.538 -0.277 -0.777 0.096 0.203 -0.963 0.098 -0.060 -0.959 0.031 0.083 -0.984 0.223 -0.133 -0.481 -0.015 0.098 -0.534 0.120 -0.024 -0.399 0.032 0.034 -0.410 
0.998 0.023 -0.027 -0.055 0.980 0.001 0.004 0.197 0.644 -0.340 -0.627 0.109 0.191 -0.962 0.086 -0.073 -0.961 0.039 0.065 -0.989 0.261 -0.167 -0.450 -0.012 0.093 -0.534 0.118 -0.037 -0.399 0.034 0.024 -0.410 
0.999 0.028 -0.025 -0.039 0.981 0.001 0.005 0.196 0.687 -0.342 -0.564 0.112 0.192 -0.957 0.090 -0.075 -0.965 0.037 0.065 -0.992 0.284 -0.175 -0.433 -0.023 0.091 -0.535 0.117 -0.036 -0.399 0.033 0.023 -0.410 
0.999 0.025 -0.025 -0.035 0.980 -0.001 0.004 0.200 0.706 -0.315 -0.547 0.119 0.191 -0.957 0.085 -0.065 -0.968 0.042 0.070 -0.992 0.293 -0.164 -0.431 -0.018 0.089 -0.535 0.115 -0.030 -0.400 0.033 0.025 -0.410 
0.999 0.025 -0.024 -0.035 0.980 -0.003 0.004 0.198 0.708 -0.304 -0.549 0.112 0.200 -0.956 0.089 -0.061 -0.968 0.044 0.074 -0.991 0.293 -0.159 -0.434 -0.021 0.093 -0.534 0.116 -0.028 -0.400 0.034 0.027 -0.410 
0.999 0.024 -0.017 -0.036 0.982 -0.002 0.005 0.190 0.681 -0.269 -0.598 0.085 0.191 -0.960 0.088 -0.059 -0.965 0.039 0.077 -0.990 0.267 -0.143 -0.455 -0.037 0.088 -0.534 0.121 -0.028 -0.398 0.034 0.027 -0.410 
0.999 0.026 -0.017 -0.029 0.983 -0.005 0.004 0.182 0.640 -0.240 -0.677 0.082 0.197 -0.962 0.107 -0.055 -0.961 0.038 0.086 -0.989 0.252 -0.129 -0.467 -0.033 0.090 -0.534 0.123 -0.020 -0.398 0.033 0.033 -0.410 
0.999 0.024 -0.014 -0.037 0.983 -0.003 0.005 0.186 0.614 -0.234 -0.697 0.069 0.195 -0.966 0.100 -0.055 -0.961 0.041 0.082 -0.988 0.228 -0.124 -0.481 -0.032 0.091 -0.534 0.122 -0.024 -0.398 0.037 0.029 -0.410 
0.999 0.029 -0.007 -0.028 0.981 -0.004 -0.002 0.192 0.549 -0.205 -0.764 0.068 0.201 -0.966 0.083 -0.050 -0.962 0.031 0.084 -0.988 0.191 -0.100 -0.502 -0.027 0.095 -0.534 0.120 -0.023 -0.399 0.035 0.032 -0.410 
0.999 0.029 -0.010 -0.035 0.980 -0.005 0.000 0.197 0.481 -0.196 -0.820 0.056 0.198 -0.969 0.092 -0.052 -0.963 0.040 0.083 -0.986 0.161 -0.087 -0.515 -0.029 0.096 -0.533 0.115 -0.023 -0.400 0.039 0.032 -0.409 
0.999 0.028 -0.008 -0.041 0.980 -0.003 -0.003 0.198 0.401 -0.189 -0.870 0.047 0.193 -0.972 0.088 -0.051 -0.962 0.031 0.086 -0.985 0.122 -0.083 -0.526 -0.029 0.095 -0.534 0.113 -0.023 -0.401 0.037 0.033 -0.409 
0.999 0.026 -0.024 -0.016 0.987 -0.010 0.006 0.160 0.160 -0.116 -0.981 0.040 0.196 -0.978 0.137 -0.036 -0.944 0.068 0.100 -0.967 0.099 -0.066 -0.533 0.008 0.103 -0.533 0.129 -0.008 -0.397 0.037 0.045 -0.408 
0.999 0.028 -0.025 -0.015 0.987 -0.011 0.006 0.160 0.134 -0.105 -0.986 0.040 0.204 -0.976 0.141 -0.037 -0.943 0.062 0.103 -0.968 0.084 -0.060 -0.536 0.004 0.106 -0.532 0.130 -0.008 -0.396 0.036 0.046 -0.408 
0.999 0.028 -0.025 -0.015 0.987 -0.010 0.009 0.160 0.139 -0.108 -0.985 0.045 0.202 -0.976 0.145 -0.039 -0.943 0.067 0.101 -0.968 0.087 -0.061 -0.535 0.006 0.104 -0.533 0.132 -0.009 -0.396 0.038 0.045 -0.408 
0.999 0.028 -0.024 -0.015 0.987 -0.011 0.009 0.160 0.133 -0.104 -0.986 0.042 0.203 -0.976 0.147 -0.037 -0.942 0.067 0.103 -0.968 0.084 -0.060 -0.536 0.005 0.105 -0.532 0.132 -0.008 -0.396 0.038 0.046 -0.408 
0.999 0.028 -0.024 -0.015 0.987 -0.011 0.008 0.160 0.124 -0.105 -0.987 0.037 0.202 -0.976 0.144 -0.037 -0.943 0.063 0.103 -0.969 0.080 -0.060 -0.536 0.003 0.104 -0.533 0.131 -0.008 -0.396 0.037 0.046 -0.408 
0.999 0.028 -0.024 -0.015 0.987 -0.010 0.007 0.160 0.121 -0.105 -0.988 0.035 0.201 -0.977 0.142 -0.037 -0.943 0.060 0.103 -0.969 0.078 -0.061 -0.537 0.001 0.104 -0.533 0.130 -0.009 -0.396 0.036 0.046 -0.408 
0.998 0.040 -0.038 -0.005 0.985 -0.014 0.009 0.173 0.304 -0.205 -0.931 0.035 0.232 -0.965 0.120 -0.027 -0.953 0.054 0.114 -0.973 0.140 -0.103 -0.518 -0.029 0.113 -0.530 0.129 -0.009 -0.397 0.047 0.049 -0.406 
0.998 0.040 -0.038 -0.005 0.985 -0.017 0.007 0.171 0.302 -0.198 -0.932 0.032 0.238 -0.964 0.117 -0.020 -0.953 0.051 0.120 -0.972 0.139 -0.099 -0.519 -0.031 0.117 -0.529 0.128 -0.006 -0.397 0.045 0.052 -0.406 
0.998 0.040 -0.038 -0.005 0.985 -0.014 0.009 0.173 0.304 -0.206 -0.930 0.036 0.231 -0.965 0.120 -0.028 -0.953 0.054 0.113 -0.973 0.141 -0.103 -0.518 -0.029 0.113 -0.530 0.129 -0.010 -0.396 0.047 0.049 -0.407 
0.998 0.043 -0.037 0.005 0.983 -0.019 0.006 0.185 0.241 -0.197 -0.951 0.024 0.259 -0.960 0.116 -0.018 -0.953 0.054 0.129 -0.967 0.110 -0.100 -0.526 -0.025 0.130 -0.526 0.128 -0.009 -0.397 0.054 0.055 -0.405 
0.998 0.041 -0.042 -0.003 0.978 -0.020 0.013 0.206 0.243 -0.225 -0.945 0.068 0.265 -0.953 0.116 -0.024 -0.952 0.078 0.130 -0.960 0.109 -0.114 -0.523 -0.010 0.133 -0.525 0.135 -0.015 -0.395 0.074 0.056 -0.401 
0.998 0.039 -0.043 -0.004 0.979 -0.019 0.010 0.202 0.233 -0.218 -0.948 0.078 0.300 -0.939 0.118 -0.022 -0.953 0.066 0.135 -0.961 0.096 -0.108 -0.527 -0.020 0.148 -0.521 0.135 -0.013 -0.394 0.076 0.059 -0.401 
0.998 0.039 -0.043 -0.004 0.979 -0.018 0.007 0.202 0.226 -0.217 -0.949 0.076 0.304 -0.938 0.113 -0.020 -0.954 0.062 0.136 -0.961 0.093 -0.107 -0.527 -0.021 0.150 -0.521 0.133 -0.013 -0.395 0.074 0.060 -0.401 
0.998 0.036 -0.044 0.006 0.983 -0.021 0.014 0.180 0.229 -0.199 -0.953 0.137 0.349 -0.899 0.117 -0.010 -0.952 0.055 0.149 -0.957 0.094 -0.100 -0.529 -0.023 0.163 -0.516 0.143 0.002 -0.392 0.075 0.071 -0.399 
0.998 0.032 -0.050 -0.006 0.982 -0.020 0.011 0.188 0.212 -0.198 -0.955 0.196 0.347 -0.885 0.101 -0.007 -0.954 0.047 0.152 -0.955 0.076 -0.096 -0.532 0.002 0.165 -0.517 0.137 -0.000 -0.394 0.076 0.071 -0.399 
0.998 0.034 -0.045 -0.004 0.983 -0.025 0.014 0.181 0.215 -0.192 -0.957 0.239 0.372 -0.859 0.115 0.006 -0.952 0.063 0.161 -0.945 0.084 -0.095 -0.531 0.018 0.181 -0.510 0.146 0.009 -0.390 0.080 0.083 -0.395 
0.998 0.036 -0.047 -0.008 0.985 -0.026 0.011 0.172 0.229 -0.174 -0.956 0.333 0.394 -0.817 0.098 0.014 -0.953 0.033 0.173 -0.948 0.087 -0.085 -0.532 0.072 0.199 -0.499 0.147 0.015 -0.390 0.082 0.088 -0.394 
0.998 0.040 -0.041 -0.006 0.986 -0.024 0.008 0.163 0.230 -0.170 -0.954 0.412 0.398 -0.765 0.094 0.011 -0.955 0.014 0.170 -0.953 0.079 -0.081 -0.534 0.103 0.207 -0.490 0.145 0.016 -0.390 0.073 0.090 -0.395 
0.998 0.051 -0.047 -0.005 0.986 -0.029 0.013 0.166 0.239 -0.165 -0.951 0.517 0.413 -0.689 0.128 0.017 -0.948 0.024 0.177 -0.949 0.076 -0.075 -0.535 0.169 0.228 -0.462 0.149 0.016 -0.389 0.080 0.095 -0.393 
0.996 0.049 -0.066 -0.018 0.986 -0.028 0.020 0.161 0.265 -0.170 -0.946 0.639 0.432 -0.579 0.134 0.009 -0.950 0.025 0.180 -0.946 0.104 -0.078 -0.530 0.261 0.245 -0.407 0.146 0.014 -0.390 0.074 0.095 -0.394 
0.996 0.054 -0.062 -0.022 0.987 -0.029 0.019 0.156 0.264 -0.173 -0.944 0.715 0.442 -0.477 0.118 0.009 -0.953 0.016 0.173 -0.953 0.095 -0.078 -0.532 0.315 0.260 -0.357 0.151 0.012 -0.388 0.073 0.089 -0.395 
0.995 0.058 -0.070 -0.031 0.988 -0.030 0.019 0.151 0.283 -0.175 -0.938 0.773 0.421 -0.389 0.124 0.010 -0.956 0.008 0.174 -0.956 0.107 -0.077 -0.530 0.352 0.258 -0.322 0.149 0.013 -0.389 0.068 0.090 -0.396 
0.996 0.060 -0.066 -0.030 0.990 -0.035 0.021 0.137 0.306 -0.166 -0.932 0.828 0.419 -0.235 0.111 0.029 -0.963 -0.004 0.179 -0.958 0.119 -0.072 -0.528 0.397 0.272 -0.252 0.145 0.019 -0.390 0.066 0.091 -0.396 
0.995 0.067 -0.067 -0.021 0.990 -0.041 0.022 0.135 0.307 -0.150 -0.936 0.866 0.410 -0.096 0.123 0.046 -0.965 -0.000 0.195 -0.957 0.123 -0.065 -0.528 0.437 0.274 -0.170 0.144 0.028 -0.390 0.062 0.096 -0.396 
0.995 0.074 -0.058 -0.022 0.989 -0.039 0.020 0.141 0.292 -0.156 -0.939 0.892 0.360 -0.052 0.127 0.027 -0.973 0.005 0.181 -0.966 0.114 -0.066 -0.530 0.458 0.253 -0.145 0.129 0.015 -0.396 0.056 0.086 -0.399 
0.996 0.075 -0.054 -0.018 0.991 -0.041 0.021 0.125 0.298 -0.146 -0.939 0.891 0.353 0.006 0.132 0.022 -0.975 -0.006 0.174 -0.969 0.121 -0.063 -0.529 0.463 0.257 -0.122 0.129 0.018 -0.396 0.050 0.087 -0.400 
0.995 0.069 -0.072 -0.021 0.993 -0.035 0.028 0.108 0.332 -0.150 -0.928 0.885 0.360 0.096 0.090 0.015 -0.975 -0.002 0.155 -0.975 0.140 -0.064 -0.523 0.470 0.263 -0.070 0.134 0.014 -0.395 0.046 0.070 -0.404 
0.995 0.065 -0.073 -0.025 0.994 -0.036 0.032 0.094 0.351 -0.129 -0.922 0.872 0.340 0.185 0.100 0.021 -0.975 0.004 0.161 -0.974 0.147 -0.052 -0.523 0.473 0.267 -0.025 0.137 0.016 -0.394 0.045 0.075 -0.403 
0.995 0.068 -0.073 -0.020 0.995 -0.038 0.034 0.080 0.348 -0.119 -0.924 0.859 0.336 0.227 0.104 0.027 -0.973 0.001 0.164 -0.976 0.145 -0.047 -0.524 0.469 0.274 -0.002 0.141 0.022 -0.392 0.038 0.077 -0.403 
0.994 0.066 -0.083 -0.034 0.995 -0.037 0.046 0.079 0.376 -0.129 -0.913 0.854 0.322 0.299 0.131 0.022 -0.971 0.025 0.162 -0.973 0.166 -0.054 -0.517 0.474 0.262 0.053 0.148 0.017 -0.390 0.048 0.076 -0.402 
0.994 0.063 -0.085 -0.034 0.996 -0.033 0.044 0.067 0.374 -0.123 -0.916 0.832 0.320 0.341 0.133 0.019 -0.973 0.021 0.155 -0.975 0.171 -0.053 -0.515 0.467 0.269 0.071 0.145 0.018 -0.391 0.040 0.074 -0.404 
0.993 0.050 -0.093 -0.041 0.996 -0.024 0.053 0.070 0.384 -0.134 -0.909 0.813 0.308 0.399 0.137 -0.005 -0.970 0.032 0.129 -0.977 0.169 -0.056 -0.516 0.465 0.260 0.107 0.154 -0.001 -0.388 0.052 0.061 -0.405 
0.994 0.054 -0.091 -0.035 0.996 -0.021 0.053 0.070 0.367 -0.137 -0.916 0.803 0.323 0.407 0.140 -0.013 -0.972 0.041 0.122 -0.979 0.162 -0.059 -0.517 0.459 0.269 0.111 0.149 -0.004 -0.389 0.047 0.057 -0.406 
0.993 0.054 -0.093 -0.045 0.996 -0.022 0.060 0.065 0.389 -0.124 -0.909 0.807 0.297 0.420 0.158 -0.008 -0.971 0.052 0.128 -0.977 0.176 -0.051 -0.514 0.461 0.260 0.124 0.151 0.000 -0.389 0.052 0.059 -0.405 
0.992 0.057 -0.099 -0.052 0.996 -0.027 0.058 0.055 0.389 -0.106 -0.912 0.800 0.292 0.438 0.152 -0.000 -0.968 0.045 0.137 -0.975 0.181 -0.043 -0.513 0.459 0.258 0.137 0.157 0.005 -0.386 0.049 0.064 -0.404 
0.993 0.057 -0.090 -0.043 0.996 -0.023 0.061 0.066 0.370 -0.118 -0.917 0.794 0.267 0.471 0.160 -0.016 -0.969 0.062 0.129 -0.975 0.163 -0.048 -0.518 0.458 0.245 0.163 0.155 -0.005 -0.387 0.051 0.060 -0.405 
0.992 0.050 -0.096 -0.058 0.995 -0.012 0.063 0.073 0.387 -0.141 -0.908 0.797 0.265 0.473 0.163 -0.045 -0.969 0.063 0.104 -0.977 0.176 -0.060 -0.513 0.462 0.235 0.165 0.152 -0.020 -0.388 0.058 0.050 -0.405 
0.993 0.051 -0.095 -0.050 0.995 -0.013 0.061 0.075 0.377 -0.135 -0.912 0.780 0.271 0.495 0.157 -0.041 -0.971 0.059 0.107 -0.978 0.168 -0.057 -0.516 0.455 0.242 0.176 0.149 -0.017 -0.389 0.055 0.053 -0.405 
0.993 0.051 -0.095 -0.050 0.995 -0.012 0.062 0.076 0.379 -0.137 -0.912 0.779 0.270 0.496 0.158 -0.043 -0.970 0.061 0.105 -0.978 0.169 -0.058 -0.515 0.455 0.241 0.176 0.149 -0.018 -0.389 0.056 0.052 -0.405 
0.993 0.049 -0.092 -0.046 0.995 -0.009 0.062 0.076 0.389 -0.145 -0.906 0.753 0.280 0.524 0.156 -0.050 -0.970 0.076 0.103 -0.977 0.176 -0.064 -0.512 0.441 0.254 0.192 0.151 -0.022 -0.388 0.057 0.049 -0.406 
0.993 0.051 -0.095 -0.040 0.995 -0.013 0.061 0.074 0.379 -0.133 -0.914 0.742 0.287 0.530 0.157 -0.036 -0.970 0.060 0.116 -0.978 0.178 -0.061 -0.512 0.436 0.263 0.191 0.151 -0.013 -0.389 0.051 0.057 -0.405 
0.994 0.052 -0.094 -0.032 0.995 -0.013 0.058 0.080 0.380 -0.133 -0.913 0.748 0.299 0.528 0.153 -0.036 -0.969 0.062 0.111 -0.979 0.180 -0.062 -0.511 0.435 0.260 0.198 0.153 -0.013 -0.388 0.051 0.053 -0.406 
0.993 0.051 -0.098 -0.033 0.995 -0.012 0.061 0.084 0.384 -0.136 -0.912 0.748 0.310 0.530 0.159 -0.039 -0.968 0.073 0.111 -0.977 0.183 -0.063 -0.510 0.433 0.259 0.203 0.155 -0.016 -0.387 0.054 0.052 -0.405 
0.993 0.054 -0.100 -0.032 0.994 -0.016 0.064 0.088 0.383 -0.132 -0.913 0.738 0.328 0.536 0.167 -0.031 -0.969 0.087 0.122 -0.974 0.185 -0.062 -0.509 0.423 0.270 0.209 0.153 -0.012 -0.388 0.057 0.054 -0.405 
0.993 0.051 -0.102 -0.034 0.993 -0.014 0.068 0.092 0.385 -0.141 -0.912 0.737 0.355 0.519 0.167 -0.035 -0.967 0.089 0.120 -0.973 0.193 -0.070 -0.506 0.417 0.286 0.201 0.156 -0.013 -0.387 0.061 0.053 -0.404 
0.992 0.051 -0.106 -0.037 0.993 -0.016 0.071 0.089 0.401 -0.141 -0.905 0.757 0.360 0.490 0.187 -0.034 -0.964 0.111 0.126 -0.967 0.206 -0.071 -0.500 0.428 0.283 0.183 0.157 -0.012 -0.386 0.068 0.056 -0.403 
0.990 0.053 -0.118 -0.052 0.991 -0.023 0.081 0.101 0.411 -0.138 -0.901 0.752 0.366 0.488 0.219 -0.022 -0.959 0.131 0.144 -0.961 0.209 -0.068 -0.499 0.424 0.290 0.180 0.158 -0.003 -0.386 0.075 0.063 -0.401 
0.989 0.053 -0.124 -0.057 0.990 -0.024 0.086 0.106 0.426 -0.144 -0.893 0.762 0.363 0.484 0.227 -0.022 -0.956 0.150 0.151 -0.955 0.214 -0.069 -0.497 0.427 0.282 0.184 0.161 -0.003 -0.385 0.081 0.061 -0.400 
0.992 0.054 -0.105 -0.043 0.991 -0.029 0.077 0.108 0.396 -0.129 -0.909 0.776 0.384 0.445 0.220 -0.010 -0.960 0.147 0.161 -0.954 0.201 -0.063 -0.503 0.436 0.286 0.157 0.151 0.001 -0.389 0.070 0.064 -0.401 
0.992 0.063 -0.098 -0.040 0.990 -0.034 0.073 0.119 0.379 -0.128 -0.916 0.814 0.376 0.394 0.214 -0.003 -0.963 0.145 0.170 -0.955 0.189 -0.062 -0.508 0.448 0.275 0.140 0.147 0.003 -0.390 0.068 0.065 -0.401 
0.994 0.062 -0.085 -0.032 0.989 -0.034 0.067 0.127 0.358 -0.131 -0.924 0.839 0.362 0.331 0.203 -0.007 -0.964 0.150 0.166 -0.955 0.174 -0.062 -0.513 0.463 0.271 0.088 0.148 -0.001 -0.390 0.069 0.067 -0.401 
0.995 0.061 -0.077 -0.031 0.989 -0.035 0.067 0.125 0.347 -0.127 -0.930 0.833 0.391 0.319 0.206 -0.005 -0.964 0.157 0.168 -0.953 0.175 -0.063 -0.513 0.455 0.285 0.084 0.150 -0.002 -0.389 0.065 0.066 -0.402 
0.996 0.063 -0.062 -0.028 0.986 -0.035 0.062 0.149 0.336 -0.161 -0.926 0.888 0.380 0.169 0.199 -0.015 -0.967 0.173 0.154 -0.953 0.149 -0.073 -0.520 0.477 0.260 0.009 0.144 -0.012 -0.391 0.065 0.060 -0.402 
0.996 0.063 -0.059 -0.030 0.987 -0.038 0.059 0.143 0.347 -0.162 -0.922 0.883 0.389 0.150 0.186 -0.002 -0.970 0.154 0.164 -0.958 0.155 -0.074 -0.518 0.471 0.271 -0.009 0.141 -0.005 -0.393 0.059 0.064 -0.403 
0.996 0.065 -0.047 -0.028 0.984 -0.034 0.051 0.167 0.306 -0.174 -0.933 0.903 0.397 -0.000 0.180 -0.022 -0.971 0.150 0.148 -0.961 0.130 -0.078 -0.524 0.475 0.254 -0.071 0.128 -0.015 -0.397 0.052 0.058 -0.405 
0.997 0.056 -0.048 -0.023 0.981 -0.027 0.057 0.184 0.302 -0.185 -0.930 0.899 0.401 -0.049 0.180 -0.041 -0.971 0.172 0.127 -0.957 0.116 -0.080 -0.527 0.470 0.252 -0.102 0.128 -0.027 -0.396 0.057 0.048 -0.405 
0.997 0.049 -0.049 -0.040 0.979 -0.027 0.058 0.193 0.299 -0.186 -0.932 0.885 0.415 -0.143 0.185 -0.040 -0.969 0.169 0.132 -0.958 0.118 -0.081 -0.527 0.459 0.253 -0.143 0.126 -0.026 -0.397 0.065 0.051 -0.404 
0.997 0.046 -0.050 -0.036 0.978 -0.025 0.056 0.200 0.296 -0.196 -0.933 0.866 0.444 -0.207 0.183 -0.046 -0.969 0.172 0.124 -0.955 0.128 -0.090 -0.523 0.453 0.257 -0.154 0.123 -0.029 -0.398 0.062 0.048 -0.405 
0.997 0.042 -0.056 -0.042 0.978 -0.030 0.056 0.199 0.308 -0.192 -0.931 0.851 0.440 -0.255 0.182 -0.030 -0.968 0.165 0.140 -0.953 0.136 -0.089 -0.522 0.438 0.255 -0.193 0.123 -0.020 -0.398 0.055 0.052 -0.405 
0.997 0.040 -0.056 -0.040 0.979 -0.034 0.054 0.196 0.307 -0.184 -0.932 0.807 0.454 -0.343 0.180 -0.015 -0.967 0.164 0.156 -0.951 0.131 -0.084 -0.524 0.405 0.262 -0.248 0.127 -0.015 -0.397 0.054 0.057 -0.404 
0.997 0.037 -0.051 -0.035 0.977 -0.032 0.050 0.204 0.294 -0.197 -0.934 0.768 0.458 -0.427 0.165 -0.016 -0.970 0.163 0.150 -0.950 0.125 -0.091 -0.524 0.385 0.259 -0.280 0.123 -0.019 -0.398 0.052 0.055 -0.405 
0.997 0.038 -0.051 -0.032 0.977 -0.036 0.053 0.202 0.299 -0.189 -0.933 0.740 0.491 -0.439 0.176 -0.011 -0.968 0.170 0.155 -0.948 0.124 -0.086 -0.525 0.370 0.275 -0.284 0.124 -0.017 -0.398 0.056 0.057 -0.404 
0.997 0.038 -0.057 -0.029 0.975 -0.034 0.056 0.212 0.308 -0.194 -0.928 0.670 0.523 -0.507 0.186 -0.018 -0.965 0.172 0.157 -0.949 0.125 -0.087 -0.525 0.325 0.289 -0.322 0.122 -0.017 -0.399 0.062 0.056 -0.403 
0.997 0.031 -0.055 -0.034 0.973 -0.032 0.051 0.222 0.286 -0.192 -0.936 0.627 0.505 -0.579 0.166 -0.014 -0.969 0.165 0.157 -0.948 0.115 -0.086 -0.527 0.305 0.277 -0.351 0.116 -0.017 -0.400 0.057 0.056 -0.404 
0.997 0.038 -0.057 -0.023 0.973 -0.036 0.053 0.220 0.306 -0.190 -0.927 0.616 0.485 -0.595 0.173 -0.008 -0.969 0.165 0.162 -0.951 0.115 -0.082 -0.528 0.281 0.266 -0.378 0.117 -0.011 -0.400 0.060 0.060 -0.403 
0.998 0.040 -0.056 -0.009 0.973 -0.034 0.051 0.223 0.290 -0.188 -0.935 0.538 0.503 -0.654 0.174 -0.013 -0.967 0.166 0.159 -0.950 0.111 -0.084 -0.528 0.237 0.271 -0.404 0.119 -0.014 -0.400 0.057 0.058 -0.404 
0.997 0.038 -0.066 -0.002 0.975 -0.035 0.052 0.214 0.315 -0.189 -0.929 0.497 0.502 -0.685 0.172 -0.009 -0.967 0.166 0.161 -0.947 0.136 -0.090 -0.521 0.213 0.266 -0.420 0.118 -0.011 -0.400 0.050 0.056 -0.405 
0.997 0.041 -0.061 0.001 0.973 -0.034 0.042 0.226 0.288 -0.183 -0.936 0.358 0.540 -0.750 0.148 -0.002 -0.972 0.142 0.166 -0.953 0.113 -0.083 -0.528 0.156 0.287 -0.431 0.102 -0.011 -0.404 0.041 0.057 -0.406 
0.997 0.030 -0.071 0.009 0.974 -0.033 0.041 0.220 0.289 -0.178 -0.938 0.397 0.450 -0.775 0.145 -0.008 -0.970 0.140 0.162 -0.950 0.118 -0.083 -0.527 0.144 0.227 -0.470 0.105 -0.008 -0.404 0.040 0.057 -0.406 
0.997 0.033 -0.068 0.020 0.972 -0.032 0.042 0.228 0.283 -0.177 -0.940 0.349 0.450 -0.796 0.148 -0.014 -0.970 0.146 0.156 -0.951 0.111 -0.083 -0.528 0.114 0.224 -0.479 0.105 -0.011 -0.404 0.044 0.055 -0.406 
0.996 0.034 -0.067 0.042 0.975 -0.032 0.036 0.219 0.267 -0.159 -0.949 0.277 0.481 -0.804 0.131 -0.004 -0.974 0.130 0.162 -0.951 0.107 -0.076 -0.530 0.072 0.232 -0.484 0.092 -0.004 -0.407 0.031 0.058 -0.407 
0.996 0.038 -0.064 0.040 0.974 -0.035 0.034 0.223 0.268 -0.152 -0.948 0.279 0.449 -0.812 0.124 0.005 -0.974 0.122 0.171 -0.953 0.101 -0.071 -0.532 0.058 0.210 -0.495 0.091 0.001 -0.407 0.032 0.063 -0.406 
0.996 0.037 -0.063 0.044 0.972 -0.031 0.036 0.228 0.235 -0.137 -0.958 0.227 0.477 -0.815 0.128 -0.002 -0.975 0.125 0.163 -0.956 0.080 -0.064 -0.536 0.034 0.222 -0.492 0.087 -0.003 -0.408 0.032 0.059 -0.406 
0.996 0.035 -0.067 0.040 0.971 -0.029 0.036 0.235 0.250 -0.138 -0.956 0.211 0.413 -0.857 0.130 -0.010 -0.973 0.130 0.162 -0.953 0.093 -0.064 -0.534 0.030 0.191 -0.505 0.087 -0.005 -0.408 0.034 0.058 -0.406 
0.997 0.033 -0.065 0.038 0.972 -0.031 0.035 0.230 0.255 -0.124 -0.955 0.168 0.412 -0.864 0.129 -0.002 -0.972 0.122 0.171 -0.952 0.091 -0.057 -0.535 0.001 0.185 -0.509 0.087 -0.001 -0.408 0.033 0.061 -0.406 
0.997 0.036 -0.062 0.042 0.971 -0.028 0.035 0.235 0.232 -0.122 -0.962 0.164 0.401 -0.871 0.124 -0.010 -0.973 0.134 0.162 -0.951 0.081 -0.056 -0.537 0.001 0.179 -0.511 0.087 -0.005 -0.408 0.031 0.058 -0.407 
0.997 0.037 -0.057 0.042 0.969 -0.027 0.032 0.245 0.227 -0.127 -0.962 0.156 0.398 -0.875 0.120 -0.009 -0.973 0.131 0.160 -0.953 0.077 -0.058 -0.537 -0.002 0.179 -0.511 0.082 -0.006 -0.409 0.034 0.058 -0.406 
0.997 0.037 -0.057 0.043 0.969 -0.028 0.032 0.245 0.229 -0.123 -0.962 0.147 0.400 -0.877 0.121 -0.008 -0.973 0.131 0.162 -0.953 0.078 -0.057 -0.537 -0.006 0.179 -0.511 0.083 -0.006 -0.409 0.035 0.059 -0.406 
0.997 0.035 -0.056 0.038 0.958 -0.027 0.032 0.282 0.214 -0.138 -0.965 0.165 0.373 -0.890 0.118 -0.003 -0.972 0.150 0.158 -0.951 0.072 -0.064 -0.538 0.015 0.171 -0.513 0.078 -0.004 -0.410 0.049 0.060 -0.404 
0.997 0.024 -0.057 0.044 0.955 -0.022 0.032 0.295 0.229 -0.158 -0.960 0.138 0.344 -0.906 0.116 -0.015 -0.972 0.164 0.144 -0.946 0.087 -0.077 -0.534 -0.001 0.153 -0.519 0.076 -0.009 -0.410 0.050 0.055 -0.405 
0.997 0.023 -0.059 0.039 0.950 -0.021 0.033 0.309 0.218 -0.153 -0.963 0.142 0.328 -0.916 0.117 -0.022 -0.973 0.171 0.137 -0.945 0.080 -0.072 -0.536 0.013 0.149 -0.520 0.067 -0.013 -0.412 0.052 0.052 -0.405 
0.997 0.023 -0.059 0.039 0.951 -0.023 0.030 0.308 0.218 -0.145 -0.964 0.137 0.334 -0.916 0.115 -0.014 -0.974 0.167 0.145 -0.945 0.079 -0.068 -0.536 0.011 0.153 -0.519 0.066 -0.009 -0.412 0.051 0.055 -0.405 
0.997 0.023 -0.058 0.041 0.951 -0.024 0.032 0.308 0.222 -0.142 -0.963 0.131 0.328 -0.919 0.121 -0.016 -0.973 0.170 0.143 -0.944 0.082 -0.067 -0.536 0.009 0.150 -0.520 0.068 -0.010 -0.412 0.053 0.054 -0.405 
0.997 0.023 -0.058 0.041 0.950 -0.021 0.029 0.310 0.214 -0.145 -0.964 0.126 0.326 -0.921 0.114 -0.019 -0.974 0.164 0.141 -0.946 0.078 -0.068 -0.536 0.006 0.148 -0.521 0.065 -0.011 -0.412 0.050 0.053 -0.405 
0.997 0.030 -0.060 0.041 0.947 -0.025 0.024 0.320 0.219 -0.122 -0.966 0.121 0.299 -0.932 0.089 0.004 -0.975 0.147 0.154 -0.943 0.077 -0.052 -0.538 0.009 0.139 -0.523 0.064 -0.005 -0.412 0.046 0.059 -0.405 
0.997 0.029 -0.065 0.032 0.948 -0.029 0.026 0.316 0.187 -0.094 -0.977 0.113 0.293 -0.934 0.099 0.017 -0.969 0.137 0.177 -0.942 0.069 -0.041 -0.540 0.000 0.135 -0.524 0.076 0.001 -0.410 0.050 0.065 -0.403 
