1.000 0.018 0.012 0.003 0.999 0.008 0.014 0.046 0.286 -0.346 -0.828 0.283 0.251 -0.873 0.175 -0.150 -0.883 0.215 0.131 -0.876 0.009 -0.268 -0.476 0.020 0.203 -0.503 0.104 -0.072 -0.398 0.115 0.059 -0.392 
0.999 0.032 -0.002 0.016 0.998 0.006 0.019 0.059 0.318 -0.327 -0.807 0.281 0.269 -0.861 0.161 -0.147 -0.877 0.201 0.138 -0.887 0.011 -0.268 -0.476 0.009 0.214 -0.499 0.100 -0.072 -0.399 0.115 0.056 -0.392 
0.999 0.033 -0.018 0.023 0.997 0.002 0.023 0.080 0.327 -0.320 -0.815 0.280 0.288 -0.855 0.138 -0.160 -0.875 0.202 0.148 -0.880 0.024 -0.258 -0.481 0.007 0.220 -0.496 0.087 -0.066 -0.403 0.113 0.058 -0.392 
0.999 0.032 -0.018 0.023 0.996 0.002 0.024 0.080 0.328 -0.322 -0.814 0.282 0.287 -0.854 0.140 -0.161 -0.875 0.204 0.146 -0.880 0.025 -0.259 -0.481 0.008 0.219 -0.496 0.088 -0.066 -0.403 0.114 0.057 -0.392 
0.999 0.035 -0.011 0.037 0.996 0.004 0.015 0.083 0.335 -0.298 -0.810 0.237 0.298 -0.862 0.121 -0.143 -0.879 0.192 0.135 -0.887 0.022 -0.254 -0.483 -0.023 0.222 -0.495 0.082 -0.066 -0.404 0.109 0.055 -0.394 
0.999 0.035 -0.011 0.037 0.996 0.005 0.017 0.084 0.338 -0.300 -0.808 0.241 0.295 -0.862 0.125 -0.146 -0.878 0.195 0.132 -0.886 0.024 -0.255 -0.483 -0.021 0.220 -0.496 0.084 -0.067 -0.403 0.111 0.053 -0.394 
0.999 0.029 -0.003 0.037 0.997 0.006 0.013 0.082 0.324 -0.304 -0.817 0.225 0.294 -0.867 0.120 -0.149 -0.878 0.233 0.111 -0.872 0.018 -0.254 -0.483 -0.029 0.217 -0.497 0.084 -0.067 -0.403 0.109 0.052 -0.394 
0.999 0.025 0.001 0.034 0.996 0.010 0.010 0.085 0.305 -0.312 -0.816 0.221 0.282 -0.867 0.116 -0.150 -0.881 0.230 0.106 -0.872 0.002 -0.261 -0.480 -0.038 0.213 -0.498 0.082 -0.071 -0.403 0.110 0.047 -0.395 
0.999 0.025 0.001 0.034 0.996 0.010 0.009 0.085 0.302 -0.313 -0.817 0.220 0.282 -0.867 0.113 -0.150 -0.881 0.229 0.106 -0.872 0.000 -0.260 -0.480 -0.038 0.213 -0.498 0.081 -0.071 -0.403 0.109 0.047 -0.395 
0.999 0.025 0.007 0.039 0.997 0.008 0.000 0.078 0.283 -0.322 -0.837 0.221 0.281 -0.872 0.099 -0.121 -0.891 0.203 0.114 -0.876 0.007 -0.259 -0.481 -0.035 0.201 -0.503 0.068 -0.066 -0.406 0.096 0.051 -0.398 
0.999 0.025 0.007 0.039 0.997 0.010 0.002 0.079 0.285 -0.326 -0.835 0.224 0.277 -0.872 0.101 -0.124 -0.891 0.205 0.111 -0.876 0.008 -0.260 -0.480 -0.033 0.200 -0.504 0.069 -0.067 -0.406 0.097 0.049 -0.398 
0.999 0.024 -0.005 0.045 0.997 0.010 0.003 0.075 0.327 -0.326 -0.815 0.239 0.288 -0.862 0.093 -0.146 -0.885 0.195 0.120 -0.882 0.030 -0.267 -0.475 -0.028 0.208 -0.501 0.069 -0.071 -0.405 0.100 0.050 -0.397 
0.999 0.019 0.003 0.049 0.998 0.012 -0.002 0.069 0.337 -0.336 -0.808 0.226 0.297 -0.868 0.089 -0.159 -0.884 0.204 0.102 -0.880 0.039 -0.276 -0.469 -0.028 0.210 -0.500 0.068 -0.074 -0.405 0.096 0.046 -0.398 
0.999 0.008 0.000 0.049 0.997 0.022 -0.003 0.067 0.370 -0.386 -0.792 0.228 0.289 -0.867 0.070 -0.175 -0.881 0.201 0.085 -0.873 0.082 -0.296 -0.452 -0.033 0.199 -0.504 0.067 -0.085 -0.403 0.091 0.037 -0.401 
0.998 0.008 -0.002 0.063 0.998 0.025 -0.002 0.054 0.477 -0.426 -0.696 0.228 0.312 -0.851 0.063 -0.185 -0.883 0.175 0.089 -0.884 0.136 -0.336 -0.408 -0.045 0.207 -0.500 0.067 -0.096 -0.401 0.086 0.029 -0.402 
0.999 0.009 0.004 0.048 0.997 0.023 -0.009 0.068 0.525 -0.454 -0.581 0.229 0.306 -0.844 0.057 -0.166 -0.890 0.152 0.095 -0.896 0.124 -0.372 -0.381 -0.052 0.211 -0.498 0.041 -0.094 -0.405 0.072 0.029 -0.405 
0.999 0.003 0.016 0.034 0.996 0.027 -0.025 0.078 0.533 -0.513 -0.477 0.200 0.300 -0.848 0.019 -0.153 -0.902 0.121 0.083 -0.905 0.110 -0.409 -0.344 -0.074 0.212 -0.494 0.017 -0.098 -0.405 0.062 0.024 -0.407 
0.999 -0.008 0.004 0.048 0.997 0.027 -0.017 0.070 0.636 -0.458 -0.328 0.216 0.295 -0.826 0.019 -0.158 -0.903 0.116 0.094 -0.909 0.184 -0.425 -0.290 -0.085 0.208 -0.494 0.026 -0.098 -0.405 0.063 0.025 -0.407 
0.999 -0.018 -0.003 0.031 0.996 0.036 -0.016 0.077 0.688 -0.485 -0.239 0.188 0.293 -0.832 0.019 -0.199 -0.889 0.101 0.086 -0.913 0.236 -0.432 -0.237 -0.103 0.206 -0.491 0.018 -0.108 -0.403 0.057 0.018 -0.408 
0.998 -0.009 -0.010 0.054 0.998 0.025 -0.017 0.058 0.705 -0.510 -0.092 0.165 0.318 -0.817 0.007 -0.168 -0.894 0.062 0.128 -0.914 0.262 -0.448 -0.170 -0.128 0.206 -0.486 0.017 -0.099 -0.405 0.057 0.033 -0.407 
0.999 -0.021 -0.010 0.039 0.997 0.032 -0.016 0.071 0.681 -0.527 -0.015 0.168 0.287 -0.814 0.003 -0.177 -0.892 0.061 0.114 -0.918 0.242 -0.475 -0.118 -0.138 0.190 -0.489 0.013 -0.108 -0.403 0.066 0.026 -0.406 
0.999 -0.023 -0.008 0.038 0.997 0.033 -0.021 0.073 0.703 -0.549 0.099 0.129 0.295 -0.825 -0.008 -0.171 -0.885 0.051 0.114 -0.914 0.283 -0.463 -0.054 -0.156 0.179 -0.488 0.005 -0.108 -0.403 0.058 0.028 -0.407 
0.999 -0.030 -0.012 0.038 0.996 0.032 -0.021 0.078 0.677 -0.552 0.203 0.091 0.310 -0.828 -0.011 -0.166 -0.878 0.028 0.131 -0.912 0.276 -0.470 0.004 -0.175 0.178 -0.482 0.001 -0.107 -0.403 0.061 0.033 -0.407 
0.999 -0.038 -0.007 0.027 0.996 0.032 -0.025 0.082 0.649 -0.574 0.251 0.051 0.324 -0.822 -0.030 -0.161 -0.880 0.028 0.131 -0.909 0.268 -0.474 0.025 -0.201 0.170 -0.475 -0.013 -0.104 -0.404 0.053 0.033 -0.408 
0.998 -0.045 -0.005 0.036 0.996 0.033 -0.028 0.072 0.635 -0.580 0.355 0.023 0.321 -0.816 -0.052 -0.153 -0.879 0.021 0.130 -0.905 0.284 -0.455 0.094 -0.220 0.140 -0.477 -0.019 -0.102 -0.404 0.046 0.035 -0.408 
0.998 -0.063 0.001 0.021 0.996 0.044 -0.022 0.074 0.665 -0.564 0.330 -0.019 0.309 -0.832 -0.044 -0.177 -0.870 0.051 0.097 -0.901 0.286 -0.452 0.106 -0.234 0.128 -0.473 -0.010 -0.112 -0.402 0.052 0.023 -0.409 
0.997 -0.065 -0.002 0.038 0.997 0.044 -0.015 0.057 0.691 -0.512 0.366 -0.022 0.296 -0.832 -0.007 -0.183 -0.867 0.072 0.089 -0.898 0.307 -0.429 0.137 -0.239 0.116 -0.474 0.015 -0.113 -0.402 0.052 0.019 -0.409 
0.997 -0.065 -0.000 0.030 0.997 0.040 -0.019 0.064 0.649 -0.518 0.406 -0.070 0.319 -0.830 -0.004 -0.180 -0.866 0.063 0.097 -0.900 0.284 -0.441 0.146 -0.256 0.120 -0.464 0.005 -0.111 -0.402 0.050 0.020 -0.409 
0.997 -0.065 -0.000 0.030 0.997 0.040 -0.020 0.064 0.650 -0.518 0.404 -0.073 0.320 -0.829 -0.006 -0.179 -0.866 0.061 0.098 -0.900 0.284 -0.441 0.145 -0.257 0.120 -0.464 0.004 -0.110 -0.403 0.049 0.020 -0.409 
0.998 -0.065 0.002 0.024 0.997 0.039 -0.019 0.065 0.680 -0.471 0.474 -0.107 0.321 -0.837 -0.003 -0.175 -0.872 0.074 0.103 -0.895 0.326 -0.387 0.201 -0.264 0.122 -0.459 0.003 -0.108 -0.403 0.047 0.021 -0.409 
0.998 -0.066 0.009 0.022 0.997 0.036 -0.023 0.061 0.677 -0.450 0.501 -0.114 0.320 -0.831 -0.009 -0.171 -0.876 0.068 0.105 -0.898 0.330 -0.375 0.216 -0.272 0.115 -0.456 0.001 -0.107 -0.403 0.038 0.024 -0.410 
0.998 -0.069 0.002 0.009 0.997 0.037 -0.015 0.063 0.670 -0.436 0.518 -0.090 0.309 -0.832 -0.014 -0.170 -0.871 0.079 0.102 -0.894 0.329 -0.372 0.224 -0.264 0.107 -0.463 0.000 -0.105 -0.404 0.041 0.023 -0.410 
0.998 -0.067 0.000 0.005 0.998 0.031 -0.015 0.061 0.639 -0.427 0.548 -0.072 0.315 -0.827 -0.011 -0.160 -0.875 0.075 0.113 -0.897 0.318 -0.377 0.231 -0.259 0.112 -0.465 0.004 -0.100 -0.405 0.039 0.029 -0.410 
0.997 -0.070 0.005 -0.007 0.996 0.032 -0.017 0.079 0.644 -0.382 0.594 -0.107 0.350 -0.820 -0.039 -0.159 -0.873 0.082 0.106 -0.897 0.329 -0.340 0.269 -0.263 0.117 -0.461 -0.005 -0.097 -0.406 0.044 0.029 -0.409 
0.997 -0.070 0.009 -0.003 0.996 0.030 -0.016 0.080 0.636 -0.372 0.618 -0.081 0.329 -0.837 -0.016 -0.169 -0.871 0.080 0.103 -0.900 0.328 -0.326 0.288 -0.240 0.100 -0.477 -0.004 -0.100 -0.405 0.043 0.029 -0.409 
0.998 -0.070 0.003 -0.002 0.996 0.028 -0.014 0.084 0.641 -0.341 0.633 -0.049 0.318 -0.845 -0.032 -0.158 -0.869 0.081 0.107 -0.899 0.333 -0.309 0.300 -0.222 0.098 -0.486 -0.008 -0.101 -0.405 0.045 0.027 -0.409 
0.997 -0.072 0.017 -0.001 0.995 0.030 -0.023 0.088 0.615 -0.346 0.663 -0.031 0.308 -0.850 -0.046 -0.164 -0.878 0.069 0.093 -0.906 0.321 -0.302 0.318 -0.205 0.081 -0.496 -0.015 -0.108 -0.403 0.035 0.027 -0.410 
0.997 -0.073 0.016 0.002 0.997 0.023 -0.022 0.077 0.588 -0.346 0.684 -0.058 0.312 -0.851 -0.058 -0.148 -0.878 0.068 0.106 -0.904 0.310 -0.306 0.327 -0.218 0.085 -0.491 -0.014 -0.102 -0.405 0.033 0.033 -0.410 
0.997 -0.077 0.013 -0.008 0.997 0.023 -0.021 0.068 0.532 -0.363 0.718 -0.045 0.285 -0.850 -0.053 -0.156 -0.879 0.071 0.102 -0.901 0.275 -0.318 0.346 -0.221 0.065 -0.492 -0.011 -0.106 -0.404 0.033 0.028 -0.410 
0.996 -0.074 0.033 -0.023 0.997 0.018 -0.030 0.070 0.471 -0.441 0.732 -0.058 0.292 -0.864 -0.037 -0.156 -0.883 0.068 0.104 -0.899 0.241 -0.335 0.354 -0.207 0.064 -0.499 -0.013 -0.108 -0.403 0.032 0.032 -0.410 
0.996 -0.074 0.031 -0.024 0.997 0.021 -0.030 0.071 0.456 -0.442 0.741 -0.060 0.292 -0.864 -0.046 -0.158 -0.883 0.069 0.098 -0.899 0.232 -0.336 0.360 -0.207 0.065 -0.498 -0.016 -0.109 -0.403 0.033 0.030 -0.410 
0.996 -0.068 0.047 -0.044 0.997 0.015 -0.038 0.070 0.325 -0.591 0.717 -0.068 0.300 -0.870 -0.057 -0.154 -0.878 0.055 0.092 -0.892 0.167 -0.389 0.342 -0.183 0.047 -0.510 -0.027 -0.107 -0.403 0.024 0.036 -0.410 
0.996 -0.068 0.047 -0.044 0.997 0.015 -0.038 0.070 0.324 -0.592 0.716 -0.067 0.306 -0.868 -0.058 -0.153 -0.878 0.055 0.092 -0.892 0.166 -0.390 0.342 -0.183 0.050 -0.509 -0.028 -0.106 -0.403 0.024 0.036 -0.410 
0.996 -0.068 0.047 -0.045 0.997 0.016 -0.039 0.070 0.322 -0.594 0.716 -0.065 0.306 -0.868 -0.060 -0.154 -0.877 0.053 0.091 -0.892 0.165 -0.390 0.342 -0.183 0.050 -0.509 -0.029 -0.107 -0.403 0.023 0.036 -0.410 
0.995 -0.068 0.036 -0.057 0.997 0.012 -0.032 0.065 0.285 -0.635 0.703 -0.081 0.324 -0.891 -0.060 -0.149 -0.864 0.068 0.093 -0.875 0.147 -0.399 0.341 -0.152 0.074 -0.517 -0.026 -0.101 -0.404 0.036 0.037 -0.409 
0.996 -0.065 0.033 -0.060 0.998 0.013 -0.024 0.058 0.228 -0.673 0.694 -0.039 0.315 -0.900 -0.045 -0.154 -0.853 0.077 0.094 -0.867 0.119 -0.403 0.346 -0.116 0.064 -0.527 -0.013 -0.102 -0.405 0.041 0.040 -0.409 
0.996 -0.062 0.037 -0.061 0.998 0.011 -0.027 0.054 0.160 -0.716 0.674 -0.045 0.325 -0.904 -0.049 -0.147 -0.853 0.067 0.098 -0.865 0.084 -0.413 0.344 -0.107 0.077 -0.527 -0.018 -0.098 -0.405 0.032 0.043 -0.409 
0.996 -0.051 0.039 -0.068 0.998 0.006 -0.028 0.052 0.049 -0.760 0.642 -0.053 0.354 -0.901 -0.058 -0.136 -0.854 0.059 0.106 -0.862 0.028 -0.436 0.324 -0.091 0.098 -0.527 -0.027 -0.093 -0.406 0.027 0.047 -0.409 
0.994 -0.054 0.042 -0.084 0.999 0.006 -0.031 0.039 0.053 -0.796 0.600 -0.052 0.359 -0.900 -0.040 -0.139 -0.853 0.051 0.113 -0.857 0.028 -0.443 0.315 -0.102 0.109 -0.523 -0.021 -0.094 -0.406 0.024 0.051 -0.409 
0.993 -0.065 0.038 -0.094 0.999 0.011 -0.027 0.014 0.028 -0.780 0.613 -0.045 0.355 -0.880 -0.028 -0.152 -0.859 0.046 0.107 -0.858 0.004 -0.463 0.288 -0.142 0.100 -0.515 -0.001 -0.107 -0.403 0.027 0.043 -0.409 
0.993 -0.065 0.038 -0.094 0.999 0.013 -0.027 0.015 0.024 -0.777 0.616 -0.041 0.351 -0.882 -0.028 -0.156 -0.858 0.047 0.103 -0.858 0.002 -0.461 0.290 -0.141 0.098 -0.516 -0.001 -0.108 -0.403 0.027 0.041 -0.410 
0.993 -0.071 0.032 -0.089 0.999 0.019 -0.023 -0.018 0.033 -0.772 0.622 0.020 0.324 -0.871 0.018 -0.159 -0.858 0.037 0.103 -0.860 -0.001 -0.461 0.291 -0.146 0.089 -0.516 0.021 -0.110 -0.402 0.023 0.039 -0.410 
0.993 -0.071 0.035 -0.093 0.999 0.016 -0.027 -0.021 0.017 -0.776 0.618 0.008 0.340 -0.865 0.030 -0.157 -0.858 0.030 0.109 -0.861 -0.011 -0.462 0.289 -0.154 0.100 -0.512 0.021 -0.107 -0.402 0.018 0.040 -0.410 
0.993 -0.076 0.028 -0.088 0.998 0.020 -0.021 -0.057 0.054 -0.767 0.608 0.107 0.320 -0.831 0.051 -0.161 -0.867 0.029 0.114 -0.864 -0.015 -0.478 0.263 -0.143 0.107 -0.514 0.048 -0.107 -0.400 0.017 0.036 -0.411 
0.993 -0.076 0.027 -0.089 0.998 0.018 -0.021 -0.058 0.049 -0.769 0.607 0.114 0.322 -0.829 0.051 -0.158 -0.868 0.029 0.117 -0.864 -0.018 -0.479 0.261 -0.139 0.108 -0.515 0.048 -0.106 -0.400 0.017 0.037 -0.411 
0.992 -0.078 0.021 -0.093 0.996 0.019 -0.019 -0.080 0.107 -0.756 0.568 0.113 0.292 -0.822 0.062 -0.157 -0.870 0.021 0.119 -0.872 -0.021 -0.503 0.211 -0.168 0.124 -0.503 0.071 -0.102 -0.398 0.014 0.034 -0.411 
0.992 -0.077 0.020 -0.096 0.997 0.017 -0.018 -0.075 0.110 -0.769 0.521 0.134 0.290 -0.820 0.066 -0.153 -0.881 0.018 0.123 -0.881 -0.034 -0.518 0.169 -0.156 0.136 -0.503 0.064 -0.102 -0.399 0.017 0.032 -0.411 
0.992 -0.076 0.015 -0.103 0.998 0.016 -0.018 -0.065 0.208 -0.736 0.417 0.146 0.248 -0.824 0.062 -0.154 -0.895 0.014 0.128 -0.894 -0.045 -0.535 0.095 -0.158 0.167 -0.493 0.059 -0.105 -0.399 0.027 0.029 -0.411 
0.992 -0.068 0.015 -0.102 0.998 0.007 -0.024 -0.060 0.203 -0.719 0.434 0.126 0.265 -0.827 0.040 -0.135 -0.904 -0.006 0.148 -0.895 -0.022 -0.539 0.081 -0.165 0.181 -0.486 0.037 -0.103 -0.402 0.021 0.036 -0.411 
0.994 -0.062 0.012 -0.088 0.998 0.009 -0.022 -0.051 0.315 -0.658 0.426 0.144 0.259 -0.826 0.036 -0.138 -0.902 -0.010 0.143 -0.906 0.046 -0.538 0.080 -0.154 0.182 -0.489 0.027 -0.107 -0.402 0.021 0.033 -0.411 
0.995 -0.054 0.009 -0.078 0.999 0.007 -0.026 -0.042 0.312 -0.634 0.435 0.159 0.265 -0.831 0.025 -0.135 -0.908 -0.016 0.152 -0.909 0.068 -0.537 0.063 -0.137 0.189 -0.491 0.011 -0.104 -0.403 0.015 0.033 -0.411 
0.996 -0.047 -0.002 -0.082 0.999 0.006 -0.021 -0.028 0.417 -0.593 0.384 0.162 0.271 -0.834 0.021 -0.136 -0.901 -0.017 0.152 -0.918 0.128 -0.529 0.040 -0.127 0.205 -0.488 0.005 -0.103 -0.404 0.020 0.036 -0.411 
0.997 -0.040 0.004 -0.064 1.000 0.006 -0.019 -0.019 0.558 -0.508 0.286 0.161 0.272 -0.830 0.029 -0.141 -0.902 -0.013 0.150 -0.925 0.212 -0.502 -0.008 -0.132 0.202 -0.487 0.003 -0.100 -0.405 0.022 0.036 -0.411 
0.998 -0.036 0.004 -0.057 1.000 0.003 -0.022 -0.012 0.625 -0.451 0.254 0.166 0.278 -0.827 0.025 -0.136 -0.909 -0.003 0.149 -0.929 0.265 -0.476 -0.023 -0.128 0.211 -0.484 -0.001 -0.095 -0.406 0.020 0.037 -0.410 
0.999 -0.005 -0.010 -0.050 1.000 -0.007 -0.013 -0.001 0.663 -0.362 0.233 0.204 0.258 -0.858 0.041 -0.117 -0.924 0.006 0.173 -0.935 0.321 -0.437 -0.056 -0.061 0.233 -0.487 0.011 -0.085 -0.408 0.036 0.049 -0.408 
0.999 0.014 -0.024 -0.038 1.000 -0.014 -0.001 0.012 0.657 -0.324 0.198 0.227 0.253 -0.861 0.048 -0.106 -0.927 0.025 0.186 -0.935 0.338 -0.413 -0.113 -0.038 0.232 -0.490 0.016 -0.082 -0.409 0.051 0.051 -0.406 
0.999 0.018 -0.032 -0.040 1.000 -0.013 0.009 0.027 0.686 -0.267 0.155 0.237 0.253 -0.866 0.050 -0.107 -0.925 0.056 0.182 -0.933 0.362 -0.382 -0.143 -0.022 0.233 -0.491 0.018 -0.080 -0.409 0.067 0.048 -0.404 
0.999 0.018 -0.032 -0.040 1.000 -0.017 0.008 0.024 0.687 -0.264 0.154 0.236 0.260 -0.864 0.051 -0.101 -0.926 0.055 0.189 -0.931 0.364 -0.379 -0.145 -0.023 0.236 -0.489 0.018 -0.077 -0.410 0.067 0.051 -0.404 
0.998 0.030 -0.030 -0.036 0.999 -0.016 0.013 0.035 0.652 -0.255 0.153 0.255 0.248 -0.859 0.051 -0.106 -0.927 0.073 0.184 -0.933 0.360 -0.370 -0.177 -0.010 0.238 -0.488 0.018 -0.077 -0.410 0.074 0.049 -0.403 
0.998 0.021 -0.023 -0.054 0.999 -0.010 0.012 0.048 0.640 -0.227 0.106 0.242 0.234 -0.864 0.073 -0.127 -0.925 0.080 0.167 -0.940 0.340 -0.376 -0.203 -0.016 0.240 -0.487 0.019 -0.082 -0.409 0.074 0.042 -0.404 
0.998 0.021 -0.023 -0.054 0.999 -0.011 0.014 0.047 0.639 -0.227 0.109 0.246 0.235 -0.862 0.078 -0.127 -0.924 0.085 0.168 -0.939 0.341 -0.375 -0.201 -0.013 0.240 -0.487 0.021 -0.082 -0.409 0.076 0.042 -0.403 
0.998 0.009 -0.022 -0.062 0.999 -0.005 0.014 0.040 0.689 -0.226 0.037 0.253 0.208 -0.861 0.073 -0.138 -0.921 0.088 0.146 -0.945 0.339 -0.370 -0.215 -0.016 0.227 -0.493 0.031 -0.087 -0.407 0.074 0.038 -0.404 
0.996 0.016 -0.029 -0.077 0.999 -0.007 0.022 0.049 0.613 -0.217 0.056 0.263 0.198 -0.864 0.071 -0.134 -0.925 0.089 0.154 -0.946 0.310 -0.377 -0.243 0.002 0.231 -0.492 0.030 -0.085 -0.407 0.082 0.038 -0.402 
0.995 0.006 -0.029 -0.096 0.998 -0.003 0.024 0.056 0.578 -0.219 0.029 0.263 0.179 -0.871 0.059 -0.138 -0.926 0.104 0.147 -0.945 0.273 -0.395 -0.260 0.009 0.225 -0.494 0.030 -0.089 -0.407 0.089 0.033 -0.401 
0.994 -0.001 -0.026 -0.102 0.998 -0.001 0.025 0.053 0.549 -0.228 0.007 0.275 0.160 -0.867 0.042 -0.137 -0.936 0.114 0.144 -0.944 0.237 -0.411 -0.269 0.015 0.219 -0.497 0.036 -0.091 -0.406 0.090 0.030 -0.402 
0.994 0.001 -0.022 -0.110 0.999 0.003 0.022 0.045 0.532 -0.243 -0.021 0.261 0.163 -0.874 0.090 -0.152 -0.922 0.101 0.138 -0.948 0.201 -0.428 -0.272 0.012 0.220 -0.496 0.039 -0.096 -0.404 0.087 0.025 -0.403 
0.993 -0.001 -0.021 -0.116 0.999 -0.001 0.021 0.039 0.516 -0.253 -0.031 0.264 0.163 -0.873 0.091 -0.145 -0.924 0.097 0.148 -0.947 0.180 -0.433 -0.279 0.014 0.223 -0.495 0.041 -0.092 -0.405 0.086 0.029 -0.402 
0.993 -0.001 -0.021 -0.117 0.999 0.002 0.023 0.041 0.514 -0.258 -0.027 0.270 0.156 -0.872 0.096 -0.150 -0.923 0.103 0.143 -0.947 0.177 -0.436 -0.276 0.019 0.220 -0.496 0.043 -0.095 -0.404 0.088 0.026 -0.402 
0.993 -0.005 -0.016 -0.119 0.999 0.004 0.024 0.038 0.462 -0.266 -0.031 0.254 0.153 -0.871 0.102 -0.152 -0.924 0.103 0.136 -0.947 0.126 -0.456 -0.272 0.006 0.224 -0.495 0.055 -0.099 -0.401 0.093 0.022 -0.401 
0.993 -0.005 -0.017 -0.119 0.999 0.002 0.022 0.036 0.463 -0.265 -0.034 0.250 0.157 -0.872 0.098 -0.148 -0.925 0.098 0.140 -0.947 0.126 -0.455 -0.274 0.003 0.226 -0.494 0.054 -0.097 -0.402 0.091 0.024 -0.402 
0.995 -0.004 -0.016 -0.102 1.000 0.004 0.022 0.017 0.508 -0.256 -0.008 0.253 0.147 -0.852 0.105 -0.142 -0.926 0.094 0.134 -0.950 0.178 -0.449 -0.253 -0.019 0.225 -0.494 0.060 -0.097 -0.401 0.086 0.025 -0.403 
0.997 0.002 -0.013 -0.077 1.000 0.002 0.024 0.013 0.584 -0.234 0.015 0.269 0.160 -0.848 0.123 -0.139 -0.923 0.092 0.141 -0.947 0.250 -0.429 -0.226 -0.015 0.221 -0.496 0.057 -0.092 -0.403 0.091 0.029 -0.401 
1.000 0.014 -0.011 -0.026 1.000 -0.001 0.020 0.004 0.654 -0.217 0.040 0.277 0.179 -0.851 0.129 -0.130 -0.920 0.086 0.152 -0.944 0.311 -0.404 -0.192 -0.015 0.209 -0.501 0.063 -0.089 -0.403 0.084 0.036 -0.402 
1.000 0.013 -0.017 -0.006 1.000 -0.000 0.024 0.021 0.739 -0.182 0.073 0.285 0.189 -0.848 0.129 -0.136 -0.909 0.095 0.156 -0.938 0.381 -0.362 -0.143 -0.016 0.199 -0.505 0.056 -0.087 -0.404 0.091 0.045 -0.400 
1.000 0.020 -0.021 0.007 0.999 -0.003 0.025 0.024 0.822 -0.171 0.096 0.264 0.214 -0.859 0.116 -0.134 -0.908 0.096 0.165 -0.932 0.439 -0.305 -0.109 -0.025 0.194 -0.507 0.044 -0.082 -0.407 0.083 0.048 -0.401 
0.998 0.016 -0.001 0.062 0.999 0.003 0.016 0.029 0.894 -0.157 0.082 0.231 0.247 -0.863 0.103 -0.141 -0.906 0.101 0.155 -0.925 0.477 -0.253 -0.073 -0.051 0.180 -0.510 0.032 -0.084 -0.407 0.069 0.045 -0.404 
0.995 0.008 0.005 0.100 0.999 0.012 0.023 0.034 0.932 -0.131 0.093 0.182 0.260 -0.850 0.108 -0.162 -0.897 0.128 0.129 -0.922 0.502 -0.212 -0.030 -0.104 0.159 -0.509 0.041 -0.092 -0.405 0.066 0.037 -0.406 
0.995 -0.006 0.005 0.100 0.997 0.024 0.029 0.068 0.941 -0.184 0.097 0.145 0.268 -0.840 0.103 -0.192 -0.889 0.149 0.095 -0.921 0.500 -0.218 -0.007 -0.138 0.145 -0.505 0.040 -0.102 -0.403 0.065 0.025 -0.407 
0.997 -0.023 0.006 0.079 0.994 0.040 0.033 0.100 0.933 -0.183 0.125 0.175 0.237 -0.853 0.092 -0.233 -0.879 0.171 0.046 -0.916 0.495 -0.228 0.011 -0.112 0.130 -0.515 0.033 -0.123 -0.398 0.065 0.005 -0.407 
0.993 -0.017 0.009 0.119 0.992 0.047 0.044 0.108 0.954 -0.182 0.192 0.197 0.214 -0.888 0.110 -0.250 -0.870 0.199 0.029 -0.900 0.514 -0.164 0.077 -0.061 0.100 -0.530 0.058 -0.129 -0.393 0.068 0.001 -0.407 
0.994 -0.031 0.020 0.104 0.986 0.059 0.042 0.150 0.945 -0.243 0.205 0.043 0.258 -0.950 0.083 -0.271 -0.852 0.210 -0.010 -0.885 0.510 -0.166 0.096 -0.054 0.134 -0.523 0.033 -0.139 -0.393 0.065 -0.013 -0.407 
0.994 -0.031 0.020 0.104 0.986 0.059 0.042 0.150 0.945 -0.243 0.205 0.043 0.258 -0.950 0.083 -0.271 -0.852 0.210 -0.010 -0.885 0.510 -0.166 0.096 -0.054 0.134 -0.523 0.033 -0.139 -0.393 0.065 -0.013 -0.407 
0.994 -0.036 0.032 0.096 0.986 0.062 0.036 0.154 0.926 -0.255 0.228 -0.051 0.283 -0.916 0.081 -0.273 -0.853 0.215 -0.020 -0.894 0.494 -0.210 0.095 -0.163 0.139 -0.498 0.050 -0.144 -0.389 0.078 -0.012 -0.405 
0.991 -0.048 0.041 0.116 0.984 0.075 0.038 0.157 0.926 -0.279 0.200 -0.102 0.291 -0.892 0.049 -0.293 -0.838 0.224 -0.057 -0.877 0.490 -0.222 0.085 -0.209 0.107 -0.490 0.042 -0.158 -0.385 0.075 -0.023 -0.405 
0.988 -0.049 0.035 0.143 0.988 0.076 0.048 0.126 0.940 -0.201 0.215 0.067 0.203 -0.865 0.087 -0.291 -0.841 0.240 -0.043 -0.880 0.500 -0.192 0.100 -0.173 0.042 -0.513 0.072 -0.156 -0.381 0.082 -0.017 -0.404 
0.989 -0.052 0.031 0.138 0.989 0.073 0.049 0.117 0.942 -0.203 0.202 0.064 0.189 -0.873 0.093 -0.284 -0.844 0.239 -0.032 -0.878 0.501 -0.194 0.093 -0.173 0.040 -0.514 0.078 -0.151 -0.382 0.080 -0.014 -0.405 
0.992 -0.046 0.024 0.118 0.987 0.071 0.045 0.140 0.925 -0.272 0.154 0.064 0.184 -0.882 0.091 -0.292 -0.841 0.227 -0.030 -0.888 0.482 -0.249 0.053 -0.170 0.055 -0.513 0.064 -0.151 -0.385 0.076 -0.013 -0.405 
0.995 -0.038 0.002 0.094 0.988 0.053 0.044 0.136 0.927 -0.231 0.071 0.090 0.201 -0.887 0.106 -0.265 -0.859 0.216 0.015 -0.894 0.482 -0.254 -0.020 -0.149 0.095 -0.513 0.054 -0.123 -0.396 0.067 0.001 -0.407 
0.995 -0.038 0.001 0.094 0.988 0.054 0.042 0.137 0.926 -0.230 0.073 0.085 0.202 -0.887 0.100 -0.267 -0.860 0.219 0.011 -0.893 0.481 -0.255 -0.019 -0.152 0.097 -0.512 0.052 -0.124 -0.396 0.068 -0.002 -0.407 
0.995 -0.038 0.001 0.093 0.988 0.053 0.043 0.136 0.926 -0.229 0.074 0.091 0.203 -0.886 0.101 -0.265 -0.861 0.222 0.012 -0.893 0.482 -0.255 -0.020 -0.148 0.097 -0.513 0.053 -0.124 -0.396 0.069 -0.001 -0.407 
0.995 -0.013 0.011 0.096 0.993 0.043 0.025 0.108 0.836 -0.190 0.012 0.003 0.239 -0.868 0.084 -0.232 -0.883 0.178 0.051 -0.920 0.423 -0.320 -0.127 -0.212 0.152 -0.476 0.046 -0.116 -0.399 0.061 0.008 -0.408 
0.997 -0.009 0.009 0.082 0.996 0.034 0.020 0.084 0.803 -0.130 0.007 0.028 0.241 -0.844 0.104 -0.206 -0.895 0.168 0.073 -0.931 0.419 -0.313 -0.154 -0.218 0.173 -0.466 0.053 -0.103 -0.401 0.064 0.019 -0.407 
0.998 -0.009 0.002 0.056 0.996 0.029 0.022 0.086 0.699 -0.112 -0.011 0.052 0.225 -0.832 0.099 -0.197 -0.902 0.166 0.082 -0.940 0.364 -0.356 -0.198 -0.211 0.195 -0.460 0.049 -0.103 -0.402 0.076 0.018 -0.405 
1.000 -0.000 0.001 0.022 0.995 0.025 0.018 0.093 0.613 -0.130 -0.033 0.065 0.203 -0.838 0.115 -0.179 -0.905 0.151 0.099 -0.949 0.300 -0.392 -0.235 -0.191 0.215 -0.460 0.050 -0.102 -0.402 0.095 0.024 -0.401 
1.000 0.000 -0.012 -0.010 0.994 0.020 0.024 0.103 0.542 -0.157 -0.063 0.073 0.201 -0.850 0.116 -0.182 -0.900 0.166 0.104 -0.946 0.230 -0.419 -0.266 -0.164 0.233 -0.462 0.058 -0.105 -0.400 0.122 0.024 -0.393 
1.000 0.010 -0.015 -0.024 0.995 0.012 0.017 0.095 0.455 -0.139 -0.066 0.190 0.162 -0.818 0.119 -0.160 -0.916 0.150 0.121 -0.947 0.182 -0.422 -0.295 -0.106 0.234 -0.478 0.056 -0.100 -0.401 0.135 0.031 -0.388 
0.999 0.015 -0.005 -0.040 0.995 0.011 0.018 0.099 0.413 -0.170 -0.103 0.134 0.189 -0.853 0.129 -0.163 -0.909 0.192 0.119 -0.939 0.108 -0.431 -0.318 -0.104 0.251 -0.469 0.058 -0.103 -0.401 0.145 0.027 -0.385 
0.999 0.009 0.006 -0.046 0.997 0.012 0.011 0.081 0.400 -0.200 -0.149 0.100 0.189 -0.863 0.105 -0.164 -0.921 0.188 0.111 -0.940 0.053 -0.435 -0.327 -0.120 0.249 -0.467 0.063 -0.104 -0.400 0.141 0.024 -0.387 
0.999 0.009 0.006 -0.048 0.997 0.013 0.009 0.080 0.393 -0.207 -0.154 0.103 0.186 -0.863 0.104 -0.165 -0.920 0.185 0.109 -0.941 0.040 -0.435 -0.329 -0.117 0.249 -0.468 0.062 -0.104 -0.400 0.140 0.023 -0.387 
0.998 0.010 0.013 -0.066 0.997 0.016 0.010 0.074 0.325 -0.222 -0.168 0.109 0.176 -0.850 0.110 -0.176 -0.915 0.190 0.093 -0.939 -0.045 -0.429 -0.335 -0.117 0.260 -0.462 0.072 -0.113 -0.395 0.148 0.017 -0.385 
0.997 0.009 0.012 -0.072 0.997 0.015 0.008 0.077 0.315 -0.234 -0.182 0.095 0.181 -0.854 0.106 -0.173 -0.916 0.189 0.099 -0.937 -0.068 -0.419 -0.344 -0.119 0.264 -0.459 0.070 -0.110 -0.397 0.149 0.019 -0.384 
0.998 0.009 0.013 -0.056 0.998 0.017 0.011 0.060 0.293 -0.242 -0.194 0.107 0.187 -0.837 0.112 -0.176 -0.910 0.196 0.095 -0.933 -0.102 -0.415 -0.341 -0.133 0.263 -0.456 0.075 -0.111 -0.395 0.148 0.021 -0.385 
0.998 0.010 0.013 -0.059 0.998 0.016 0.011 0.059 0.289 -0.246 -0.200 0.113 0.190 -0.836 0.115 -0.174 -0.909 0.195 0.096 -0.933 -0.111 -0.411 -0.343 -0.127 0.266 -0.456 0.076 -0.110 -0.395 0.148 0.021 -0.384 
0.998 0.012 0.010 -0.060 0.998 0.019 0.013 0.063 0.299 -0.255 -0.201 0.113 0.189 -0.841 0.111 -0.182 -0.908 0.195 0.092 -0.929 -0.103 -0.407 -0.349 -0.124 0.264 -0.458 0.075 -0.114 -0.394 0.150 0.018 -0.384 
0.998 0.012 0.011 -0.057 0.998 0.019 0.015 0.064 0.308 -0.252 -0.203 0.103 0.196 -0.841 0.104 -0.176 -0.910 0.195 0.094 -0.929 -0.093 -0.406 -0.353 -0.131 0.265 -0.455 0.074 -0.113 -0.395 0.149 0.019 -0.384 
0.998 0.013 0.012 -0.056 0.998 0.020 0.016 0.065 0.309 -0.253 -0.201 0.103 0.195 -0.842 0.106 -0.178 -0.909 0.196 0.091 -0.929 -0.092 -0.407 -0.352 -0.131 0.264 -0.456 0.074 -0.114 -0.395 0.149 0.018 -0.384 
1.000 0.022 0.013 -0.016 0.997 0.017 0.023 0.076 0.545 -0.225 -0.175 0.113 0.217 -0.855 0.104 -0.171 -0.908 0.216 0.097 -0.928 0.157 -0.397 -0.341 -0.124 0.249 -0.466 0.073 -0.110 -0.396 0.141 0.025 -0.387 
0.999 0.022 0.017 0.030 0.998 0.023 0.025 0.055 0.662 -0.245 -0.289 0.102 0.233 -0.869 0.135 -0.183 -0.891 0.224 0.091 -0.917 0.227 -0.370 -0.331 -0.134 0.219 -0.478 0.087 -0.105 -0.394 0.134 0.032 -0.389 
0.999 0.029 0.015 0.036 0.997 0.023 0.025 0.066 0.653 -0.269 -0.304 0.099 0.244 -0.872 0.143 -0.189 -0.882 0.221 0.095 -0.916 0.212 -0.373 -0.338 -0.133 0.217 -0.480 0.082 -0.105 -0.396 0.127 0.031 -0.391 
0.997 0.020 0.018 0.068 0.996 0.032 0.027 0.075 0.696 -0.278 -0.292 0.092 0.245 -0.867 0.137 -0.207 -0.881 0.225 0.069 -0.913 0.253 -0.379 -0.301 -0.150 0.198 -0.483 0.082 -0.112 -0.394 0.125 0.022 -0.393 
0.995 0.017 0.013 0.096 0.995 0.037 0.033 0.092 0.741 -0.333 -0.287 0.055 0.249 -0.858 0.132 -0.210 -0.870 0.217 0.072 -0.912 0.291 -0.388 -0.251 -0.187 0.170 -0.481 0.084 -0.116 -0.392 0.122 0.022 -0.394 
0.993 0.020 0.013 0.117 0.994 0.036 0.033 0.097 0.828 -0.334 -0.246 0.040 0.265 -0.874 0.136 -0.205 -0.863 0.210 0.075 -0.906 0.375 -0.339 -0.206 -0.177 0.162 -0.487 0.086 -0.112 -0.393 0.120 0.024 -0.394 
0.991 0.025 0.018 0.129 0.993 0.032 0.030 0.108 0.859 -0.344 -0.244 -0.018 0.299 -0.885 0.132 -0.188 -0.855 0.214 0.084 -0.899 0.409 -0.305 -0.195 -0.186 0.168 -0.482 0.077 -0.106 -0.396 0.117 0.029 -0.394 
0.991 0.006 0.012 0.134 0.990 0.036 0.031 0.131 0.814 -0.244 -0.454 -0.027 0.277 -0.891 0.098 -0.213 -0.857 0.234 0.058 -0.892 0.392 -0.253 -0.284 -0.190 0.152 -0.485 0.073 -0.115 -0.395 0.123 0.022 -0.393 
0.992 0.013 0.008 0.127 0.987 0.036 0.027 0.153 0.760 -0.284 -0.467 -0.079 0.269 -0.896 0.074 -0.213 -0.862 0.235 0.048 -0.893 0.335 -0.305 -0.306 -0.211 0.155 -0.475 0.068 -0.120 -0.394 0.128 0.014 -0.392 
0.995 -0.010 0.012 0.100 0.984 0.047 0.028 0.170 0.792 -0.264 -0.411 -0.120 0.268 -0.877 0.045 -0.226 -0.864 0.238 0.019 -0.897 0.360 -0.305 -0.276 -0.250 0.162 -0.454 0.054 -0.126 -0.395 0.125 0.005 -0.393 
0.994 -0.007 0.010 0.107 0.986 0.043 0.027 0.160 0.797 -0.245 -0.422 -0.139 0.264 -0.875 0.073 -0.232 -0.862 0.229 0.035 -0.902 0.367 -0.292 -0.281 -0.260 0.157 -0.450 0.059 -0.124 -0.395 0.121 0.008 -0.394 
0.994 -0.006 0.022 0.109 0.987 0.044 0.017 0.152 0.833 -0.381 -0.228 -0.175 0.303 -0.873 0.065 -0.227 -0.859 0.213 0.035 -0.899 0.383 -0.346 -0.179 -0.259 0.166 -0.447 0.055 -0.127 -0.394 0.107 0.007 -0.398 
0.993 -0.005 0.021 0.113 0.987 0.047 0.017 0.152 0.835 -0.372 -0.260 -0.165 0.295 -0.878 0.058 -0.231 -0.857 0.208 0.028 -0.897 0.386 -0.334 -0.193 -0.253 0.160 -0.452 0.052 -0.130 -0.394 0.108 0.002 -0.398 
0.996 -0.009 0.019 0.091 0.988 0.043 0.018 0.144 0.806 -0.369 -0.294 -0.148 0.281 -0.878 0.071 -0.226 -0.860 0.208 0.037 -0.901 0.358 -0.349 -0.221 -0.253 0.161 -0.452 0.055 -0.126 -0.395 0.108 0.006 -0.398 
0.992 -0.002 0.024 0.126 0.991 0.045 0.020 0.125 0.844 -0.361 -0.278 -0.122 0.254 -0.887 0.082 -0.229 -0.860 0.220 0.033 -0.890 0.399 -0.318 -0.195 -0.246 0.132 -0.466 0.065 -0.127 -0.393 0.105 0.006 -0.399 
0.995 0.007 0.020 0.101 0.991 0.037 0.014 0.128 0.813 -0.335 -0.276 -0.120 0.299 -0.865 0.067 -0.209 -0.874 0.200 0.053 -0.904 0.360 -0.335 -0.237 -0.252 0.178 -0.446 0.060 -0.117 -0.396 0.100 0.016 -0.400 
0.998 0.005 0.006 0.056 0.987 0.034 0.017 0.158 0.789 -0.350 -0.273 -0.144 0.332 -0.875 0.050 -0.202 -0.872 0.202 0.060 -0.905 0.335 -0.342 -0.264 -0.227 0.216 -0.443 0.046 -0.112 -0.400 0.107 0.014 -0.398 
0.997 0.016 -0.002 0.070 0.991 0.032 0.027 0.128 0.802 -0.224 -0.224 -0.068 0.262 -0.876 0.092 -0.201 -0.878 0.205 0.078 -0.916 0.358 -0.315 -0.266 -0.225 0.194 -0.454 0.068 -0.107 -0.398 0.115 0.021 -0.395 
0.997 0.015 -0.009 0.072 0.992 0.033 0.032 0.119 0.773 -0.166 -0.200 -0.017 0.234 -0.866 0.109 -0.204 -0.878 0.208 0.075 -0.923 0.351 -0.322 -0.268 -0.219 0.188 -0.460 0.081 -0.109 -0.395 0.127 0.019 -0.392 
0.997 0.034 -0.009 0.070 0.992 0.023 0.031 0.119 0.770 -0.129 -0.146 0.002 0.238 -0.872 0.121 -0.176 -0.884 0.195 0.102 -0.929 0.367 -0.298 -0.274 -0.197 0.204 -0.463 0.083 -0.097 -0.397 0.132 0.033 -0.389 
0.998 0.033 -0.006 0.052 0.991 0.022 0.024 0.133 0.727 -0.104 -0.144 0.009 0.231 -0.884 0.112 -0.177 -0.886 0.194 0.097 -0.929 0.346 -0.298 -0.300 -0.176 0.212 -0.468 0.075 -0.102 -0.398 0.141 0.026 -0.387 
0.998 0.032 -0.006 0.052 0.991 0.021 0.028 0.133 0.728 -0.103 -0.137 0.015 0.230 -0.884 0.118 -0.178 -0.885 0.201 0.096 -0.927 0.349 -0.298 -0.298 -0.172 0.211 -0.469 0.078 -0.102 -0.398 0.144 0.026 -0.386 
0.999 0.028 -0.014 0.022 0.986 0.019 0.034 0.163 0.669 -0.071 -0.103 0.015 0.234 -0.899 0.109 -0.169 -0.890 0.226 0.094 -0.924 0.334 -0.289 -0.323 -0.141 0.229 -0.470 0.077 -0.100 -0.399 0.165 0.022 -0.377 
0.999 0.031 -0.014 0.009 0.985 0.016 0.030 0.172 0.674 -0.029 -0.101 -0.003 0.255 -0.902 0.120 -0.149 -0.891 0.226 0.098 -0.928 0.351 -0.232 -0.349 -0.133 0.244 -0.465 0.073 -0.093 -0.401 0.168 0.026 -0.376 
0.999 0.033 -0.025 0.025 0.985 0.013 0.039 0.170 0.644 0.009 -0.092 0.031 0.246 -0.891 0.143 -0.185 -0.885 0.242 0.099 -0.925 0.352 -0.222 -0.355 -0.129 0.247 -0.464 0.081 -0.095 -0.399 0.177 0.025 -0.372 
1.000 0.027 -0.009 0.006 0.983 0.014 0.031 0.180 0.655 0.039 -0.093 0.048 0.206 -0.885 0.130 -0.147 -0.909 0.226 0.091 -0.934 0.366 -0.197 -0.355 -0.140 0.231 -0.469 0.071 -0.097 -0.400 0.176 0.018 -0.373 
1.000 0.026 -0.011 0.008 0.983 0.016 0.029 0.183 0.654 0.042 -0.090 0.046 0.204 -0.886 0.123 -0.157 -0.908 0.222 0.088 -0.935 0.368 -0.196 -0.353 -0.140 0.230 -0.470 0.068 -0.101 -0.400 0.174 0.017 -0.374 
0.999 0.015 -0.033 0.037 0.979 0.023 0.041 0.196 0.639 0.069 -0.056 0.022 0.248 -0.878 0.092 -0.216 -0.896 0.252 0.063 -0.929 0.387 -0.191 -0.335 -0.148 0.254 -0.455 0.065 -0.112 -0.398 0.179 0.004 -0.372 
0.999 0.021 -0.013 0.025 0.977 0.022 0.024 0.209 0.634 0.072 -0.048 0.007 0.253 -0.877 0.084 -0.196 -0.908 0.220 0.066 -0.941 0.390 -0.187 -0.334 -0.156 0.256 -0.451 0.042 -0.108 -0.402 0.161 0.005 -0.380 
0.999 0.004 -0.032 0.005 0.969 0.028 0.025 0.246 0.643 0.056 -0.019 0.003 0.274 -0.867 0.018 -0.215 -0.909 0.231 0.043 -0.944 0.400 -0.180 -0.326 -0.150 0.280 -0.438 0.020 -0.101 -0.405 0.151 -0.004 -0.384 
1.000 0.010 -0.017 -0.004 0.966 0.028 0.017 0.255 0.632 0.050 -0.021 0.013 0.267 -0.871 0.003 -0.218 -0.917 0.216 0.039 -0.950 0.393 -0.183 -0.334 -0.137 0.281 -0.440 0.004 -0.096 -0.407 0.141 -0.005 -0.388 
1.000 0.016 -0.007 -0.008 0.964 0.027 0.008 0.264 0.621 0.044 -0.016 0.000 0.274 -0.868 -0.009 -0.193 -0.919 0.184 0.048 -0.959 0.390 -0.196 -0.329 -0.151 0.279 -0.437 -0.019 -0.088 -0.409 0.130 -0.001 -0.392 
1.000 0.016 -0.014 -0.004 0.964 0.025 0.014 0.264 0.630 0.050 -0.009 0.028 0.261 -0.867 -0.017 -0.192 -0.919 0.195 0.050 -0.956 0.398 -0.184 -0.327 -0.142 0.274 -0.443 -0.015 -0.087 -0.409 0.130 0.003 -0.392 
0.999 0.010 -0.016 -0.028 0.965 0.022 0.012 0.260 0.703 0.032 0.042 0.013 0.256 -0.893 -0.015 -0.166 -0.923 0.189 0.055 -0.959 0.441 -0.158 -0.280 -0.128 0.255 -0.459 -0.021 -0.077 -0.411 0.119 0.008 -0.395 
0.999 0.000 -0.027 -0.024 0.972 0.026 0.024 0.233 0.779 0.073 0.128 0.011 0.259 -0.910 0.027 -0.206 -0.909 0.202 0.053 -0.955 0.501 -0.121 -0.178 -0.119 0.232 -0.474 -0.010 -0.087 -0.409 0.109 0.004 -0.398 
0.999 -0.012 -0.020 0.025 0.983 0.025 0.023 0.179 0.864 0.219 0.173 -0.009 0.242 -0.898 0.056 -0.218 -0.903 0.190 0.068 -0.948 0.542 -0.001 -0.063 -0.169 0.203 -0.473 -0.003 -0.080 -0.410 0.068 0.018 -0.406 
0.996 -0.009 -0.001 0.085 0.984 0.036 0.025 0.170 0.906 0.328 0.177 -0.019 0.277 -0.930 0.023 -0.218 -0.899 0.193 0.051 -0.933 0.532 0.118 0.025 -0.122 0.175 -0.498 -0.011 -0.089 -0.408 0.054 0.016 -0.409 
0.994 -0.007 0.012 0.108 0.990 0.031 0.014 0.136 0.898 0.396 0.125 -0.043 0.286 -0.931 0.041 -0.211 -0.897 0.154 0.069 -0.938 0.518 0.169 0.019 -0.130 0.169 -0.499 -0.010 -0.085 -0.409 0.032 0.023 -0.411 
0.995 -0.006 0.002 0.100 0.988 0.034 0.019 0.152 0.910 0.373 0.124 -0.018 0.279 -0.942 0.024 -0.214 -0.900 0.167 0.061 -0.935 0.521 0.159 0.022 -0.095 0.167 -0.507 -0.012 -0.088 -0.408 0.052 0.018 -0.409 
0.995 -0.004 0.001 0.102 0.987 0.035 0.015 0.156 0.925 0.350 0.090 -0.026 0.283 -0.949 -0.013 -0.208 -0.895 0.152 0.058 -0.938 0.524 0.152 0.008 -0.072 0.164 -0.512 -0.025 -0.092 -0.407 0.052 0.017 -0.409 
0.995 0.003 -0.006 0.101 0.984 0.034 0.017 0.171 0.925 0.319 0.105 0.032 0.276 -0.952 -0.028 -0.202 -0.895 0.155 0.061 -0.939 0.533 0.115 -0.003 -0.036 0.161 -0.517 -0.029 -0.092 -0.407 0.070 0.017 -0.406 
0.996 -0.006 -0.015 0.085 0.983 0.048 0.024 0.174 0.913 0.323 0.072 0.012 0.270 -0.955 -0.038 -0.225 -0.885 0.160 0.034 -0.945 0.535 0.095 -0.039 -0.042 0.160 -0.516 -0.031 -0.106 -0.403 0.092 0.000 -0.402 
0.999 -0.011 -0.019 0.033 0.985 0.041 0.025 0.166 0.875 0.249 0.026 -0.007 0.261 -0.947 0.028 -0.238 -0.891 0.170 0.040 -0.953 0.528 0.000 -0.134 -0.079 0.184 -0.504 0.005 -0.113 -0.402 0.110 -0.006 -0.398 
1.000 -0.005 -0.011 0.002 0.984 0.031 0.020 0.173 0.814 0.141 -0.055 0.011 0.258 -0.919 0.043 -0.235 -0.887 0.165 0.072 -0.950 0.483 -0.126 -0.220 -0.114 0.220 -0.482 0.008 -0.107 -0.404 0.122 0.005 -0.394 
1.000 -0.005 0.022 -0.003 0.991 0.035 0.011 0.130 0.772 0.129 -0.131 -0.019 0.234 -0.898 0.083 -0.223 -0.898 0.150 0.064 -0.955 0.451 -0.169 -0.256 -0.161 0.230 -0.464 0.031 -0.120 -0.399 0.132 0.005 -0.391 
1.000 -0.000 0.017 0.022 0.997 0.033 0.022 0.070 0.730 0.145 -0.145 0.047 0.209 -0.870 0.149 -0.204 -0.895 0.162 0.083 -0.951 0.438 -0.179 -0.272 -0.162 0.230 -0.465 0.083 -0.120 -0.391 0.140 0.019 -0.388 
0.999 -0.016 0.027 -0.039 0.998 0.034 0.016 0.055 0.729 0.032 -0.197 0.047 0.212 -0.887 0.130 -0.191 -0.917 0.146 0.087 -0.948 0.379 -0.235 -0.315 -0.131 0.243 -0.468 0.080 -0.122 -0.391 0.147 0.010 -0.385 
0.997 -0.023 0.031 -0.065 0.998 0.036 0.008 0.051 0.691 -0.034 -0.243 0.121 0.176 -0.886 0.119 -0.190 -0.919 0.128 0.082 -0.951 0.321 -0.280 -0.340 -0.086 0.232 -0.483 0.078 -0.125 -0.391 0.144 0.008 -0.387 
0.996 -0.025 0.030 -0.080 0.998 0.037 0.005 0.043 0.661 -0.104 -0.253 0.142 0.175 -0.871 0.112 -0.191 -0.922 0.118 0.083 -0.953 0.270 -0.312 -0.357 -0.078 0.247 -0.478 0.076 -0.121 -0.392 0.138 0.011 -0.389 
0.995 -0.012 0.027 -0.097 0.999 0.021 0.001 0.028 0.626 -0.145 -0.259 0.177 0.181 -0.875 0.133 -0.147 -0.923 0.104 0.123 -0.952 0.222 -0.309 -0.391 -0.038 0.254 -0.479 0.074 -0.100 -0.398 0.134 0.034 -0.389 
0.994 -0.015 0.026 -0.109 0.999 0.025 0.002 0.028 0.615 -0.164 -0.254 0.196 0.172 -0.879 0.133 -0.165 -0.921 0.106 0.119 -0.951 0.209 -0.313 -0.395 -0.013 0.252 -0.481 0.073 -0.103 -0.398 0.137 0.031 -0.388 
0.992 -0.014 0.030 -0.122 0.999 0.022 -0.000 0.030 0.588 -0.202 -0.272 0.223 0.171 -0.880 0.132 -0.155 -0.923 0.106 0.122 -0.947 0.170 -0.314 -0.412 0.015 0.251 -0.482 0.067 -0.100 -0.399 0.142 0.033 -0.386 
0.992 -0.014 0.030 -0.125 0.999 0.025 0.002 0.031 0.583 -0.210 -0.271 0.237 0.159 -0.879 0.135 -0.163 -0.921 0.111 0.116 -0.947 0.164 -0.318 -0.412 0.025 0.246 -0.484 0.068 -0.103 -0.398 0.143 0.030 -0.386 
0.989 -0.019 0.020 -0.148 1.000 0.024 0.008 -0.003 0.608 -0.265 -0.322 0.245 0.165 -0.887 0.174 -0.170 -0.907 0.122 0.122 -0.941 0.166 -0.300 -0.424 0.042 0.242 -0.485 0.085 -0.098 -0.396 0.146 0.037 -0.384 
0.987 -0.020 0.020 -0.156 1.000 0.024 0.007 -0.005 0.583 -0.281 -0.335 0.255 0.154 -0.886 0.174 -0.158 -0.907 0.117 0.123 -0.941 0.139 -0.302 -0.432 0.050 0.237 -0.487 0.087 -0.097 -0.396 0.146 0.037 -0.384 
0.983 -0.023 0.016 -0.181 1.000 0.020 -0.001 -0.015 0.536 -0.330 -0.356 0.268 0.133 -0.891 0.157 -0.154 -0.916 0.091 0.126 -0.939 0.093 -0.291 -0.451 0.068 0.223 -0.491 0.076 -0.096 -0.399 0.140 0.037 -0.386 
0.979 -0.013 0.011 -0.205 1.000 0.016 0.009 -0.021 0.409 -0.354 -0.350 0.246 0.116 -0.904 0.171 -0.149 -0.909 0.098 0.132 -0.932 -0.028 -0.292 -0.459 0.067 0.214 -0.495 0.088 -0.097 -0.396 0.147 0.038 -0.384 
0.981 0.001 0.010 -0.194 0.999 0.012 0.009 -0.030 0.299 -0.363 -0.377 0.262 0.127 -0.901 0.174 -0.138 -0.909 0.109 0.143 -0.926 -0.140 -0.271 -0.452 0.075 0.213 -0.495 0.089 -0.093 -0.397 0.141 0.043 -0.386 
0.980 -0.000 0.012 -0.200 0.999 0.014 0.006 -0.030 0.286 -0.373 -0.399 0.287 0.125 -0.902 0.166 -0.144 -0.905 0.088 0.135 -0.924 -0.153 -0.266 -0.450 0.094 0.203 -0.496 0.089 -0.096 -0.396 0.142 0.038 -0.386 
0.980 -0.003 0.017 -0.201 0.999 0.019 -0.001 -0.040 0.221 -0.375 -0.414 0.278 0.106 -0.903 0.148 -0.155 -0.909 0.079 0.114 -0.930 -0.215 -0.247 -0.435 0.082 0.197 -0.501 0.083 -0.103 -0.395 0.132 0.031 -0.390 
0.978 -0.003 0.017 -0.206 0.999 0.018 -0.002 -0.041 0.204 -0.372 -0.422 0.276 0.106 -0.904 0.152 -0.154 -0.906 0.071 0.114 -0.931 -0.229 -0.233 -0.436 0.084 0.197 -0.500 0.082 -0.103 -0.395 0.130 0.032 -0.390 
0.980 0.002 0.019 -0.199 0.999 0.013 -0.004 -0.045 0.187 -0.343 -0.474 0.273 0.109 -0.907 0.148 -0.142 -0.909 0.058 0.123 -0.930 -0.244 -0.201 -0.444 0.083 0.194 -0.501 0.078 -0.098 -0.398 0.126 0.036 -0.391 
0.981 0.006 0.014 -0.195 0.999 0.009 0.002 -0.048 0.144 -0.330 -0.485 0.297 0.118 -0.904 0.152 -0.146 -0.907 0.083 0.131 -0.926 -0.280 -0.174 -0.434 0.098 0.190 -0.500 0.083 -0.098 -0.396 0.129 0.038 -0.390 
0.983 0.005 0.011 -0.181 0.999 0.010 0.004 -0.049 0.132 -0.309 -0.545 0.303 0.120 -0.903 0.180 -0.143 -0.893 0.081 0.133 -0.928 -0.285 -0.166 -0.434 0.094 0.185 -0.503 0.078 -0.094 -0.398 0.120 0.037 -0.393 
0.984 0.003 0.009 -0.177 0.999 0.004 0.009 -0.048 0.107 -0.315 -0.586 0.310 0.113 -0.901 0.171 -0.133 -0.900 0.090 0.144 -0.923 -0.293 -0.166 -0.428 0.095 0.181 -0.505 0.086 -0.087 -0.398 0.118 0.045 -0.393 
0.986 0.010 0.011 -0.165 0.998 0.002 0.010 -0.060 0.057 -0.321 -0.631 0.299 0.132 -0.904 0.193 -0.123 -0.891 0.085 0.151 -0.918 -0.311 -0.166 -0.415 0.084 0.185 -0.505 0.088 -0.082 -0.399 0.111 0.049 -0.394 
0.987 0.006 0.012 -0.159 0.998 0.003 0.009 -0.067 0.042 -0.320 -0.667 0.297 0.130 -0.905 0.172 -0.126 -0.903 0.083 0.143 -0.917 -0.307 -0.174 -0.415 0.080 0.181 -0.507 0.093 -0.082 -0.398 0.110 0.047 -0.395 
0.989 0.003 0.011 -0.149 0.997 0.005 0.011 -0.073 0.039 -0.322 -0.691 0.289 0.133 -0.906 0.173 -0.130 -0.904 0.094 0.140 -0.913 -0.297 -0.183 -0.418 0.069 0.180 -0.509 0.097 -0.083 -0.397 0.109 0.047 -0.395 
0.991 0.016 0.011 -0.129 0.996 -0.003 0.011 -0.089 -0.033 -0.329 -0.754 0.283 0.172 -0.908 0.207 -0.104 -0.885 0.079 0.161 -0.907 -0.299 -0.187 -0.415 0.064 0.185 -0.508 0.101 -0.072 -0.398 0.096 0.059 -0.397 
0.994 0.015 0.012 -0.108 0.995 0.002 0.017 -0.101 -0.008 -0.325 -0.817 0.279 0.179 -0.916 0.234 -0.105 -0.868 0.094 0.152 -0.895 -0.238 -0.201 -0.446 0.067 0.172 -0.512 0.113 -0.074 -0.394 0.102 0.055 -0.396 
0.994 0.016 0.013 -0.110 0.995 0.002 0.016 -0.099 -0.023 -0.321 -0.833 0.253 0.190 -0.924 0.220 -0.110 -0.872 0.091 0.151 -0.895 -0.233 -0.198 -0.450 0.057 0.175 -0.512 0.114 -0.074 -0.394 0.100 0.056 -0.397 
0.994 0.016 0.013 -0.109 0.995 0.001 0.017 -0.099 -0.012 -0.320 -0.835 0.252 0.194 -0.924 0.221 -0.109 -0.872 0.092 0.153 -0.894 -0.226 -0.199 -0.453 0.056 0.177 -0.512 0.115 -0.074 -0.394 0.101 0.056 -0.397 
0.994 0.016 0.013 -0.109 0.995 0.000 0.018 -0.100 -0.010 -0.317 -0.836 0.253 0.197 -0.923 0.223 -0.106 -0.872 0.094 0.155 -0.894 -0.225 -0.198 -0.454 0.056 0.179 -0.511 0.116 -0.073 -0.394 0.101 0.058 -0.396 
0.996 0.009 0.009 -0.091 0.995 0.011 0.017 -0.100 0.130 -0.330 -0.855 0.261 0.192 -0.920 0.223 -0.145 -0.867 0.099 0.137 -0.893 -0.111 -0.217 -0.487 0.056 0.175 -0.513 0.116 -0.081 -0.392 0.103 0.054 -0.396 
0.996 0.013 0.020 -0.085 0.996 0.004 0.013 -0.093 0.187 -0.327 -0.866 0.264 0.203 -0.920 0.207 -0.101 -0.878 0.092 0.146 -0.893 -0.053 -0.219 -0.495 0.059 0.175 -0.512 0.113 -0.074 -0.394 0.104 0.059 -0.395 
0.998 0.006 0.021 -0.063 0.996 0.009 0.010 -0.092 0.267 -0.300 -0.857 0.263 0.198 -0.916 0.193 -0.119 -0.888 0.090 0.136 -0.896 0.000 -0.217 -0.499 0.047 0.171 -0.515 0.107 -0.079 -0.395 0.104 0.055 -0.396 
0.999 0.010 0.015 -0.039 0.996 0.011 0.010 -0.084 0.372 -0.265 -0.824 0.316 0.194 -0.893 0.170 -0.130 -0.895 0.076 0.131 -0.907 0.061 -0.214 -0.496 0.065 0.174 -0.512 0.107 -0.082 -0.394 0.108 0.053 -0.395 
1.000 0.024 0.019 0.001 0.997 0.003 0.006 -0.078 0.433 -0.250 -0.823 0.351 0.216 -0.864 0.181 -0.090 -0.893 0.068 0.158 -0.909 0.133 -0.210 -0.484 0.065 0.177 -0.511 0.100 -0.069 -0.398 0.100 0.070 -0.395 
0.999 0.025 -0.004 0.034 0.997 0.010 0.018 -0.079 0.544 -0.230 -0.756 0.357 0.216 -0.849 0.184 -0.150 -0.889 0.091 0.153 -0.907 0.200 -0.213 -0.459 0.052 0.179 -0.512 0.115 -0.075 -0.393 0.105 0.067 -0.394 
0.998 0.012 0.005 0.055 0.997 0.020 0.015 -0.079 0.614 -0.256 -0.715 0.335 0.223 -0.857 0.164 -0.147 -0.891 0.097 0.133 -0.905 0.273 -0.219 -0.417 0.035 0.166 -0.517 0.117 -0.077 -0.393 0.106 0.063 -0.394 
0.997 0.023 0.014 0.067 0.998 0.022 0.012 -0.058 0.693 -0.258 -0.631 0.319 0.240 -0.860 0.174 -0.154 -0.883 0.099 0.129 -0.909 0.315 -0.231 -0.379 0.028 0.177 -0.514 0.115 -0.086 -0.391 0.110 0.060 -0.393 
0.996 0.027 0.022 0.086 0.999 0.022 0.005 -0.050 0.742 -0.334 -0.544 0.292 0.252 -0.867 0.148 -0.156 -0.882 0.086 0.126 -0.907 0.353 -0.264 -0.319 0.012 0.172 -0.516 0.105 -0.087 -0.394 0.105 0.061 -0.394 
0.991 0.026 0.032 0.128 0.998 0.028 0.007 -0.054 0.837 -0.339 -0.404 0.265 0.292 -0.854 0.150 -0.153 -0.872 0.085 0.125 -0.902 0.426 -0.247 -0.233 -0.017 0.175 -0.515 0.112 -0.089 -0.391 0.103 0.064 -0.395 
0.988 0.031 0.040 0.143 0.999 0.033 0.003 -0.038 0.838 -0.400 -0.338 0.196 0.295 -0.882 0.151 -0.156 -0.866 0.087 0.119 -0.899 0.420 -0.283 -0.200 -0.045 0.167 -0.516 0.101 -0.097 -0.393 0.101 0.057 -0.396 
0.992 0.018 0.027 0.121 0.999 0.038 0.008 -0.022 0.850 -0.406 -0.259 0.204 0.281 -0.875 0.152 -0.169 -0.859 0.085 0.113 -0.906 0.416 -0.312 -0.164 -0.052 0.164 -0.516 0.093 -0.104 -0.393 0.104 0.050 -0.396 
0.993 0.007 0.022 0.117 0.999 0.047 0.008 -0.004 0.882 -0.433 -0.127 0.178 0.267 -0.898 0.107 -0.189 -0.855 0.101 0.091 -0.898 0.452 -0.293 -0.085 -0.050 0.146 -0.521 0.083 -0.120 -0.391 0.105 0.036 -0.397 
0.990 0.006 0.035 0.134 0.999 0.048 0.013 0.001 0.885 -0.446 -0.041 0.154 0.272 -0.893 0.140 -0.199 -0.848 0.120 0.096 -0.891 0.454 -0.300 -0.038 -0.074 0.144 -0.519 0.087 -0.119 -0.390 0.107 0.039 -0.397 
0.988 0.003 0.038 0.148 0.999 0.048 0.010 -0.023 0.899 -0.430 -0.032 0.132 0.262 -0.883 0.148 -0.179 -0.848 0.108 0.093 -0.895 0.473 -0.270 -0.026 -0.105 0.121 -0.520 0.093 -0.114 -0.390 0.098 0.041 -0.399 
0.996 -0.001 0.027 0.090 0.999 0.043 0.016 -0.003 0.839 -0.434 0.163 0.094 0.260 -0.867 0.138 -0.184 -0.859 0.112 0.102 -0.908 0.409 -0.359 0.033 -0.153 0.152 -0.499 0.090 -0.116 -0.390 0.099 0.042 -0.398 
0.996 -0.010 0.036 0.075 0.999 0.050 0.015 0.005 0.758 -0.494 0.249 0.077 0.239 -0.884 0.126 -0.193 -0.862 0.117 0.094 -0.910 0.347 -0.414 0.071 -0.153 0.149 -0.500 0.091 -0.124 -0.388 0.103 0.036 -0.398 
0.997 -0.018 0.028 0.070 0.998 0.052 0.028 -0.015 0.724 -0.500 0.342 0.061 0.220 -0.884 0.142 -0.182 -0.844 0.136 0.099 -0.900 0.333 -0.413 0.126 -0.169 0.134 -0.499 0.113 -0.117 -0.384 0.112 0.040 -0.395 
0.999 -0.022 0.022 0.040 0.998 0.040 0.030 -0.035 0.654 -0.511 0.367 0.063 0.213 -0.874 0.158 -0.147 -0.849 0.120 0.136 -0.905 0.276 -0.455 0.121 -0.179 0.147 -0.492 0.122 -0.097 -0.387 0.110 0.057 -0.394 
0.999 -0.031 0.028 0.011 0.998 0.040 0.028 -0.039 0.608 -0.521 0.362 0.035 0.200 -0.876 0.161 -0.138 -0.864 0.108 0.144 -0.908 0.227 -0.482 0.118 -0.194 0.161 -0.482 0.117 -0.093 -0.389 0.110 0.060 -0.393 
0.998 -0.040 0.035 -0.040 0.998 0.032 0.027 -0.047 0.579 -0.549 0.303 0.023 0.214 -0.889 0.163 -0.108 -0.875 0.109 0.170 -0.907 0.179 -0.507 0.091 -0.174 0.193 -0.478 0.119 -0.080 -0.391 0.110 0.072 -0.391 
0.997 -0.039 0.027 -0.061 0.997 0.028 0.026 -0.060 0.532 -0.561 0.259 0.059 0.219 -0.875 0.167 -0.098 -0.873 0.088 0.178 -0.909 0.124 -0.528 0.061 -0.161 0.210 -0.476 0.123 -0.073 -0.392 0.111 0.077 -0.390 
0.996 -0.044 0.030 -0.078 0.997 0.030 0.027 -0.063 0.427 -0.587 0.185 0.077 0.216 -0.870 0.165 -0.109 -0.878 0.096 0.176 -0.910 0.008 -0.545 0.013 -0.149 0.222 -0.474 0.119 -0.081 -0.391 0.115 0.069 -0.391 
0.994 -0.045 0.026 -0.099 0.997 0.030 0.027 -0.065 0.407 -0.602 0.144 0.101 0.215 -0.871 0.177 -0.104 -0.873 0.098 0.178 -0.907 -0.017 -0.545 -0.011 -0.127 0.230 -0.477 0.125 -0.080 -0.389 0.117 0.070 -0.390 
0.991 -0.050 0.027 -0.121 0.997 0.037 0.017 -0.064 0.361 -0.646 0.063 0.112 0.183 -0.880 0.143 -0.133 -0.883 0.074 0.147 -0.911 -0.070 -0.539 -0.036 -0.114 0.218 -0.486 0.114 -0.099 -0.388 0.112 0.047 -0.395 
0.991 -0.047 0.029 -0.124 0.997 0.034 0.017 -0.064 0.317 -0.647 0.043 0.147 0.183 -0.877 0.165 -0.137 -0.879 0.077 0.148 -0.912 -0.113 -0.531 -0.048 -0.091 0.220 -0.490 0.120 -0.098 -0.387 0.113 0.048 -0.394 
0.993 -0.027 0.025 -0.113 0.996 0.029 0.016 -0.086 0.152 -0.715 -0.194 0.138 0.188 -0.897 0.204 -0.130 -0.874 0.077 0.147 -0.903 -0.225 -0.461 -0.182 -0.080 0.208 -0.497 0.120 -0.091 -0.389 0.100 0.047 -0.398 
0.991 -0.033 0.020 -0.129 0.995 0.031 0.020 -0.091 0.143 -0.744 -0.255 0.145 0.188 -0.899 0.194 -0.140 -0.870 0.094 0.143 -0.897 -0.211 -0.467 -0.183 -0.074 0.206 -0.499 0.123 -0.090 -0.388 0.103 0.045 -0.397 
0.992 -0.013 0.039 -0.122 0.995 0.020 0.014 -0.100 0.046 -0.725 -0.376 0.138 0.205 -0.912 0.160 -0.076 -0.884 0.084 0.151 -0.892 -0.258 -0.428 -0.215 -0.064 0.201 -0.502 0.128 -0.084 -0.387 0.097 0.044 -0.399 
0.991 -0.003 0.036 -0.129 0.995 0.020 0.011 -0.095 -0.123 -0.655 -0.470 0.134 0.208 -0.921 0.145 -0.073 -0.886 0.084 0.145 -0.883 -0.352 -0.333 -0.247 -0.054 0.196 -0.505 0.120 -0.083 -0.390 0.090 0.043 -0.401 
0.991 -0.000 0.023 -0.135 0.996 0.022 0.016 -0.084 -0.032 -0.635 -0.504 0.133 0.196 -0.929 0.179 -0.132 -0.887 0.102 0.136 -0.883 -0.306 -0.338 -0.297 -0.042 0.192 -0.508 0.115 -0.095 -0.389 0.096 0.036 -0.400 
0.993 0.014 0.022 -0.111 0.995 0.016 0.021 -0.098 0.002 -0.606 -0.549 0.160 0.222 -0.914 0.212 -0.085 -0.873 0.099 0.150 -0.886 -0.283 -0.332 -0.325 -0.038 0.205 -0.503 0.120 -0.082 -0.390 0.095 0.043 -0.399 
0.993 0.012 0.014 -0.114 0.996 0.019 0.020 -0.088 0.006 -0.570 -0.607 0.179 0.227 -0.910 0.217 -0.128 -0.871 0.104 0.140 -0.885 -0.270 -0.319 -0.348 -0.025 0.210 -0.502 0.115 -0.086 -0.391 0.093 0.040 -0.400 
0.992 0.015 0.018 -0.126 0.997 0.022 0.015 -0.071 0.016 -0.526 -0.647 0.159 0.227 -0.919 0.183 -0.110 -0.873 0.092 0.129 -0.896 -0.264 -0.300 -0.370 -0.026 0.208 -0.503 0.106 -0.090 -0.393 0.095 0.038 -0.400 
0.994 0.019 0.001 -0.110 0.997 0.023 0.025 -0.072 0.070 -0.468 -0.686 0.175 0.224 -0.915 0.219 -0.153 -0.862 0.110 0.126 -0.896 -0.233 -0.283 -0.403 -0.019 0.210 -0.502 0.116 -0.087 -0.391 0.098 0.038 -0.399 
0.995 0.028 -0.005 -0.093 0.997 0.023 0.028 -0.062 0.102 -0.408 -0.734 0.185 0.231 -0.912 0.219 -0.153 -0.857 0.120 0.128 -0.899 -0.204 -0.264 -0.430 -0.014 0.210 -0.502 0.115 -0.085 -0.392 0.100 0.038 -0.399 
0.995 0.030 -0.006 -0.095 0.998 0.024 0.028 -0.046 0.156 -0.383 -0.757 0.189 0.233 -0.913 0.207 -0.165 -0.857 0.128 0.126 -0.898 -0.159 -0.250 -0.457 -0.009 0.210 -0.502 0.111 -0.088 -0.392 0.102 0.040 -0.398 
0.996 0.031 -0.003 -0.080 0.999 0.020 0.020 -0.035 0.152 -0.357 -0.784 0.179 0.241 -0.914 0.179 -0.144 -0.868 0.115 0.132 -0.899 -0.151 -0.238 -0.466 -0.016 0.207 -0.503 0.095 -0.085 -0.397 0.095 0.043 -0.399 
0.997 0.034 -0.011 -0.068 0.999 0.020 0.026 -0.027 0.174 -0.325 -0.809 0.190 0.242 -0.909 0.167 -0.162 -0.867 0.129 0.130 -0.896 -0.124 -0.223 -0.481 -0.015 0.207 -0.503 0.097 -0.084 -0.397 0.094 0.044 -0.399 
0.998 0.028 -0.005 -0.061 0.999 0.024 0.024 -0.020 0.178 -0.297 -0.870 0.172 0.245 -0.922 0.168 -0.171 -0.860 0.222 0.116 -0.868 -0.071 -0.199 -0.502 -0.012 0.194 -0.508 0.100 -0.078 -0.397 0.092 0.044 -0.400 
0.998 0.028 -0.005 -0.060 0.999 0.022 0.023 -0.021 0.178 -0.292 -0.871 0.166 0.250 -0.922 0.165 -0.167 -0.861 0.220 0.120 -0.868 -0.071 -0.197 -0.503 -0.016 0.196 -0.507 0.099 -0.076 -0.398 0.091 0.046 -0.400 
0.999 0.026 -0.008 -0.034 0.999 0.028 0.025 -0.014 0.211 -0.252 -0.905 0.150 0.247 -0.927 0.118 -0.176 -0.875 0.230 0.111 -0.859 -0.011 -0.177 -0.515 -0.026 0.186 -0.510 0.097 -0.079 -0.398 0.095 0.043 -0.399 
0.999 0.032 -0.000 -0.016 0.999 0.024 0.018 -0.018 0.217 -0.235 -0.925 0.110 0.256 -0.934 0.155 -0.151 -0.863 0.208 0.115 -0.867 0.023 -0.163 -0.520 -0.044 0.183 -0.510 0.094 -0.068 -0.400 0.090 0.050 -0.400 
1.000 0.029 0.005 -0.010 0.999 0.025 0.015 -0.018 0.188 -0.222 -0.947 0.085 0.249 -0.940 0.153 -0.150 -0.858 0.200 0.115 -0.868 0.041 -0.146 -0.524 -0.056 0.175 -0.512 0.093 -0.064 -0.401 0.082 0.053 -0.401 
1.000 0.014 -0.007 -0.009 0.999 0.027 0.015 -0.016 0.213 -0.188 -0.948 0.084 0.229 -0.944 0.096 -0.161 -0.878 0.208 0.109 -0.864 0.052 -0.130 -0.527 -0.058 0.166 -0.515 0.096 -0.065 -0.401 0.084 0.050 -0.401 
1.000 0.013 -0.008 -0.004 0.999 0.027 0.014 -0.011 0.210 -0.181 -0.949 0.078 0.219 -0.950 0.073 -0.162 -0.884 0.200 0.109 -0.868 0.047 -0.128 -0.528 -0.054 0.157 -0.518 0.086 -0.065 -0.403 0.080 0.050 -0.402 
1.000 0.019 -0.001 -0.001 1.000 0.021 0.015 -0.013 0.199 -0.172 -0.956 0.084 0.224 -0.949 0.133 -0.138 -0.872 0.198 0.112 -0.871 0.049 -0.118 -0.530 -0.052 0.157 -0.518 0.089 -0.059 -0.403 0.082 0.055 -0.401 
1.000 0.023 -0.008 -0.020 1.000 0.019 0.015 0.007 0.206 -0.160 -0.954 0.085 0.220 -0.949 0.128 -0.124 -0.873 0.171 0.143 -0.882 0.044 -0.113 -0.532 -0.051 0.159 -0.517 0.078 -0.060 -0.405 0.089 0.056 -0.399 
1.000 0.018 -0.002 -0.020 1.000 0.019 0.011 0.002 0.163 -0.166 -0.969 0.072 0.218 -0.954 0.122 -0.124 -0.873 0.182 0.134 -0.870 0.050 -0.105 -0.533 -0.051 0.152 -0.520 0.072 -0.059 -0.407 0.078 0.056 -0.401 
1.000 0.018 -0.002 -0.019 1.000 0.021 0.012 0.003 0.164 -0.168 -0.968 0.072 0.216 -0.954 0.125 -0.127 -0.873 0.185 0.131 -0.870 0.050 -0.107 -0.532 -0.051 0.150 -0.520 0.073 -0.060 -0.406 0.079 0.055 -0.401 
1.000 0.018 -0.002 -0.019 1.000 0.020 0.013 0.003 0.166 -0.167 -0.968 0.073 0.217 -0.954 0.126 -0.126 -0.873 0.185 0.132 -0.870 0.051 -0.106 -0.532 -0.051 0.151 -0.520 0.073 -0.060 -0.406 0.080 0.056 -0.401 
1.000 0.018 -0.002 -0.019 1.000 0.017 0.013 0.001 0.168 -0.161 -0.969 0.073 0.223 -0.953 0.128 -0.120 -0.873 0.186 0.139 -0.869 0.052 -0.103 -0.533 -0.051 0.154 -0.519 0.074 -0.057 -0.407 0.080 0.059 -0.400 
1.000 0.018 -0.002 -0.019 1.000 0.020 0.014 0.003 0.169 -0.167 -0.968 0.077 0.217 -0.954 0.129 -0.126 -0.872 0.189 0.132 -0.869 0.053 -0.106 -0.532 -0.049 0.151 -0.520 0.075 -0.060 -0.406 0.081 0.056 -0.401 
1.000 0.018 -0.001 -0.021 1.000 0.019 0.013 0.002 0.161 -0.167 -0.969 0.079 0.217 -0.953 0.128 -0.126 -0.872 0.187 0.133 -0.869 0.049 -0.106 -0.533 -0.047 0.151 -0.520 0.074 -0.059 -0.406 0.081 0.056 -0.401 
1.000 0.018 -0.001 -0.022 1.000 0.019 0.013 0.002 0.158 -0.168 -0.970 0.083 0.217 -0.953 0.127 -0.126 -0.872 0.188 0.132 -0.869 0.048 -0.106 -0.533 -0.045 0.152 -0.520 0.074 -0.059 -0.406 0.081 0.056 -0.401 
1.000 0.013 -0.001 -0.002 0.999 0.021 0.014 -0.030 0.145 -0.187 -0.970 0.103 0.208 -0.952 0.129 -0.156 -0.867 0.182 0.114 -0.871 0.055 -0.112 -0.531 -0.040 0.142 -0.523 0.080 -0.064 -0.404 0.067 0.053 -0.404 
1.000 0.013 -0.001 -0.003 0.999 0.024 0.015 -0.028 0.151 -0.194 -0.967 0.108 0.201 -0.953 0.135 -0.160 -0.866 0.180 0.110 -0.871 0.057 -0.117 -0.529 -0.037 0.140 -0.524 0.081 -0.066 -0.404 0.068 0.051 -0.404 
1.000 0.013 -0.000 -0.004 0.999 0.019 0.014 -0.031 0.148 -0.191 -0.969 0.109 0.208 -0.951 0.136 -0.151 -0.867 0.176 0.119 -0.872 0.056 -0.115 -0.530 -0.037 0.143 -0.523 0.081 -0.062 -0.404 0.067 0.055 -0.404 
1.000 0.013 -0.000 -0.004 0.999 0.019 0.015 -0.032 0.148 -0.189 -0.969 0.111 0.209 -0.951 0.137 -0.150 -0.867 0.176 0.121 -0.871 0.056 -0.114 -0.530 -0.036 0.144 -0.523 0.081 -0.061 -0.404 0.067 0.056 -0.403 
1.000 0.013 -0.000 -0.004 0.999 0.021 0.014 -0.031 0.146 -0.193 -0.968 0.110 0.205 -0.951 0.135 -0.154 -0.867 0.175 0.117 -0.872 0.055 -0.116 -0.530 -0.036 0.142 -0.524 0.080 -0.063 -0.404 0.066 0.054 -0.404 
