0.999 -0.001 -0.023 0.024 0.996 -0.004 -0.003 -0.094 -0.057 -0.242 -0.967 0.131 0.225 -0.961 0.157 -0.077 -0.860 0.121 0.077 -0.843 -0.015 -0.122 -0.531 0.020 0.136 -0.526 0.119 -0.040 -0.398 0.102 0.031 -0.399 
0.999 -0.001 -0.024 0.022 0.996 -0.001 -0.002 -0.094 -0.064 -0.247 -0.965 0.127 0.216 -0.963 0.156 -0.080 -0.859 0.120 0.073 -0.843 -0.014 -0.122 -0.531 0.019 0.131 -0.528 0.120 -0.041 -0.397 0.102 0.033 -0.399 
0.999 -0.001 -0.024 0.022 0.995 -0.003 -0.005 -0.095 -0.068 -0.244 -0.965 0.122 0.219 -0.963 0.152 -0.077 -0.860 0.115 0.076 -0.843 -0.016 -0.120 -0.531 0.016 0.133 -0.527 0.118 -0.040 -0.398 0.100 0.034 -0.399 
0.999 -0.000 -0.023 0.022 0.995 -0.005 -0.006 -0.097 -0.066 -0.240 -0.967 0.115 0.225 -0.963 0.151 -0.073 -0.861 0.115 0.079 -0.843 -0.015 -0.118 -0.532 0.012 0.136 -0.527 0.117 -0.038 -0.398 0.099 0.036 -0.399 
0.999 0.001 -0.025 0.022 0.996 -0.005 -0.000 -0.091 -0.049 -0.230 -0.970 0.126 0.230 -0.961 0.154 -0.074 -0.858 0.127 0.083 -0.843 -0.010 -0.115 -0.532 0.022 0.138 -0.526 0.121 -0.040 -0.397 0.103 0.036 -0.398 
0.999 0.003 -0.024 0.023 0.995 -0.004 -0.000 -0.095 -0.040 -0.230 -0.971 0.128 0.228 -0.960 0.159 -0.077 -0.856 0.126 0.082 -0.844 -0.009 -0.118 -0.532 0.020 0.138 -0.526 0.120 -0.040 -0.397 0.101 0.038 -0.398 
1.000 -0.001 -0.022 0.022 0.996 -0.004 -0.002 -0.094 -0.035 -0.233 -0.971 0.124 0.231 -0.961 0.155 -0.074 -0.860 0.128 0.085 -0.847 -0.011 -0.122 -0.531 0.019 0.140 -0.526 0.117 -0.038 -0.398 0.100 0.042 -0.398 
1.000 -0.001 -0.023 0.022 0.996 -0.004 -0.002 -0.093 -0.034 -0.235 -0.970 0.126 0.230 -0.960 0.155 -0.075 -0.860 0.126 0.085 -0.847 -0.010 -0.123 -0.531 0.020 0.140 -0.526 0.117 -0.039 -0.398 0.099 0.042 -0.399 
1.000 -0.002 -0.019 0.003 0.997 -0.004 -0.005 -0.078 0.053 -0.207 -0.973 0.122 0.223 -0.962 0.143 -0.076 -0.865 0.126 0.084 -0.857 -0.008 -0.130 -0.529 0.015 0.140 -0.526 0.103 -0.048 -0.401 0.098 0.040 -0.399 
1.000 -0.003 -0.021 0.003 0.997 -0.005 -0.002 -0.079 0.082 -0.203 -0.970 0.122 0.226 -0.959 0.145 -0.076 -0.868 0.128 0.087 -0.857 -0.000 -0.131 -0.529 0.010 0.144 -0.525 0.107 -0.047 -0.400 0.100 0.041 -0.398 
1.000 -0.003 -0.021 0.003 0.997 -0.006 -0.001 -0.080 0.086 -0.201 -0.970 0.125 0.228 -0.959 0.148 -0.074 -0.868 0.131 0.089 -0.857 0.002 -0.130 -0.529 0.011 0.145 -0.524 0.108 -0.046 -0.400 0.102 0.042 -0.398 
1.000 -0.000 -0.021 -0.002 0.997 -0.007 -0.000 -0.074 0.090 -0.196 -0.969 0.138 0.235 -0.956 0.144 -0.070 -0.868 0.132 0.091 -0.856 -0.005 -0.130 -0.529 0.024 0.149 -0.523 0.105 -0.046 -0.401 0.106 0.042 -0.397 
1.000 0.000 -0.019 -0.002 0.997 -0.003 0.000 -0.071 0.085 -0.204 -0.967 0.133 0.228 -0.959 0.147 -0.077 -0.867 0.134 0.083 -0.856 -0.008 -0.134 -0.528 0.021 0.145 -0.524 0.106 -0.050 -0.400 0.106 0.038 -0.397 
1.000 0.000 -0.019 -0.002 0.997 -0.004 -0.002 -0.071 0.082 -0.203 -0.968 0.130 0.228 -0.959 0.144 -0.077 -0.867 0.131 0.083 -0.857 -0.010 -0.134 -0.528 0.019 0.145 -0.524 0.104 -0.049 -0.401 0.105 0.038 -0.397 
1.000 0.000 -0.023 -0.001 0.997 0.001 0.003 -0.075 0.087 -0.201 -0.968 0.129 0.230 -0.958 0.150 -0.085 -0.865 0.132 0.077 -0.856 -0.006 -0.133 -0.528 0.015 0.149 -0.523 0.116 -0.053 -0.397 0.104 0.035 -0.398 
1.000 0.000 -0.023 -0.001 0.997 0.001 0.003 -0.075 0.087 -0.201 -0.968 0.126 0.231 -0.958 0.149 -0.085 -0.865 0.133 0.077 -0.856 -0.006 -0.133 -0.528 0.014 0.149 -0.523 0.116 -0.053 -0.397 0.104 0.035 -0.398 
1.000 0.000 -0.022 0.000 0.997 0.003 0.007 -0.074 0.086 -0.201 -0.968 0.125 0.233 -0.958 0.154 -0.088 -0.864 0.136 0.073 -0.856 -0.006 -0.133 -0.528 0.015 0.149 -0.523 0.116 -0.055 -0.397 0.106 0.033 -0.397 
1.000 0.005 -0.021 0.003 0.997 0.004 0.006 -0.076 0.080 -0.192 -0.971 0.151 0.245 -0.949 0.152 -0.089 -0.864 0.130 0.074 -0.859 -0.008 -0.129 -0.529 0.019 0.160 -0.520 0.115 -0.053 -0.397 0.105 0.035 -0.398 
1.000 0.011 -0.020 0.008 0.997 0.006 0.003 -0.075 0.071 -0.196 -0.970 0.142 0.253 -0.947 0.150 -0.090 -0.863 0.122 0.072 -0.860 -0.015 -0.131 -0.529 0.013 0.164 -0.519 0.113 -0.053 -0.398 0.104 0.034 -0.398 
1.000 0.009 -0.016 0.011 0.997 0.011 0.007 -0.079 0.075 -0.199 -0.970 0.156 0.258 -0.939 0.155 -0.095 -0.865 0.136 0.067 -0.858 -0.010 -0.134 -0.528 0.007 0.171 -0.516 0.115 -0.053 -0.397 0.109 0.034 -0.397 
1.000 0.011 -0.016 0.012 0.997 0.012 0.010 -0.080 0.081 -0.195 -0.970 0.159 0.265 -0.937 0.162 -0.094 -0.864 0.138 0.068 -0.858 -0.006 -0.131 -0.529 0.009 0.175 -0.515 0.118 -0.053 -0.396 0.110 0.034 -0.396 
1.000 0.021 -0.014 0.009 0.997 0.021 0.007 -0.080 0.080 -0.191 -0.971 0.128 0.276 -0.943 0.156 -0.111 -0.858 0.125 0.049 -0.865 -0.011 -0.129 -0.529 0.004 0.178 -0.514 0.111 -0.062 -0.397 0.110 0.025 -0.397 
1.000 0.022 -0.010 0.010 0.996 0.037 0.012 -0.081 0.087 -0.195 -0.970 0.121 0.287 -0.940 0.173 -0.141 -0.846 0.133 0.020 -0.869 -0.004 -0.131 -0.529 -0.001 0.186 -0.511 0.124 -0.073 -0.391 0.120 0.015 -0.394 
1.000 0.025 -0.006 0.008 0.996 0.048 0.011 -0.074 0.087 -0.201 -0.969 0.124 0.290 -0.940 0.175 -0.157 -0.844 0.140 0.001 -0.868 -0.002 -0.133 -0.528 0.003 0.186 -0.512 0.118 -0.084 -0.391 0.119 0.007 -0.395 
0.999 0.035 -0.005 0.016 0.996 0.044 0.017 -0.080 0.090 -0.177 -0.972 0.117 0.319 -0.931 0.189 -0.139 -0.840 0.144 0.018 -0.871 -0.003 -0.121 -0.531 -0.002 0.203 -0.505 0.125 -0.072 -0.391 0.126 0.019 -0.393 
0.999 0.043 -0.006 0.019 0.995 0.051 0.018 -0.082 0.095 -0.172 -0.972 0.114 0.327 -0.927 0.189 -0.153 -0.839 0.143 0.019 -0.874 -0.004 -0.121 -0.531 -0.007 0.210 -0.502 0.125 -0.080 -0.390 0.124 0.017 -0.393 
0.999 0.040 -0.002 0.020 0.995 0.063 0.015 -0.081 0.087 -0.184 -0.972 0.089 0.324 -0.934 0.178 -0.175 -0.834 0.145 -0.008 -0.873 -0.004 -0.125 -0.530 -0.009 0.202 -0.505 0.121 -0.089 -0.389 0.122 0.007 -0.394 
0.999 0.040 -0.002 0.020 0.995 0.063 0.015 -0.081 0.087 -0.184 -0.972 0.089 0.324 -0.934 0.178 -0.175 -0.834 0.145 -0.008 -0.873 -0.004 -0.125 -0.530 -0.009 0.202 -0.505 0.121 -0.089 -0.389 0.122 0.007 -0.394 
0.998 0.048 0.002 0.036 0.992 0.083 0.016 -0.094 0.097 -0.204 -0.967 0.087 0.342 -0.922 0.194 -0.203 -0.820 0.145 -0.037 -0.870 0.002 -0.137 -0.527 -0.031 0.215 -0.499 0.122 -0.109 -0.383 0.116 -0.004 -0.396 
0.997 0.056 0.003 0.046 0.992 0.086 0.019 -0.093 0.088 -0.206 -0.967 0.095 0.348 -0.921 0.202 -0.200 -0.814 0.151 -0.041 -0.869 -0.001 -0.138 -0.527 -0.022 0.215 -0.500 0.127 -0.110 -0.381 0.119 -0.005 -0.395 
0.997 0.056 0.003 0.046 0.992 0.086 0.020 -0.093 0.088 -0.206 -0.967 0.095 0.349 -0.921 0.203 -0.200 -0.814 0.152 -0.040 -0.869 -0.000 -0.138 -0.527 -0.022 0.215 -0.500 0.127 -0.110 -0.381 0.119 -0.005 -0.395 
0.997 0.062 0.007 0.046 0.991 0.099 0.022 -0.092 0.091 -0.204 -0.968 0.074 0.350 -0.921 0.205 -0.218 -0.810 0.159 -0.057 -0.869 0.003 -0.136 -0.528 -0.034 0.218 -0.497 0.129 -0.115 -0.379 0.123 -0.012 -0.394 
0.997 0.064 0.011 0.049 0.990 0.107 0.022 -0.091 0.093 -0.220 -0.966 0.072 0.367 -0.918 0.210 -0.225 -0.802 0.169 -0.067 -0.865 0.011 -0.141 -0.526 -0.027 0.224 -0.495 0.132 -0.118 -0.377 0.125 -0.014 -0.393 
0.995 0.081 0.010 0.054 0.988 0.123 0.029 -0.093 0.131 -0.256 -0.952 0.063 0.375 -0.914 0.231 -0.246 -0.781 0.184 -0.086 -0.862 0.028 -0.160 -0.520 -0.035 0.230 -0.492 0.143 -0.128 -0.370 0.129 -0.023 -0.391 
0.996 0.073 0.010 0.054 0.987 0.131 0.032 -0.092 0.140 -0.259 -0.949 0.087 0.370 -0.905 0.236 -0.257 -0.783 0.192 -0.095 -0.862 0.031 -0.165 -0.518 -0.046 0.235 -0.489 0.149 -0.129 -0.367 0.131 -0.022 -0.390 
0.995 0.081 0.011 0.051 0.986 0.134 0.033 -0.091 0.137 -0.251 -0.953 0.082 0.378 -0.904 0.238 -0.257 -0.778 0.192 -0.097 -0.863 0.032 -0.159 -0.520 -0.044 0.238 -0.488 0.149 -0.129 -0.367 0.136 -0.021 -0.389 
0.995 0.082 0.012 0.052 0.986 0.136 0.033 -0.090 0.132 -0.251 -0.953 0.079 0.377 -0.904 0.241 -0.258 -0.777 0.192 -0.100 -0.863 0.030 -0.159 -0.520 -0.046 0.238 -0.488 0.150 -0.130 -0.366 0.135 -0.022 -0.389 
0.995 0.086 0.016 0.050 0.984 0.149 0.036 -0.091 0.146 -0.260 -0.949 0.065 0.370 -0.908 0.251 -0.272 -0.767 0.208 -0.118 -0.858 0.040 -0.161 -0.518 -0.056 0.235 -0.488 0.155 -0.137 -0.361 0.136 -0.028 -0.388 
0.995 0.084 0.014 0.047 0.983 0.161 0.036 -0.085 0.148 -0.264 -0.948 0.055 0.375 -0.907 0.248 -0.290 -0.755 0.209 -0.137 -0.857 0.041 -0.164 -0.518 -0.058 0.236 -0.487 0.159 -0.145 -0.357 0.138 -0.033 -0.387 
0.995 0.083 0.018 0.044 0.980 0.177 0.034 -0.081 0.155 -0.280 -0.941 0.045 0.367 -0.909 0.250 -0.318 -0.745 0.218 -0.162 -0.857 0.040 -0.176 -0.514 -0.067 0.235 -0.486 0.162 -0.155 -0.351 0.139 -0.046 -0.386 
0.996 0.084 0.021 0.033 0.979 0.186 0.036 -0.081 0.165 -0.278 -0.940 0.018 0.366 -0.913 0.250 -0.329 -0.739 0.218 -0.173 -0.857 0.044 -0.174 -0.514 -0.075 0.235 -0.485 0.162 -0.162 -0.348 0.141 -0.050 -0.384 
0.995 0.091 0.027 0.041 0.977 0.187 0.033 -0.093 0.152 -0.276 -0.943 -0.007 0.375 -0.908 0.260 -0.331 -0.737 0.212 -0.177 -0.859 0.041 -0.172 -0.515 -0.091 0.240 -0.480 0.170 -0.162 -0.344 0.141 -0.049 -0.385 
0.994 0.095 0.029 0.040 0.976 0.195 0.036 -0.093 0.157 -0.287 -0.939 -0.012 0.377 -0.908 0.270 -0.338 -0.726 0.217 -0.186 -0.856 0.046 -0.177 -0.513 -0.092 0.241 -0.479 0.177 -0.167 -0.338 0.144 -0.054 -0.383 
0.995 0.094 0.026 0.032 0.975 0.199 0.036 -0.087 0.161 -0.300 -0.935 -0.008 0.378 -0.911 0.271 -0.348 -0.719 0.230 -0.195 -0.850 0.046 -0.183 -0.511 -0.083 0.241 -0.481 0.184 -0.170 -0.333 0.148 -0.060 -0.380 
0.995 0.091 0.026 0.033 0.974 0.203 0.035 -0.091 0.156 -0.306 -0.935 -0.020 0.376 -0.910 0.271 -0.354 -0.717 0.231 -0.200 -0.846 0.049 -0.185 -0.510 -0.092 0.241 -0.479 0.187 -0.172 -0.331 0.149 -0.062 -0.380 
0.995 0.096 0.029 0.029 0.973 0.206 0.036 -0.094 0.170 -0.313 -0.930 -0.022 0.378 -0.910 0.277 -0.355 -0.712 0.236 -0.204 -0.843 0.057 -0.187 -0.508 -0.090 0.243 -0.479 0.188 -0.173 -0.329 0.150 -0.063 -0.379 
0.995 0.093 0.035 0.024 0.972 0.210 0.027 -0.100 0.165 -0.321 -0.928 -0.049 0.387 -0.900 0.273 -0.368 -0.716 0.222 -0.215 -0.849 0.053 -0.193 -0.507 -0.115 0.253 -0.468 0.181 -0.181 -0.329 0.144 -0.067 -0.380 
0.996 0.068 0.059 0.026 0.967 0.217 0.027 -0.130 0.200 -0.315 -0.919 0.074 0.321 -0.867 0.439 -0.209 -0.743 0.267 -0.277 -0.813 0.062 -0.204 -0.501 -0.131 0.253 -0.464 0.201 -0.107 -0.349 0.124 -0.115 -0.376 
0.995 0.087 0.028 0.030 0.973 0.203 0.039 -0.102 0.197 -0.334 -0.916 -0.024 0.369 -0.914 0.291 -0.348 -0.716 0.238 -0.206 -0.845 0.070 -0.203 -0.500 -0.091 0.240 -0.481 0.205 -0.156 -0.327 0.160 -0.066 -0.374 
0.996 0.078 0.032 0.030 0.975 0.197 0.031 -0.100 0.186 -0.341 -0.916 -0.017 0.360 -0.914 0.278 -0.340 -0.729 0.231 -0.198 -0.847 0.063 -0.207 -0.500 -0.094 0.237 -0.481 0.197 -0.160 -0.330 0.153 -0.059 -0.378 
0.996 0.079 0.033 0.027 0.975 0.191 0.033 -0.104 0.185 -0.334 -0.918 -0.014 0.364 -0.916 0.280 -0.334 -0.732 0.234 -0.181 -0.849 0.062 -0.203 -0.501 -0.085 0.236 -0.484 0.185 -0.167 -0.334 0.150 -0.056 -0.380 
0.996 0.076 0.032 0.017 0.976 0.188 0.030 -0.104 0.193 -0.332 -0.917 -0.011 0.361 -0.916 0.277 -0.328 -0.737 0.227 -0.178 -0.852 0.065 -0.202 -0.501 -0.087 0.237 -0.483 0.184 -0.167 -0.334 0.147 -0.055 -0.381 
0.997 0.066 0.018 0.020 0.977 0.180 0.023 -0.108 0.195 -0.339 -0.915 -0.002 0.341 -0.917 0.264 -0.323 -0.751 0.210 -0.163 -0.857 0.067 -0.206 -0.500 -0.096 0.229 -0.485 0.178 -0.165 -0.339 0.138 -0.053 -0.385 
0.998 0.062 0.021 0.021 0.983 0.158 0.026 -0.089 0.161 -0.332 -0.922 0.046 0.330 -0.927 0.257 -0.298 -0.766 0.214 -0.134 -0.859 0.039 -0.205 -0.503 -0.056 0.215 -0.497 0.158 -0.155 -0.353 0.137 -0.043 -0.387 
0.998 0.059 0.019 0.024 0.985 0.148 0.026 -0.086 0.150 -0.327 -0.923 0.061 0.331 -0.927 0.248 -0.280 -0.775 0.204 -0.119 -0.864 0.026 -0.205 -0.504 -0.045 0.214 -0.499 0.150 -0.147 -0.360 0.131 -0.035 -0.390 
0.999 0.041 0.007 0.021 0.990 0.116 0.024 -0.077 0.144 -0.320 -0.928 0.099 0.288 -0.939 0.239 -0.232 -0.806 0.193 -0.059 -0.860 0.024 -0.200 -0.506 -0.023 0.188 -0.510 0.134 -0.123 -0.375 0.129 -0.018 -0.391 
0.999 0.035 0.003 0.011 0.992 0.097 0.015 -0.082 0.153 -0.321 -0.926 0.089 0.279 -0.942 0.231 -0.201 -0.818 0.168 -0.032 -0.868 0.030 -0.199 -0.506 -0.027 0.185 -0.511 0.129 -0.109 -0.381 0.118 -0.004 -0.395 
1.000 0.025 -0.003 -0.006 0.995 0.068 0.019 -0.067 0.153 -0.289 -0.936 0.130 0.274 -0.946 0.207 -0.162 -0.839 0.181 0.015 -0.863 0.028 -0.180 -0.513 0.018 0.177 -0.514 0.131 -0.080 -0.388 0.128 0.017 -0.392 
1.000 0.012 -0.003 -0.010 0.996 0.046 0.016 -0.075 0.149 -0.268 -0.941 0.113 0.244 -0.952 0.206 -0.122 -0.854 0.166 0.049 -0.870 0.019 -0.173 -0.516 -0.004 0.166 -0.518 0.127 -0.061 -0.392 0.116 0.031 -0.395 
1.000 0.008 -0.007 -0.015 0.997 0.028 0.012 -0.073 0.145 -0.260 -0.945 0.124 0.236 -0.956 0.180 -0.093 -0.864 0.158 0.077 -0.867 0.019 -0.166 -0.518 0.010 0.158 -0.521 0.121 -0.048 -0.396 0.108 0.043 -0.396 
1.000 -0.009 -0.013 -0.014 0.998 0.020 0.011 -0.062 0.139 -0.267 -0.943 0.150 0.218 -0.958 0.170 -0.089 -0.866 0.144 0.081 -0.862 0.013 -0.172 -0.517 0.029 0.144 -0.524 0.115 -0.050 -0.398 0.111 0.041 -0.395 
0.999 -0.025 -0.016 -0.027 0.998 0.009 0.006 -0.062 0.154 -0.273 -0.936 0.129 0.197 -0.964 0.160 -0.075 -0.870 0.136 0.097 -0.857 0.011 -0.177 -0.515 0.013 0.134 -0.527 0.106 -0.048 -0.400 0.104 0.046 -0.397 
0.999 -0.022 -0.018 -0.025 0.998 -0.007 0.009 -0.063 0.152 -0.272 -0.936 0.150 0.194 -0.962 0.158 -0.046 -0.873 0.140 0.125 -0.851 0.008 -0.176 -0.516 0.026 0.131 -0.527 0.105 -0.035 -0.402 0.099 0.060 -0.396 
0.999 -0.031 -0.022 -0.028 0.999 -0.014 0.010 -0.048 0.135 -0.259 -0.940 0.169 0.180 -0.961 0.145 -0.038 -0.881 0.134 0.132 -0.849 -0.008 -0.170 -0.518 0.034 0.124 -0.529 0.097 -0.034 -0.404 0.101 0.060 -0.396 
0.999 -0.032 -0.024 -0.029 0.999 -0.016 0.009 -0.041 0.122 -0.253 -0.944 0.175 0.170 -0.963 0.141 -0.043 -0.880 0.137 0.129 -0.847 -0.016 -0.166 -0.519 0.041 0.116 -0.530 0.093 -0.036 -0.405 0.100 0.056 -0.396 
0.999 -0.029 -0.027 -0.019 0.998 -0.024 0.014 -0.050 0.127 -0.224 -0.949 0.178 0.171 -0.961 0.143 -0.031 -0.880 0.142 0.143 -0.846 -0.014 -0.152 -0.523 0.039 0.117 -0.530 0.095 -0.028 -0.405 0.100 0.064 -0.395 
0.999 -0.030 -0.029 -0.012 0.998 -0.028 0.018 -0.051 0.120 -0.217 -0.952 0.168 0.164 -0.966 0.138 -0.028 -0.881 0.147 0.148 -0.845 -0.017 -0.149 -0.524 0.042 0.109 -0.531 0.101 -0.029 -0.403 0.103 0.066 -0.394 
0.999 -0.030 -0.032 -0.013 0.998 -0.028 0.017 -0.055 0.126 -0.207 -0.955 0.160 0.162 -0.967 0.141 -0.027 -0.882 0.145 0.147 -0.841 -0.010 -0.143 -0.526 0.034 0.109 -0.532 0.102 -0.030 -0.403 0.102 0.059 -0.396 
0.999 -0.027 -0.032 -0.013 0.998 -0.030 0.019 -0.055 0.120 -0.207 -0.956 0.144 0.164 -0.971 0.144 -0.025 -0.877 0.141 0.150 -0.842 -0.012 -0.142 -0.526 0.033 0.108 -0.532 0.103 -0.029 -0.403 0.104 0.060 -0.395 
0.999 -0.028 -0.032 -0.015 0.998 -0.029 0.015 -0.054 0.119 -0.213 -0.955 0.132 0.164 -0.973 0.139 -0.028 -0.877 0.131 0.146 -0.846 -0.012 -0.144 -0.525 0.027 0.107 -0.533 0.097 -0.030 -0.404 0.099 0.058 -0.396 
0.999 -0.029 -0.031 -0.010 0.998 -0.027 0.018 -0.056 0.119 -0.217 -0.954 0.136 0.172 -0.970 0.142 -0.032 -0.876 0.140 0.138 -0.846 -0.012 -0.149 -0.524 0.024 0.113 -0.532 0.102 -0.032 -0.403 0.101 0.054 -0.397 
0.999 -0.028 -0.028 -0.012 0.998 -0.025 0.017 -0.049 0.103 -0.219 -0.955 0.129 0.178 -0.970 0.144 -0.038 -0.879 0.148 0.135 -0.846 -0.021 -0.150 -0.524 0.021 0.117 -0.531 0.099 -0.035 -0.404 0.105 0.053 -0.396 
0.999 -0.025 -0.028 -0.005 0.998 -0.024 0.018 -0.057 0.107 -0.217 -0.957 0.118 0.179 -0.970 0.143 -0.039 -0.878 0.140 0.135 -0.848 -0.013 -0.148 -0.524 0.010 0.118 -0.531 0.103 -0.032 -0.403 0.099 0.054 -0.397 
0.999 -0.027 -0.026 -0.006 0.998 -0.019 0.025 -0.053 0.112 -0.221 -0.957 0.136 0.181 -0.967 0.154 -0.045 -0.875 0.154 0.126 -0.846 -0.008 -0.149 -0.524 0.020 0.119 -0.530 0.105 -0.034 -0.402 0.109 0.051 -0.395 
0.999 -0.025 -0.024 -0.007 0.998 -0.018 0.024 -0.052 0.105 -0.220 -0.958 0.115 0.192 -0.968 0.154 -0.047 -0.874 0.147 0.124 -0.849 -0.010 -0.149 -0.524 0.011 0.126 -0.529 0.110 -0.035 -0.401 0.106 0.051 -0.396 
0.999 -0.020 -0.025 -0.005 0.998 -0.018 0.023 -0.056 0.103 -0.214 -0.959 0.107 0.202 -0.967 0.155 -0.047 -0.874 0.153 0.125 -0.845 -0.013 -0.146 -0.525 0.004 0.131 -0.528 0.107 -0.035 -0.402 0.104 0.052 -0.396 
1.000 -0.018 -0.022 -0.003 0.998 -0.018 0.026 -0.056 0.104 -0.209 -0.962 0.112 0.206 -0.965 0.153 -0.045 -0.875 0.156 0.122 -0.847 -0.008 -0.142 -0.526 0.007 0.134 -0.527 0.111 -0.033 -0.400 0.106 0.053 -0.395 
1.000 -0.008 -0.023 -0.001 0.998 -0.013 0.024 -0.053 0.099 -0.207 -0.963 0.119 0.214 -0.964 0.152 -0.055 -0.872 0.150 0.116 -0.851 -0.009 -0.140 -0.527 0.015 0.137 -0.526 0.106 -0.037 -0.402 0.104 0.049 -0.396 
1.000 -0.007 -0.018 0.000 0.998 -0.008 0.024 -0.055 0.099 -0.198 -0.965 0.122 0.228 -0.957 0.159 -0.058 -0.871 0.157 0.113 -0.853 -0.010 -0.136 -0.528 0.002 0.149 -0.523 0.105 -0.037 -0.402 0.105 0.052 -0.396 
1.000 -0.007 -0.018 0.000 0.998 -0.006 0.027 -0.053 0.106 -0.203 -0.963 0.129 0.224 -0.957 0.165 -0.063 -0.869 0.164 0.109 -0.853 -0.006 -0.138 -0.527 0.006 0.147 -0.524 0.108 -0.039 -0.401 0.108 0.050 -0.395 
1.000 0.004 -0.007 -0.000 0.998 0.023 0.030 -0.049 0.106 -0.207 -0.963 0.108 0.236 -0.956 0.176 -0.105 -0.860 0.167 0.063 -0.865 -0.001 -0.140 -0.527 -0.006 0.157 -0.521 0.116 -0.058 -0.396 0.112 0.033 -0.396 
1.000 0.010 -0.006 0.009 0.998 0.029 0.031 -0.056 0.111 -0.207 -0.962 0.116 0.248 -0.949 0.182 -0.117 -0.856 0.175 0.054 -0.867 -0.001 -0.144 -0.525 -0.011 0.165 -0.518 0.116 -0.063 -0.395 0.116 0.030 -0.395 
1.000 0.023 0.000 0.014 0.997 0.053 0.030 -0.051 0.109 -0.214 -0.958 0.107 0.257 -0.950 0.183 -0.163 -0.848 0.179 0.012 -0.877 -0.007 -0.152 -0.523 -0.009 0.168 -0.517 0.113 -0.086 -0.392 0.113 0.011 -0.397 
0.999 0.036 0.015 0.029 0.994 0.087 0.039 -0.059 0.105 -0.219 -0.961 0.089 0.273 -0.946 0.207 -0.208 -0.828 0.195 -0.044 -0.876 0.001 -0.151 -0.523 -0.025 0.178 -0.514 0.125 -0.107 -0.383 0.118 -0.007 -0.395 
0.998 0.049 0.026 0.037 0.991 0.109 0.033 -0.068 0.097 -0.229 -0.961 0.058 0.300 -0.940 0.203 -0.243 -0.819 0.189 -0.076 -0.882 0.002 -0.155 -0.522 -0.040 0.192 -0.508 0.127 -0.120 -0.378 0.104 -0.018 -0.399 
0.998 0.057 0.027 0.029 0.990 0.122 0.035 -0.064 0.097 -0.225 -0.964 0.034 0.326 -0.934 0.220 -0.258 -0.805 0.189 -0.089 -0.875 0.008 -0.147 -0.525 -0.047 0.207 -0.501 0.132 -0.129 -0.374 0.116 -0.019 -0.396 
0.996 0.072 0.031 0.046 0.986 0.146 0.041 -0.074 0.120 -0.261 -0.951 0.038 0.340 -0.923 0.233 -0.298 -0.780 0.207 -0.129 -0.873 0.020 -0.169 -0.518 -0.063 0.218 -0.495 0.144 -0.147 -0.362 0.118 -0.035 -0.394 
0.995 0.081 0.038 0.051 0.983 0.165 0.040 -0.073 0.113 -0.269 -0.951 0.007 0.380 -0.908 0.247 -0.320 -0.761 0.211 -0.159 -0.867 0.020 -0.169 -0.517 -0.078 0.241 -0.482 0.153 -0.155 -0.355 0.120 -0.043 -0.392 
0.995 0.090 0.033 0.039 0.980 0.181 0.044 -0.065 0.128 -0.283 -0.945 0.011 0.374 -0.909 0.250 -0.346 -0.744 0.225 -0.178 -0.856 0.025 -0.175 -0.515 -0.078 0.241 -0.482 0.157 -0.168 -0.348 0.127 -0.053 -0.389 
0.995 0.094 0.038 0.024 0.978 0.196 0.035 -0.059 0.108 -0.304 -0.939 -0.019 0.394 -0.899 0.228 -0.375 -0.732 0.204 -0.212 -0.860 0.008 -0.188 -0.511 -0.097 0.255 -0.471 0.143 -0.184 -0.346 0.124 -0.060 -0.389 
0.995 0.094 0.037 0.027 0.977 0.203 0.036 -0.053 0.104 -0.316 -0.937 -0.009 0.404 -0.897 0.221 -0.389 -0.725 0.204 -0.226 -0.857 0.011 -0.193 -0.509 -0.088 0.256 -0.472 0.142 -0.189 -0.343 0.124 -0.068 -0.387 
0.994 0.095 0.037 0.027 0.977 0.205 0.037 -0.052 0.107 -0.319 -0.935 -0.010 0.402 -0.898 0.224 -0.391 -0.723 0.206 -0.229 -0.856 0.012 -0.194 -0.509 -0.087 0.255 -0.473 0.143 -0.190 -0.342 0.125 -0.069 -0.387 
0.993 0.100 0.043 0.034 0.973 0.222 0.038 -0.057 0.108 -0.336 -0.930 -0.040 0.415 -0.897 0.223 -0.410 -0.705 0.212 -0.250 -0.847 0.017 -0.201 -0.506 -0.090 0.256 -0.472 0.149 -0.200 -0.334 0.133 -0.074 -0.383 
0.993 0.101 0.051 0.046 0.966 0.246 0.043 -0.065 0.130 -0.363 -0.917 -0.071 0.386 -0.903 0.243 -0.445 -0.682 0.224 -0.287 -0.837 0.029 -0.222 -0.497 -0.116 0.246 -0.471 0.173 -0.213 -0.314 0.151 -0.084 -0.375 
0.992 0.106 0.057 0.042 0.964 0.250 0.048 -0.075 0.144 -0.373 -0.911 -0.092 0.383 -0.903 0.251 -0.448 -0.676 0.230 -0.296 -0.837 0.040 -0.225 -0.494 -0.129 0.244 -0.469 0.176 -0.215 -0.310 0.154 -0.085 -0.373 
0.991 0.115 0.058 0.036 0.963 0.254 0.049 -0.075 0.151 -0.373 -0.910 -0.093 0.393 -0.902 0.263 -0.448 -0.665 0.231 -0.301 -0.834 0.044 -0.224 -0.494 -0.120 0.249 -0.469 0.184 -0.217 -0.305 0.160 -0.086 -0.370 
0.991 0.118 0.061 0.026 0.960 0.261 0.057 -0.082 0.171 -0.383 -0.903 -0.118 0.397 -0.897 0.278 -0.454 -0.645 0.252 -0.312 -0.821 0.059 -0.225 -0.492 -0.134 0.254 -0.463 0.196 -0.220 -0.295 0.169 -0.086 -0.366 
0.991 0.119 0.063 0.021 0.955 0.277 0.054 -0.088 0.186 -0.412 -0.888 -0.142 0.376 -0.900 0.272 -0.475 -0.621 0.251 -0.344 -0.810 0.070 -0.239 -0.484 -0.149 0.243 -0.464 0.194 -0.236 -0.283 0.167 -0.102 -0.363 
0.991 0.117 0.060 0.012 0.951 0.295 0.057 -0.078 0.180 -0.445 -0.873 -0.155 0.369 -0.903 0.260 -0.509 -0.593 0.257 -0.378 -0.784 0.067 -0.255 -0.476 -0.153 0.238 -0.465 0.193 -0.255 -0.267 0.167 -0.118 -0.358 
0.991 0.117 0.060 0.012 0.951 0.294 0.055 -0.079 0.177 -0.443 -0.875 -0.158 0.371 -0.901 0.258 -0.508 -0.596 0.255 -0.376 -0.786 0.066 -0.254 -0.477 -0.154 0.239 -0.464 0.192 -0.254 -0.268 0.166 -0.117 -0.359 
0.990 0.121 0.065 0.018 0.947 0.307 0.057 -0.080 0.171 -0.471 -0.862 -0.148 0.387 -0.897 0.258 -0.529 -0.572 0.255 -0.401 -0.773 0.062 -0.268 -0.470 -0.148 0.247 -0.462 0.190 -0.266 -0.258 0.168 -0.130 -0.354 
0.989 0.128 0.067 0.018 0.945 0.312 0.058 -0.082 0.179 -0.477 -0.855 -0.164 0.386 -0.893 0.257 -0.533 -0.565 0.246 -0.411 -0.772 0.061 -0.273 -0.467 -0.159 0.247 -0.458 0.189 -0.272 -0.253 0.168 -0.133 -0.352 
0.989 0.130 0.063 0.018 0.946 0.309 0.055 -0.083 0.175 -0.475 -0.859 -0.163 0.393 -0.894 0.259 -0.525 -0.564 0.244 -0.402 -0.774 0.074 -0.267 -0.469 -0.152 0.247 -0.461 0.190 -0.269 -0.255 0.167 -0.131 -0.353 
0.989 0.133 0.063 0.025 0.944 0.313 0.059 -0.083 0.173 -0.481 -0.854 -0.164 0.395 -0.889 0.248 -0.535 -0.561 0.249 -0.409 -0.769 0.059 -0.274 -0.467 -0.161 0.252 -0.455 0.195 -0.271 -0.249 0.171 -0.132 -0.351 
0.989 0.134 0.063 0.024 0.944 0.314 0.056 -0.082 0.170 -0.479 -0.857 -0.153 0.399 -0.888 0.249 -0.535 -0.560 0.244 -0.412 -0.770 0.057 -0.272 -0.468 -0.156 0.255 -0.455 0.195 -0.271 -0.250 0.169 -0.133 -0.352 
0.988 0.136 0.067 0.021 0.943 0.316 0.061 -0.086 0.170 -0.483 -0.854 -0.177 0.406 -0.884 0.257 -0.536 -0.555 0.251 -0.412 -0.768 0.061 -0.273 -0.467 -0.162 0.256 -0.452 0.201 -0.270 -0.245 0.173 -0.132 -0.350 
0.988 0.136 0.067 0.021 0.942 0.318 0.061 -0.085 0.170 -0.485 -0.853 -0.175 0.405 -0.885 0.257 -0.538 -0.553 0.251 -0.414 -0.767 0.061 -0.274 -0.466 -0.161 0.256 -0.453 0.201 -0.271 -0.244 0.173 -0.133 -0.350 
0.988 0.140 0.062 0.006 0.939 0.322 0.072 -0.093 0.191 -0.486 -0.849 -0.177 0.397 -0.893 0.271 -0.537 -0.539 0.267 -0.418 -0.756 0.083 -0.271 -0.464 -0.149 0.248 -0.462 0.219 -0.264 -0.236 0.183 -0.134 -0.344 
0.988 0.141 0.062 0.006 0.940 0.322 0.069 -0.092 0.186 -0.488 -0.850 -0.180 0.397 -0.892 0.268 -0.538 -0.540 0.262 -0.420 -0.758 0.080 -0.272 -0.465 -0.151 0.248 -0.461 0.217 -0.265 -0.237 0.181 -0.135 -0.345 
0.988 0.141 0.062 0.006 0.939 0.323 0.070 -0.092 0.188 -0.488 -0.849 -0.179 0.397 -0.892 0.269 -0.538 -0.539 0.264 -0.420 -0.757 0.081 -0.272 -0.464 -0.150 0.248 -0.461 0.217 -0.265 -0.236 0.182 -0.135 -0.344 
0.988 0.141 0.062 0.006 0.939 0.323 0.069 -0.092 0.186 -0.488 -0.850 -0.180 0.397 -0.892 0.268 -0.538 -0.540 0.262 -0.420 -0.757 0.080 -0.272 -0.465 -0.150 0.248 -0.461 0.217 -0.265 -0.237 0.181 -0.135 -0.345 
0.988 0.142 0.064 0.004 0.938 0.325 0.072 -0.094 0.166 -0.489 -0.853 -0.176 0.404 -0.889 0.269 -0.540 -0.534 0.268 -0.421 -0.753 0.072 -0.272 -0.466 -0.150 0.253 -0.458 0.222 -0.264 -0.233 0.184 -0.134 -0.343 
0.988 0.142 0.065 0.004 0.938 0.325 0.071 -0.093 0.165 -0.489 -0.853 -0.176 0.404 -0.889 0.268 -0.540 -0.534 0.267 -0.422 -0.753 0.071 -0.272 -0.466 -0.150 0.253 -0.458 0.222 -0.264 -0.233 0.184 -0.134 -0.344 
0.987 0.143 0.073 0.017 0.939 0.318 0.079 -0.107 0.173 -0.482 -0.856 -0.208 0.404 -0.882 0.297 -0.520 -0.538 0.279 -0.405 -0.755 0.073 -0.270 -0.467 -0.167 0.254 -0.452 0.244 -0.250 -0.227 0.202 -0.121 -0.339 
0.987 0.143 0.074 0.017 0.939 0.319 0.078 -0.106 0.168 -0.485 -0.855 -0.208 0.403 -0.882 0.294 -0.523 -0.538 0.276 -0.408 -0.755 0.071 -0.272 -0.466 -0.167 0.254 -0.452 0.242 -0.251 -0.227 0.200 -0.122 -0.339 
0.988 0.139 0.074 0.014 0.943 0.306 0.078 -0.106 0.155 -0.488 -0.855 -0.208 0.412 -0.876 0.295 -0.508 -0.555 0.270 -0.393 -0.761 0.060 -0.276 -0.465 -0.171 0.261 -0.446 0.247 -0.244 -0.230 0.202 -0.119 -0.339 
0.987 0.139 0.074 0.016 0.945 0.297 0.085 -0.108 0.162 -0.488 -0.854 -0.201 0.417 -0.878 0.305 -0.493 -0.558 0.297 -0.370 -0.758 0.064 -0.275 -0.465 -0.162 0.260 -0.450 0.245 -0.245 -0.231 0.206 -0.116 -0.337 
0.988 0.137 0.074 0.024 0.947 0.289 0.085 -0.112 0.147 -0.477 -0.862 -0.202 0.413 -0.879 0.305 -0.480 -0.570 0.285 -0.359 -0.768 0.057 -0.270 -0.469 -0.167 0.259 -0.450 0.246 -0.237 -0.238 0.205 -0.109 -0.340 
0.989 0.126 0.075 0.033 0.953 0.271 0.076 -0.115 0.120 -0.455 -0.878 -0.211 0.420 -0.873 0.308 -0.466 -0.595 0.273 -0.327 -0.789 0.042 -0.259 -0.476 -0.172 0.260 -0.447 0.226 -0.238 -0.257 0.189 -0.098 -0.353 
0.990 0.120 0.072 0.032 0.954 0.269 0.071 -0.115 0.106 -0.454 -0.880 -0.197 0.414 -0.876 0.295 -0.467 -0.607 0.260 -0.324 -0.795 0.032 -0.260 -0.476 -0.173 0.261 -0.446 0.220 -0.238 -0.261 0.181 -0.097 -0.357 
0.989 0.119 0.070 0.047 0.958 0.248 0.072 -0.122 0.107 -0.423 -0.896 -0.190 0.412 -0.881 0.297 -0.425 -0.640 0.255 -0.283 -0.810 0.037 -0.242 -0.486 -0.164 0.253 -0.453 0.218 -0.219 -0.279 0.172 -0.080 -0.366 
0.991 0.113 0.064 0.044 0.959 0.246 0.069 -0.126 0.115 -0.424 -0.895 -0.187 0.407 -0.885 0.297 -0.420 -0.644 0.250 -0.273 -0.815 0.050 -0.238 -0.486 -0.164 0.249 -0.456 0.213 -0.220 -0.282 0.168 -0.080 -0.368 
0.993 0.097 0.055 0.044 0.969 0.215 0.065 -0.103 0.080 -0.398 -0.910 -0.126 0.413 -0.896 0.275 -0.378 -0.690 0.239 -0.217 -0.831 0.022 -0.228 -0.493 -0.121 0.248 -0.470 0.189 -0.201 -0.312 0.158 -0.062 -0.376 
0.994 0.088 0.053 0.041 0.974 0.199 0.062 -0.092 0.067 -0.381 -0.918 -0.093 0.409 -0.902 0.261 -0.360 -0.714 0.224 -0.194 -0.843 0.006 -0.224 -0.496 -0.102 0.246 -0.475 0.173 -0.191 -0.327 0.155 -0.052 -0.378 
0.994 0.091 0.043 0.048 0.977 0.174 0.073 -0.095 0.073 -0.332 -0.937 -0.057 0.412 -0.904 0.287 -0.307 -0.728 0.239 -0.136 -0.848 0.011 -0.197 -0.507 -0.083 0.247 -0.478 0.179 -0.160 -0.340 0.157 -0.026 -0.381 
0.996 0.064 0.033 0.054 0.984 0.157 0.055 -0.071 0.039 -0.361 -0.927 -0.009 0.388 -0.917 0.235 -0.293 -0.763 0.203 -0.119 -0.858 -0.014 -0.217 -0.499 -0.050 0.230 -0.491 0.157 -0.154 -0.354 0.145 -0.025 -0.385 
0.998 0.050 0.026 0.041 0.988 0.133 0.056 -0.062 0.031 -0.325 -0.939 0.014 0.366 -0.926 0.224 -0.256 -0.788 0.201 -0.077 -0.862 -0.024 -0.201 -0.506 -0.039 0.219 -0.497 0.148 -0.131 -0.367 0.144 -0.009 -0.386 
0.998 0.029 0.017 0.050 0.992 0.099 0.054 -0.052 0.028 -0.321 -0.939 0.047 0.347 -0.934 0.214 -0.193 -0.809 0.188 -0.014 -0.864 -0.033 -0.205 -0.504 -0.015 0.205 -0.504 0.141 -0.101 -0.379 0.147 0.020 -0.385 
0.999 0.014 0.016 0.048 0.995 0.082 0.049 -0.042 0.016 -0.323 -0.938 0.073 0.343 -0.933 0.192 -0.171 -0.825 0.182 0.014 -0.862 -0.041 -0.208 -0.502 0.002 0.202 -0.505 0.131 -0.085 -0.387 0.149 0.029 -0.384 
0.999 0.008 0.014 0.049 0.995 0.075 0.046 -0.043 0.023 -0.327 -0.936 0.089 0.335 -0.934 0.185 -0.156 -0.831 0.169 0.028 -0.862 -0.040 -0.212 -0.500 0.005 0.199 -0.506 0.125 -0.080 -0.390 0.148 0.033 -0.384 
0.999 0.005 0.012 0.041 0.998 0.044 0.042 -0.032 0.014 -0.315 -0.936 0.108 0.333 -0.934 0.161 -0.106 -0.847 0.171 0.070 -0.857 -0.057 -0.209 -0.500 0.023 0.195 -0.507 0.115 -0.058 -0.397 0.149 0.053 -0.381 
0.999 0.002 0.009 0.039 0.998 0.026 0.046 -0.036 0.038 -0.306 -0.937 0.122 0.329 -0.932 0.164 -0.075 -0.852 0.168 0.104 -0.851 -0.047 -0.206 -0.502 0.023 0.197 -0.507 0.121 -0.044 -0.397 0.148 0.065 -0.380 
0.999 -0.016 0.002 0.037 0.998 0.001 0.044 -0.036 0.044 -0.319 -0.934 0.148 0.318 -0.933 0.152 -0.033 -0.860 0.153 0.141 -0.842 -0.042 -0.211 -0.501 0.039 0.188 -0.509 0.119 -0.022 -0.399 0.145 0.082 -0.378 
0.999 -0.022 -0.002 0.040 0.998 -0.008 0.041 -0.042 0.058 -0.318 -0.931 0.158 0.313 -0.930 0.148 -0.021 -0.863 0.139 0.152 -0.843 -0.039 -0.215 -0.499 0.032 0.186 -0.510 0.107 -0.019 -0.403 0.137 0.084 -0.380 
0.999 -0.032 -0.007 0.036 0.998 -0.009 0.042 -0.039 0.071 -0.320 -0.928 0.171 0.288 -0.935 0.142 -0.026 -0.865 0.139 0.149 -0.840 -0.037 -0.217 -0.498 0.036 0.174 -0.514 0.107 -0.023 -0.402 0.136 0.082 -0.381 
0.999 -0.033 -0.010 0.035 0.999 -0.018 0.039 -0.032 0.059 -0.308 -0.927 0.178 0.279 -0.938 0.122 -0.019 -0.872 0.126 0.154 -0.845 -0.058 -0.215 -0.498 0.048 0.166 -0.516 0.088 -0.022 -0.407 0.129 0.080 -0.384 
0.998 -0.038 -0.016 0.037 0.998 -0.020 0.040 -0.035 0.069 -0.316 -0.927 0.191 0.256 -0.942 0.117 -0.021 -0.872 0.121 0.152 -0.842 -0.046 -0.216 -0.498 0.054 0.151 -0.520 0.087 -0.023 -0.407 0.122 0.076 -0.387 
0.998 -0.033 -0.023 0.040 0.998 -0.032 0.039 -0.041 0.083 -0.313 -0.932 0.190 0.229 -0.951 0.107 -0.010 -0.874 0.109 0.161 -0.835 -0.026 -0.208 -0.503 0.063 0.134 -0.523 0.084 -0.016 -0.408 0.112 0.074 -0.390 
0.998 -0.040 -0.027 0.038 0.998 -0.030 0.041 -0.038 0.091 -0.315 -0.934 0.212 0.222 -0.948 0.108 -0.018 -0.872 0.110 0.152 -0.833 -0.013 -0.205 -0.505 0.072 0.130 -0.523 0.085 -0.018 -0.408 0.109 0.068 -0.392 
0.998 -0.040 -0.026 0.035 0.998 -0.028 0.036 -0.032 0.092 -0.316 -0.929 0.204 0.200 -0.953 0.089 -0.028 -0.879 0.105 0.139 -0.837 -0.023 -0.212 -0.502 0.063 0.119 -0.527 0.075 -0.027 -0.409 0.105 0.058 -0.395 
0.999 -0.034 -0.025 0.033 0.998 -0.034 0.035 -0.034 0.087 -0.300 -0.936 0.199 0.217 -0.951 0.092 -0.020 -0.879 0.092 0.149 -0.839 -0.024 -0.200 -0.507 0.060 0.129 -0.525 0.072 -0.023 -0.410 0.103 0.063 -0.395 
0.999 -0.037 -0.029 0.024 0.998 -0.039 0.034 -0.047 0.119 -0.287 -0.939 0.177 0.225 -0.952 0.079 -0.016 -0.879 0.071 0.145 -0.839 0.000 -0.188 -0.512 0.042 0.134 -0.525 0.063 -0.019 -0.412 0.093 0.062 -0.397 
0.999 -0.037 -0.028 0.026 0.997 -0.040 0.033 -0.052 0.123 -0.290 -0.940 0.170 0.229 -0.951 0.074 -0.016 -0.879 0.067 0.146 -0.839 0.012 -0.186 -0.512 0.034 0.136 -0.526 0.058 -0.018 -0.413 0.090 0.062 -0.398 
0.999 -0.033 -0.032 0.030 0.997 -0.043 0.033 -0.060 0.121 -0.277 -0.947 0.146 0.246 -0.950 0.064 -0.014 -0.878 0.052 0.150 -0.837 0.018 -0.175 -0.516 0.018 0.146 -0.524 0.059 -0.014 -0.413 0.089 0.066 -0.398 
0.999 -0.019 -0.033 0.031 0.996 -0.057 0.036 -0.062 0.119 -0.256 -0.954 0.167 0.278 -0.940 0.056 0.003 -0.874 0.054 0.164 -0.829 0.020 -0.160 -0.521 0.037 0.163 -0.518 0.061 -0.003 -0.413 0.094 0.083 -0.393 
0.999 -0.017 -0.030 0.033 0.996 -0.058 0.039 -0.060 0.109 -0.252 -0.956 0.168 0.288 -0.936 0.053 0.005 -0.873 0.060 0.167 -0.827 0.016 -0.158 -0.521 0.036 0.169 -0.516 0.066 -0.002 -0.412 0.098 0.086 -0.392 
0.999 -0.020 -0.036 0.033 0.996 -0.057 0.038 -0.057 0.096 -0.258 -0.954 0.157 0.290 -0.936 0.037 -0.010 -0.875 0.049 0.156 -0.830 0.002 -0.164 -0.520 0.025 0.171 -0.516 0.055 -0.006 -0.413 0.091 0.080 -0.394 
0.999 -0.017 -0.036 0.034 0.996 -0.059 0.037 -0.056 0.087 -0.258 -0.956 0.160 0.299 -0.933 0.041 -0.011 -0.874 0.046 0.155 -0.830 -0.001 -0.162 -0.520 0.028 0.176 -0.514 0.063 -0.006 -0.412 0.090 0.082 -0.394 
0.999 -0.012 -0.038 0.036 0.995 -0.060 0.040 -0.067 0.074 -0.252 -0.956 0.142 0.306 -0.932 0.034 -0.022 -0.871 0.032 0.139 -0.839 -0.016 -0.162 -0.520 0.011 0.182 -0.513 0.072 -0.009 -0.411 0.082 0.077 -0.397 
0.999 -0.008 -0.040 0.017 0.996 -0.055 0.039 -0.050 0.054 -0.263 -0.954 0.153 0.299 -0.937 0.020 -0.041 -0.865 0.035 0.123 -0.835 -0.030 -0.166 -0.518 0.033 0.177 -0.513 0.073 -0.023 -0.410 0.085 0.065 -0.399 
0.999 -0.003 -0.045 0.012 0.996 -0.055 0.047 -0.049 0.051 -0.260 -0.955 0.158 0.283 -0.940 0.032 -0.045 -0.855 0.034 0.118 -0.834 -0.034 -0.164 -0.518 0.035 0.171 -0.515 0.107 -0.023 -0.402 0.083 0.061 -0.400 
0.999 -0.009 -0.044 -0.015 0.997 -0.050 0.051 -0.036 0.003 -0.263 -0.960 0.154 0.251 -0.950 0.047 -0.044 -0.825 0.037 0.102 -0.830 -0.041 -0.160 -0.519 0.038 0.159 -0.519 0.176 -0.022 -0.377 0.086 0.051 -0.400 
0.999 -0.008 -0.040 -0.022 0.997 -0.053 0.054 -0.034 -0.005 -0.251 -0.964 0.171 0.264 -0.944 0.080 -0.031 -0.815 0.034 0.105 -0.828 -0.045 -0.152 -0.522 0.046 0.167 -0.515 0.194 -0.015 -0.369 0.085 0.056 -0.400 
0.999 -0.005 -0.038 -0.026 0.997 -0.053 0.056 -0.029 -0.056 -0.243 -0.966 0.173 0.268 -0.945 0.123 -0.021 -0.800 0.033 0.109 -0.823 -0.059 -0.142 -0.523 0.062 0.163 -0.515 0.211 -0.015 -0.359 0.078 0.058 -0.401 
0.999 0.003 -0.039 -0.028 0.996 -0.057 0.068 -0.027 -0.021 -0.163 -0.979 0.205 0.261 -0.938 0.243 0.022 -0.784 0.031 0.123 -0.823 -0.067 -0.105 -0.531 0.071 0.168 -0.512 0.237 -0.015 -0.343 0.084 0.054 -0.400 
0.998 0.005 -0.030 -0.046 0.996 -0.054 0.068 -0.016 -0.031 -0.156 -0.979 0.206 0.241 -0.942 0.324 0.012 -0.784 0.032 0.121 -0.829 -0.080 -0.100 -0.530 0.067 0.163 -0.514 0.233 -0.020 -0.345 0.077 0.049 -0.402 
0.999 0.005 -0.013 -0.052 0.997 -0.052 0.064 -0.008 -0.068 -0.143 -0.978 0.219 0.225 -0.937 0.389 0.017 -0.786 0.011 0.126 -0.838 -0.103 -0.094 -0.527 0.057 0.167 -0.514 0.226 -0.018 -0.350 0.065 0.049 -0.405 
0.998 0.009 -0.011 -0.057 0.996 -0.055 0.072 -0.015 -0.071 -0.139 -0.977 0.210 0.230 -0.939 0.433 0.024 -0.760 0.004 0.133 -0.838 -0.111 -0.091 -0.526 0.056 0.168 -0.514 0.226 -0.009 -0.351 0.064 0.054 -0.404 
0.997 0.017 -0.001 -0.075 0.996 -0.049 0.066 0.023 -0.128 -0.135 -0.970 0.214 0.213 -0.942 0.414 0.060 -0.769 -0.061 0.149 -0.843 -0.147 -0.086 -0.518 0.060 0.159 -0.516 0.208 -0.003 -0.361 0.046 0.052 -0.407 
0.997 0.022 -0.002 -0.068 0.997 -0.048 0.063 0.024 -0.149 -0.137 -0.968 0.200 0.214 -0.942 0.374 0.078 -0.791 -0.103 0.158 -0.851 -0.153 -0.090 -0.516 0.046 0.168 -0.515 0.205 0.012 -0.363 0.047 0.057 -0.406 
0.998 0.028 -0.006 -0.050 0.997 -0.049 0.060 0.017 -0.168 -0.134 -0.968 0.180 0.232 -0.942 0.338 0.095 -0.796 -0.133 0.162 -0.842 -0.154 -0.089 -0.515 0.035 0.175 -0.514 0.198 0.026 -0.366 0.057 0.061 -0.404 
0.998 0.028 -0.006 -0.050 0.997 -0.049 0.060 0.017 -0.168 -0.134 -0.968 0.180 0.232 -0.942 0.338 0.095 -0.796 -0.133 0.162 -0.842 -0.154 -0.089 -0.515 0.035 0.175 -0.514 0.198 0.026 -0.366 0.057 0.061 -0.404 
0.999 0.036 -0.008 -0.034 0.997 -0.046 0.062 0.017 -0.171 -0.129 -0.969 0.177 0.228 -0.945 0.309 0.102 -0.795 -0.155 0.163 -0.832 -0.151 -0.089 -0.516 0.036 0.171 -0.515 0.196 0.036 -0.366 0.085 0.068 -0.398 
0.999 0.036 0.013 0.027 0.998 -0.036 0.047 -0.012 -0.137 -0.198 -0.965 0.089 0.218 -0.962 0.216 0.121 -0.819 -0.115 0.122 -0.818 -0.117 -0.134 -0.515 -0.012 0.153 -0.522 0.166 0.046 -0.380 0.153 0.068 -0.377 
0.998 0.016 0.016 0.050 0.998 -0.030 0.050 -0.033 -0.017 -0.235 -0.965 0.030 0.200 -0.971 0.211 0.121 -0.835 0.016 0.100 -0.791 -0.052 -0.163 -0.517 -0.041 0.136 -0.525 0.152 0.045 -0.386 0.223 0.055 -0.343 
0.998 0.005 0.016 0.065 0.997 -0.024 0.055 -0.051 0.041 -0.263 -0.957 0.002 0.185 -0.973 0.199 0.113 -0.839 0.094 0.080 -0.779 -0.015 -0.181 -0.514 -0.062 0.125 -0.526 0.150 0.040 -0.387 0.249 0.053 -0.325 
0.996 -0.005 0.020 0.086 0.995 -0.016 0.058 -0.081 0.121 -0.268 -0.946 -0.039 0.169 -0.973 0.186 0.106 -0.837 0.162 0.058 -0.774 0.025 -0.194 -0.508 -0.095 0.113 -0.524 0.148 0.032 -0.389 0.261 0.062 -0.313 
0.994 -0.017 0.028 0.101 0.994 -0.013 0.055 -0.097 0.218 -0.246 -0.925 -0.102 0.179 -0.972 0.135 0.097 -0.849 0.293 0.050 -0.760 0.057 -0.204 -0.501 -0.114 0.112 -0.520 0.121 0.024 -0.398 0.273 0.067 -0.302 
0.993 -0.025 0.024 0.109 0.993 -0.013 0.064 -0.098 0.252 -0.244 -0.918 -0.106 0.179 -0.973 0.128 0.091 -0.846 0.349 0.051 -0.732 0.080 -0.201 -0.500 -0.109 0.107 -0.522 0.115 0.015 -0.401 0.279 0.065 -0.297 
0.993 -0.039 0.041 0.107 0.994 -0.011 0.060 -0.093 0.276 -0.218 -0.908 -0.139 0.179 -0.970 0.090 0.090 -0.868 0.429 0.069 -0.742 0.079 -0.206 -0.498 -0.121 0.107 -0.520 0.097 0.015 -0.405 0.267 0.056 -0.310 
0.996 -0.030 0.031 0.074 0.995 -0.014 0.075 -0.063 0.342 -0.195 -0.869 -0.114 0.186 -0.972 0.086 0.092 -0.860 0.495 0.023 -0.704 0.081 -0.209 -0.496 -0.103 0.116 -0.521 0.103 0.019 -0.404 0.282 0.036 -0.299 
0.998 -0.039 0.015 0.055 0.996 -0.011 0.083 -0.038 0.360 -0.194 -0.857 -0.091 0.202 -0.971 0.077 0.085 -0.858 0.476 0.005 -0.700 0.081 -0.207 -0.498 -0.090 0.126 -0.521 0.098 0.015 -0.405 0.288 0.022 -0.294 
0.998 -0.046 0.010 0.036 0.996 -0.008 0.089 -0.023 0.402 -0.175 -0.838 -0.063 0.182 -0.978 0.038 0.080 -0.861 0.490 -0.040 -0.692 0.098 -0.191 -0.501 -0.070 0.117 -0.526 0.111 0.016 -0.402 0.284 -0.000 -0.299 
0.998 -0.041 0.032 0.033 0.997 -0.019 0.066 -0.023 0.345 -0.136 -0.874 -0.097 0.182 -0.976 -0.028 0.096 -0.836 0.464 -0.055 -0.741 0.070 -0.170 -0.513 -0.080 0.116 -0.525 0.144 0.029 -0.390 0.259 -0.004 -0.321 
0.999 -0.035 0.038 0.002 0.998 -0.017 0.061 0.011 0.348 -0.162 -0.866 -0.001 0.183 -0.980 0.065 0.113 -0.852 0.397 -0.077 -0.780 0.061 -0.173 -0.514 -0.035 0.122 -0.529 0.148 0.011 -0.390 0.229 -0.027 -0.342 
0.999 -0.032 0.040 -0.008 0.998 -0.020 0.058 0.026 0.329 -0.170 -0.873 0.047 0.167 -0.980 0.090 0.101 -0.831 0.352 -0.089 -0.804 0.050 -0.176 -0.514 -0.015 0.120 -0.530 0.191 0.005 -0.371 0.212 -0.031 -0.352 
0.998 -0.018 0.058 -0.012 0.998 -0.030 0.044 0.041 0.268 -0.179 -0.887 0.117 0.161 -0.966 0.192 0.116 -0.803 0.280 -0.064 -0.844 0.011 -0.187 -0.513 0.002 0.139 -0.525 0.256 -0.014 -0.329 0.169 -0.024 -0.376 
0.996 -0.018 0.080 -0.039 0.997 -0.026 0.029 0.071 0.264 -0.182 -0.889 0.130 0.130 -0.962 0.297 0.051 -0.839 0.218 -0.082 -0.879 0.006 -0.182 -0.514 -0.001 0.139 -0.525 0.239 -0.031 -0.340 0.140 -0.034 -0.387 
0.996 -0.010 0.079 -0.029 0.996 -0.035 0.031 0.070 0.293 -0.149 -0.882 0.226 0.105 -0.939 0.360 0.044 -0.834 0.319 -0.083 -0.856 0.022 -0.170 -0.518 0.036 0.136 -0.525 0.239 -0.020 -0.341 0.124 -0.024 -0.393 
0.997 -0.007 0.071 -0.024 0.996 -0.031 0.042 0.078 0.353 -0.154 -0.862 0.318 0.078 -0.910 0.388 0.024 -0.829 0.334 -0.088 -0.852 0.063 -0.175 -0.513 0.081 0.125 -0.522 0.238 -0.023 -0.342 0.125 -0.027 -0.392 
0.997 0.001 0.078 -0.003 0.996 -0.035 0.039 0.073 0.409 -0.130 -0.844 0.382 0.079 -0.878 0.415 0.029 -0.824 0.353 -0.075 -0.843 0.106 -0.169 -0.508 0.104 0.123 -0.519 0.228 -0.014 -0.349 0.107 -0.022 -0.398 
0.996 0.014 0.092 0.011 0.995 -0.032 0.037 0.086 0.493 -0.122 -0.808 0.403 0.068 -0.856 0.442 0.022 -0.816 0.382 -0.063 -0.828 0.169 -0.165 -0.492 0.100 0.125 -0.519 0.231 -0.017 -0.347 0.104 -0.026 -0.398 
0.990 0.013 0.134 0.045 0.997 -0.029 0.015 0.065 0.436 -0.090 -0.852 0.327 0.110 -0.882 0.444 0.044 -0.835 0.393 -0.005 -0.816 0.155 -0.152 -0.501 0.045 0.136 -0.524 0.207 -0.006 -0.362 0.058 0.002 -0.409 
0.989 0.016 0.137 0.047 0.996 -0.018 0.026 0.089 0.539 -0.071 -0.785 0.362 0.073 -0.867 0.490 0.028 -0.801 0.478 -0.020 -0.781 0.215 -0.155 -0.477 0.062 0.119 -0.526 0.228 -0.018 -0.349 0.125 -0.016 -0.393 
0.989 0.027 0.139 0.033 0.991 -0.017 0.049 0.124 0.595 -0.108 -0.740 0.382 0.055 -0.855 0.544 -0.016 -0.760 0.539 0.004 -0.737 0.244 -0.171 -0.458 0.077 0.125 -0.523 0.243 -0.035 -0.337 0.161 -0.019 -0.380 
0.987 0.042 0.144 0.061 0.987 -0.023 0.083 0.135 0.661 -0.128 -0.692 0.467 0.129 -0.796 0.575 -0.018 -0.728 0.562 0.029 -0.709 0.294 -0.171 -0.427 0.117 0.162 -0.505 0.247 -0.032 -0.335 0.170 -0.017 -0.376 
0.985 0.029 0.137 0.100 0.987 -0.033 0.119 0.106 0.687 -0.004 -0.679 0.531 0.164 -0.734 0.565 -0.022 -0.740 0.546 0.129 -0.720 0.339 -0.118 -0.411 0.140 0.165 -0.498 0.233 -0.024 -0.345 0.175 0.024 -0.373 
0.992 0.001 0.081 0.099 0.969 -0.006 0.215 0.125 0.791 0.001 -0.500 0.670 0.112 -0.591 0.566 -0.066 -0.733 0.572 0.116 -0.691 0.404 -0.165 -0.327 0.228 0.121 -0.478 0.259 -0.056 -0.322 0.212 0.014 -0.353 
0.992 0.015 0.096 0.076 0.953 -0.009 0.266 0.148 0.838 -0.099 -0.464 0.674 0.111 -0.684 0.536 -0.054 -0.729 0.584 0.060 -0.684 0.423 -0.178 -0.295 0.284 0.121 -0.447 0.273 -0.058 -0.310 0.226 0.001 -0.345 
0.994 0.014 0.072 0.084 0.948 -0.016 0.294 0.123 0.843 -0.111 -0.481 0.661 0.155 -0.695 0.476 -0.026 -0.755 0.536 0.052 -0.718 0.432 -0.158 -0.293 0.280 0.134 -0.446 0.274 -0.046 -0.311 0.221 0.006 -0.348 
0.997 0.021 0.044 0.054 0.942 -0.035 0.295 0.154 0.793 -0.169 -0.555 0.633 0.122 -0.726 0.386 0.025 -0.813 0.462 0.042 -0.774 0.391 -0.167 -0.342 0.261 0.119 -0.461 0.219 -0.005 -0.355 0.198 0.009 -0.362 
0.994 0.022 0.042 0.094 0.943 -0.047 0.310 0.111 0.772 -0.122 -0.601 0.637 0.209 -0.700 0.384 0.028 -0.804 0.446 0.019 -0.777 0.389 -0.138 -0.357 0.259 0.158 -0.451 0.236 -0.008 -0.344 0.197 0.004 -0.362 
0.998 0.024 0.021 0.056 0.942 -0.036 0.297 0.150 0.738 -0.172 -0.630 0.615 0.172 -0.728 0.305 0.006 -0.849 0.367 -0.005 -0.826 0.356 -0.157 -0.382 0.244 0.145 -0.463 0.178 -0.008 -0.377 0.171 -0.003 -0.375 
0.998 0.005 0.027 0.064 0.948 -0.030 0.298 0.105 0.734 -0.103 -0.640 0.569 0.313 -0.703 0.288 -0.021 -0.857 0.341 -0.025 -0.834 0.352 -0.134 -0.395 0.200 0.233 -0.448 0.158 -0.020 -0.385 0.192 0.002 -0.365 
0.996 0.003 0.030 0.081 0.945 -0.038 0.313 0.086 0.735 -0.061 -0.637 0.577 0.346 -0.674 0.295 -0.016 -0.856 0.363 -0.006 -0.823 0.355 -0.122 -0.396 0.199 0.255 -0.436 0.160 -0.016 -0.385 0.212 0.014 -0.354 
0.996 0.007 0.047 0.076 0.940 -0.043 0.331 0.069 0.756 -0.037 -0.612 0.599 0.343 -0.657 0.329 -0.017 -0.842 0.399 -0.005 -0.805 0.371 -0.115 -0.383 0.216 0.267 -0.421 0.188 -0.022 -0.372 0.237 0.021 -0.337 
0.996 0.003 0.043 0.073 0.939 -0.045 0.336 0.062 0.765 -0.040 -0.606 0.607 0.365 -0.644 0.314 -0.011 -0.850 0.391 0.001 -0.812 0.376 -0.107 -0.380 0.225 0.270 -0.414 0.164 -0.015 -0.383 0.224 0.021 -0.346 
0.996 0.005 0.048 0.081 0.938 -0.048 0.337 0.059 0.764 -0.050 -0.608 0.616 0.372 -0.631 0.308 -0.015 -0.854 0.392 -0.004 -0.813 0.375 -0.111 -0.380 0.230 0.274 -0.408 0.157 -0.017 -0.386 0.223 0.020 -0.347 
0.995 0.006 0.031 0.093 0.947 -0.071 0.309 0.043 0.740 -0.019 -0.647 0.587 0.435 -0.625 0.234 0.012 -0.877 0.340 0.022 -0.832 0.364 -0.078 -0.398 0.214 0.292 -0.405 0.106 0.001 -0.403 0.201 0.033 -0.359 
0.996 0.005 0.028 0.083 0.945 -0.056 0.316 0.066 0.747 -0.059 -0.630 0.623 0.394 -0.615 0.244 -0.023 -0.875 0.355 -0.014 -0.826 0.361 -0.107 -0.395 0.238 0.277 -0.401 0.116 -0.015 -0.401 0.214 0.015 -0.353 
0.996 0.007 0.031 0.082 0.948 -0.061 0.305 0.062 0.730 -0.043 -0.650 0.615 0.395 -0.625 0.235 -0.015 -0.877 0.346 -0.008 -0.830 0.350 -0.098 -0.406 0.233 0.281 -0.403 0.112 -0.011 -0.402 0.211 0.019 -0.354 
0.998 0.006 0.031 0.057 0.946 -0.054 0.310 0.083 0.730 -0.065 -0.643 0.641 0.354 -0.623 0.255 -0.024 -0.873 0.353 -0.013 -0.829 0.343 -0.115 -0.409 0.254 0.267 -0.398 0.130 -0.017 -0.396 0.217 0.017 -0.350 
