0.999 -0.003 -0.021 0.030 0.988 0.001 0.002 -0.152 0.099 -0.204 -0.972 0.217 0.158 -0.957 0.076 -0.081 -0.903 0.040 0.141 -0.871 0.036 -0.119 -0.530 0.059 0.095 -0.533 0.014 -0.042 -0.414 -0.015 0.058 -0.409 
0.999 -0.001 -0.032 0.029 0.989 -0.003 0.003 -0.150 0.129 -0.183 -0.970 0.211 0.161 -0.957 0.064 -0.074 -0.902 0.032 0.153 -0.872 0.036 -0.114 -0.531 0.055 0.099 -0.532 0.018 -0.036 -0.415 -0.019 0.061 -0.408 
1.000 -0.002 -0.020 0.016 0.989 -0.005 0.000 -0.146 0.129 -0.172 -0.970 0.152 0.167 -0.963 0.065 -0.068 -0.905 0.031 0.150 -0.876 0.022 -0.112 -0.533 0.009 0.110 -0.533 0.024 -0.033 -0.415 -0.010 0.065 -0.408 
1.000 -0.003 -0.024 0.017 0.988 -0.007 -0.003 -0.155 0.132 -0.184 -0.970 0.055 0.183 -0.971 0.058 -0.069 -0.901 0.013 0.146 -0.868 0.038 -0.112 -0.531 -0.045 0.116 -0.530 0.006 -0.038 -0.415 -0.031 0.058 -0.408 
1.000 -0.003 -0.027 0.012 0.990 -0.007 0.003 -0.142 0.124 -0.190 -0.968 0.053 0.184 -0.968 0.058 -0.068 -0.903 0.019 0.151 -0.870 0.022 -0.119 -0.531 -0.053 0.118 -0.529 -0.002 -0.036 -0.415 -0.031 0.059 -0.408 
1.000 -0.003 -0.027 0.012 0.990 -0.010 -0.001 -0.144 0.112 -0.187 -0.970 0.043 0.188 -0.968 0.051 -0.066 -0.904 0.011 0.153 -0.869 0.016 -0.117 -0.532 -0.058 0.120 -0.528 -0.006 -0.035 -0.415 -0.034 0.060 -0.407 
1.000 -0.003 -0.027 0.010 0.990 -0.007 0.000 -0.141 0.115 -0.195 -0.968 0.059 0.181 -0.968 0.052 -0.072 -0.903 0.016 0.149 -0.869 0.017 -0.121 -0.531 -0.050 0.117 -0.529 -0.004 -0.037 -0.415 -0.033 0.058 -0.407 
1.000 -0.003 -0.027 0.010 0.990 -0.007 -0.001 -0.142 0.115 -0.194 -0.969 0.058 0.181 -0.968 0.050 -0.071 -0.904 0.015 0.149 -0.869 0.017 -0.120 -0.531 -0.051 0.117 -0.529 -0.005 -0.037 -0.415 -0.034 0.058 -0.407 
0.999 0.005 -0.030 0.028 0.987 -0.011 0.005 -0.159 0.122 -0.188 -0.970 0.083 0.195 -0.965 0.068 -0.063 -0.897 0.010 0.156 -0.868 0.030 -0.116 -0.531 -0.035 0.120 -0.530 0.006 -0.035 -0.415 -0.031 0.060 -0.407 
0.999 0.004 -0.031 0.029 0.988 -0.012 0.006 -0.151 0.093 -0.195 -0.973 0.112 0.183 -0.963 0.053 -0.058 -0.903 0.017 0.157 -0.862 0.021 -0.117 -0.531 -0.023 0.112 -0.532 0.001 -0.033 -0.415 -0.036 0.062 -0.407 
0.999 0.004 -0.031 0.029 0.988 -0.016 0.003 -0.153 0.088 -0.191 -0.974 0.103 0.189 -0.963 0.046 -0.054 -0.904 0.006 0.161 -0.862 0.019 -0.115 -0.532 -0.028 0.115 -0.531 -0.002 -0.031 -0.416 -0.040 0.064 -0.406 
0.999 -0.001 -0.032 0.016 0.988 -0.014 0.007 -0.151 0.120 -0.219 -0.965 0.117 0.182 -0.965 0.064 -0.055 -0.898 0.021 0.159 -0.861 0.039 -0.129 -0.527 -0.012 0.112 -0.533 0.005 -0.030 -0.416 -0.034 0.064 -0.407 
1.000 -0.002 -0.027 0.015 0.988 -0.012 0.007 -0.154 0.128 -0.211 -0.967 0.120 0.184 -0.966 0.071 -0.061 -0.898 0.021 0.157 -0.862 0.046 -0.124 -0.528 -0.004 0.113 -0.532 0.007 -0.032 -0.416 -0.030 0.063 -0.407 
1.000 -0.002 -0.026 0.015 0.988 -0.010 0.008 -0.152 0.124 -0.217 -0.966 0.121 0.180 -0.967 0.074 -0.065 -0.898 0.026 0.154 -0.862 0.044 -0.126 -0.528 -0.003 0.111 -0.533 0.009 -0.033 -0.415 -0.028 0.062 -0.407 
0.999 0.001 -0.035 0.020 0.988 -0.010 0.012 -0.153 0.128 -0.203 -0.968 0.120 0.181 -0.970 0.071 -0.063 -0.894 0.022 0.155 -0.862 0.051 -0.117 -0.529 0.006 0.108 -0.533 -0.000 -0.032 -0.416 -0.035 0.061 -0.407 
0.999 0.001 -0.035 0.020 0.988 -0.012 0.011 -0.154 0.125 -0.200 -0.970 0.117 0.184 -0.969 0.070 -0.060 -0.895 0.020 0.158 -0.861 0.049 -0.115 -0.530 0.004 0.110 -0.533 -0.001 -0.031 -0.416 -0.036 0.062 -0.407 
0.999 0.001 -0.035 0.020 0.988 -0.012 0.012 -0.154 0.127 -0.199 -0.969 0.119 0.185 -0.969 0.072 -0.059 -0.895 0.023 0.158 -0.861 0.050 -0.115 -0.530 0.005 0.110 -0.533 0.000 -0.031 -0.416 -0.035 0.062 -0.407 
1.000 0.002 -0.023 0.020 0.988 -0.013 0.012 -0.154 0.148 -0.182 -0.967 0.103 0.186 -0.967 0.084 -0.057 -0.895 0.037 0.163 -0.864 0.042 -0.113 -0.531 -0.016 0.116 -0.532 0.008 -0.030 -0.416 -0.029 0.063 -0.407 
0.999 0.001 -0.028 0.015 0.989 -0.013 0.012 -0.148 0.145 -0.189 -0.969 0.093 0.177 -0.973 0.076 -0.058 -0.894 0.042 0.159 -0.860 0.053 -0.112 -0.530 -0.008 0.108 -0.533 0.005 -0.030 -0.416 -0.033 0.061 -0.407 
0.999 0.001 -0.028 0.015 0.989 -0.012 0.013 -0.146 0.149 -0.191 -0.967 0.097 0.175 -0.973 0.077 -0.060 -0.894 0.044 0.157 -0.860 0.055 -0.113 -0.530 -0.006 0.107 -0.534 0.006 -0.031 -0.416 -0.032 0.060 -0.407 
1.000 -0.003 -0.024 0.019 0.987 -0.011 0.020 -0.159 0.172 -0.191 -0.963 0.092 0.171 -0.969 0.095 -0.060 -0.901 0.053 0.157 -0.861 0.062 -0.116 -0.528 -0.026 0.108 -0.533 0.017 -0.032 -0.415 -0.029 0.059 -0.408 
1.000 -0.004 -0.024 0.019 0.987 -0.012 0.020 -0.159 0.174 -0.187 -0.963 0.089 0.172 -0.970 0.095 -0.058 -0.901 0.057 0.160 -0.860 0.062 -0.114 -0.529 -0.028 0.108 -0.533 0.018 -0.032 -0.415 -0.028 0.060 -0.408 
1.000 -0.003 -0.024 0.019 0.987 -0.013 0.018 -0.160 0.168 -0.187 -0.964 0.085 0.172 -0.970 0.092 -0.058 -0.901 0.052 0.160 -0.860 0.060 -0.114 -0.529 -0.030 0.108 -0.533 0.016 -0.031 -0.415 -0.030 0.060 -0.407 
1.000 0.000 -0.009 0.027 0.988 -0.009 0.034 -0.148 0.122 -0.197 -0.970 0.096 0.178 -0.969 0.125 -0.061 -0.893 0.084 0.160 -0.861 0.039 -0.119 -0.530 -0.019 0.111 -0.532 0.027 -0.031 -0.415 -0.015 0.061 -0.408 
0.999 -0.002 0.002 0.033 0.987 -0.008 0.049 -0.153 0.121 -0.194 -0.971 0.114 0.191 -0.965 0.159 -0.058 -0.892 0.122 0.158 -0.854 0.045 -0.116 -0.530 -0.008 0.118 -0.532 0.047 -0.029 -0.413 -0.003 0.062 -0.408 
0.999 -0.007 0.009 0.037 0.983 -0.005 0.070 -0.168 0.141 -0.192 -0.968 0.106 0.183 -0.953 0.209 -0.056 -0.889 0.164 0.165 -0.850 0.048 -0.122 -0.529 -0.049 0.119 -0.529 0.069 -0.028 -0.410 0.012 0.063 -0.408 
0.999 0.003 0.028 0.038 0.986 0.007 0.087 -0.145 0.134 -0.146 -0.977 0.160 0.191 -0.957 0.250 -0.082 -0.875 0.223 0.140 -0.849 0.044 -0.097 -0.534 0.012 0.124 -0.530 0.097 -0.041 -0.403 0.040 0.052 -0.408 
0.999 -0.003 0.038 0.034 0.983 0.012 0.112 -0.142 0.139 -0.144 -0.973 0.164 0.186 -0.952 0.311 -0.095 -0.864 0.286 0.146 -0.833 0.032 -0.107 -0.533 0.002 0.128 -0.529 0.117 -0.043 -0.398 0.061 0.052 -0.405 
0.998 -0.004 0.048 0.043 0.981 0.024 0.124 -0.145 0.153 -0.153 -0.965 0.177 0.166 -0.949 0.349 -0.116 -0.844 0.313 0.123 -0.828 0.028 -0.125 -0.529 -0.001 0.120 -0.531 0.139 -0.058 -0.389 0.074 0.039 -0.404 
0.996 -0.005 0.062 0.060 0.976 0.032 0.153 -0.154 0.160 -0.163 -0.963 0.182 0.166 -0.947 0.419 -0.126 -0.813 0.377 0.112 -0.794 0.040 -0.135 -0.526 -0.001 0.119 -0.531 0.182 -0.066 -0.369 0.099 0.031 -0.400 
0.996 -0.005 0.074 0.049 0.975 0.036 0.178 -0.129 0.153 -0.165 -0.957 0.212 0.157 -0.943 0.463 -0.139 -0.782 0.433 0.108 -0.771 0.019 -0.151 -0.523 0.019 0.123 -0.530 0.196 -0.069 -0.361 0.133 0.030 -0.390 
0.995 -0.005 0.078 0.056 0.970 0.038 0.198 -0.137 0.158 -0.150 -0.960 0.203 0.150 -0.932 0.500 -0.132 -0.764 0.464 0.120 -0.747 0.031 -0.144 -0.524 -0.012 0.124 -0.530 0.215 -0.065 -0.351 0.147 0.031 -0.385 
0.994 0.004 0.099 0.051 0.963 0.040 0.223 -0.144 0.165 -0.159 -0.954 0.165 0.141 -0.947 0.558 -0.124 -0.726 0.504 0.116 -0.724 0.028 -0.158 -0.520 -0.019 0.122 -0.530 0.240 -0.065 -0.334 0.164 0.029 -0.378 
0.994 0.007 0.100 0.045 0.961 0.040 0.233 -0.147 0.177 -0.162 -0.952 0.129 0.146 -0.959 0.574 -0.122 -0.713 0.517 0.122 -0.722 0.036 -0.157 -0.520 -0.025 0.124 -0.529 0.246 -0.063 -0.330 0.171 0.031 -0.374 
0.992 -0.006 0.112 0.056 0.954 0.044 0.255 -0.149 0.146 -0.175 -0.953 0.111 0.129 -0.961 0.611 -0.118 -0.684 0.558 0.122 -0.684 0.022 -0.174 -0.515 -0.042 0.113 -0.531 0.264 -0.063 -0.316 0.184 0.030 -0.368 
0.991 0.005 0.133 0.026 0.949 0.052 0.285 -0.124 0.160 -0.179 -0.935 0.072 0.134 -0.962 0.659 -0.148 -0.621 0.623 0.098 -0.636 0.001 -0.194 -0.509 -0.054 0.140 -0.523 0.286 -0.075 -0.294 0.230 0.030 -0.341 
0.989 0.008 0.137 0.052 0.945 0.055 0.291 -0.135 0.162 -0.185 -0.936 0.071 0.146 -0.962 0.669 -0.141 -0.611 0.629 0.104 -0.612 0.014 -0.199 -0.506 -0.056 0.138 -0.524 0.282 -0.072 -0.298 0.215 0.028 -0.351 
0.988 0.008 0.153 0.022 0.941 0.055 0.310 -0.127 0.189 -0.154 -0.932 0.044 0.153 -0.964 0.703 -0.135 -0.567 0.662 0.108 -0.585 0.018 -0.185 -0.512 -0.057 0.153 -0.519 0.292 -0.065 -0.290 0.234 0.029 -0.339 
0.981 0.020 0.191 0.031 0.938 0.052 0.319 -0.126 0.191 -0.152 -0.939 0.061 0.182 -0.955 0.727 -0.128 -0.547 0.702 0.121 -0.545 0.041 -0.185 -0.510 -0.042 0.183 -0.511 0.309 -0.066 -0.271 0.252 0.035 -0.325 
0.979 0.016 0.203 0.024 0.938 0.059 0.320 -0.118 0.186 -0.164 -0.939 0.079 0.191 -0.944 0.736 -0.147 -0.539 0.714 0.111 -0.547 0.046 -0.192 -0.507 -0.037 0.204 -0.504 0.307 -0.070 -0.273 0.260 0.031 -0.319 
0.977 -0.003 0.213 0.026 0.924 0.058 0.355 -0.128 0.179 -0.143 -0.939 0.115 0.192 -0.944 0.775 -0.123 -0.475 0.742 0.128 -0.489 0.048 -0.194 -0.506 -0.018 0.196 -0.507 0.326 -0.060 -0.253 0.278 0.038 -0.303 
0.974 -0.005 0.223 0.032 0.922 0.054 0.360 -0.133 0.163 -0.143 -0.950 0.112 0.198 -0.946 0.778 -0.106 -0.475 0.742 0.141 -0.482 0.051 -0.181 -0.511 -0.016 0.195 -0.508 0.323 -0.051 -0.259 0.277 0.043 -0.302 
0.973 0.004 0.228 0.032 0.916 0.051 0.379 -0.124 0.164 -0.131 -0.947 0.160 0.184 -0.927 0.797 -0.100 -0.446 0.763 0.144 -0.438 0.041 -0.181 -0.512 -0.007 0.207 -0.503 0.332 -0.045 -0.249 0.284 0.044 -0.296 
0.969 -0.017 0.246 0.009 0.906 0.063 0.398 -0.128 0.231 -0.069 -0.907 0.197 0.158 -0.905 0.827 -0.117 -0.400 0.792 0.134 -0.416 0.079 -0.202 -0.499 0.006 0.225 -0.496 0.354 -0.065 -0.211 0.298 0.036 -0.284 
0.960 -0.019 0.278 0.014 0.910 0.053 0.387 -0.138 0.112 -0.115 -0.961 0.161 0.175 -0.925 0.826 -0.093 -0.433 0.783 0.160 -0.436 0.046 -0.173 -0.515 0.005 0.218 -0.499 0.347 -0.055 -0.224 0.293 0.050 -0.286 
0.962 -0.032 0.272 0.001 0.902 0.081 0.410 -0.109 0.164 -0.059 -0.926 0.267 0.113 -0.885 0.843 -0.170 -0.363 0.821 0.087 -0.381 0.058 -0.195 -0.505 0.052 0.216 -0.497 0.360 -0.089 -0.190 0.328 0.028 -0.248 
0.958 -0.028 0.287 0.004 0.899 0.078 0.417 -0.108 0.108 -0.064 -0.964 0.271 0.119 -0.898 0.851 -0.151 -0.332 0.827 0.091 -0.363 0.047 -0.151 -0.521 0.069 0.208 -0.499 0.369 -0.083 -0.175 0.346 0.036 -0.222 
0.960 -0.021 0.281 -0.007 0.895 0.077 0.428 -0.100 0.165 -0.024 -0.939 0.298 0.108 -0.883 0.855 -0.164 -0.308 0.842 0.085 -0.343 0.063 -0.160 -0.517 0.093 0.217 -0.490 0.372 -0.089 -0.165 0.350 0.030 -0.216 
0.962 -0.032 0.271 0.006 0.890 0.085 0.432 -0.122 0.141 0.001 -0.925 0.346 0.075 -0.840 0.860 -0.174 -0.307 0.840 0.085 -0.344 0.061 -0.174 -0.512 0.084 0.213 -0.494 0.375 -0.108 -0.147 0.354 0.028 -0.210 
0.962 -0.032 0.270 0.006 0.889 0.084 0.432 -0.125 0.155 0.007 -0.923 0.349 0.075 -0.838 0.860 -0.170 -0.308 0.840 0.089 -0.343 0.070 -0.171 -0.512 0.085 0.213 -0.494 0.375 -0.106 -0.147 0.354 0.029 -0.210 
0.953 -0.035 0.302 0.005 0.898 0.085 0.410 -0.133 0.137 -0.017 -0.945 0.324 0.078 -0.863 0.862 -0.173 -0.342 0.834 0.096 -0.377 0.091 -0.156 -0.514 0.097 0.213 -0.491 0.373 -0.108 -0.151 0.348 0.031 -0.220 
0.954 -0.031 0.299 -0.019 0.902 0.085 0.405 -0.121 0.361 0.044 -0.854 0.327 0.074 -0.875 0.853 -0.194 -0.352 0.842 0.077 -0.376 0.208 -0.161 -0.477 0.132 0.208 -0.485 0.370 -0.120 -0.151 0.354 0.025 -0.211 
0.954 -0.039 0.296 -0.017 0.905 0.091 0.398 -0.117 0.547 0.142 -0.730 0.367 0.068 -0.852 0.839 -0.214 -0.362 0.841 0.063 -0.386 0.337 -0.110 -0.414 0.138 0.209 -0.484 0.366 -0.133 -0.148 0.349 0.020 -0.219 
0.949 -0.009 0.315 0.004 0.908 0.079 0.393 -0.126 0.723 0.002 -0.661 0.351 0.109 -0.891 0.839 -0.182 -0.355 0.828 0.086 -0.377 0.404 -0.097 -0.352 0.147 0.186 -0.490 0.373 -0.123 -0.139 0.356 0.039 -0.205 
0.949 -0.009 0.314 0.004 0.907 0.078 0.393 -0.126 0.723 0.004 -0.661 0.351 0.110 -0.891 0.840 -0.180 -0.355 0.828 0.088 -0.376 0.404 -0.096 -0.352 0.147 0.186 -0.490 0.374 -0.122 -0.138 0.356 0.040 -0.204 
0.953 -0.035 0.299 -0.026 0.897 0.094 0.417 -0.108 0.526 0.059 -0.796 0.390 0.056 -0.881 0.841 -0.212 -0.314 0.845 0.045 -0.344 0.291 -0.114 -0.446 0.166 0.153 -0.495 0.370 -0.137 -0.135 0.360 0.016 -0.201 
0.950 -0.059 0.303 -0.046 0.908 0.079 0.397 -0.109 0.583 0.093 -0.753 0.426 0.074 -0.858 0.838 -0.179 -0.344 0.836 0.073 -0.369 0.346 -0.092 -0.411 0.184 0.169 -0.484 0.374 -0.118 -0.140 0.362 0.037 -0.194 
0.953 -0.066 0.290 -0.056 0.923 0.056 0.364 -0.111 0.468 0.028 -0.845 0.435 0.154 -0.858 0.825 -0.126 -0.382 0.823 0.112 -0.379 0.256 -0.113 -0.468 0.203 0.193 -0.467 0.379 -0.093 -0.148 0.365 0.071 -0.180 
0.967 -0.019 0.252 0.015 0.921 0.032 0.365 -0.130 0.329 -0.070 -0.933 0.380 0.231 -0.874 0.806 -0.045 -0.430 0.771 0.190 -0.423 0.165 -0.101 -0.509 0.153 0.208 -0.479 0.356 -0.037 -0.214 0.329 0.102 -0.227 
0.968 -0.024 0.247 0.040 0.935 0.041 0.326 -0.135 0.328 -0.104 -0.927 0.435 0.185 -0.865 0.782 -0.080 -0.476 0.757 0.160 -0.460 0.173 -0.128 -0.500 0.188 0.171 -0.481 0.355 -0.058 -0.211 0.326 0.085 -0.238 
0.983 0.007 0.181 0.025 0.945 0.049 0.296 -0.133 0.362 -0.130 -0.914 0.407 0.180 -0.878 0.721 -0.120 -0.542 0.688 0.125 -0.550 0.169 -0.124 -0.503 0.162 0.163 -0.493 0.314 -0.075 -0.264 0.279 0.053 -0.300 
0.989 0.012 0.145 0.024 0.963 0.042 0.234 -0.125 0.424 -0.147 -0.885 0.449 0.187 -0.861 0.640 -0.129 -0.632 0.615 0.120 -0.632 0.198 -0.128 -0.491 0.191 0.156 -0.485 0.283 -0.082 -0.295 0.246 0.051 -0.327 
0.994 0.002 0.104 0.045 0.966 0.035 0.197 -0.165 0.421 -0.132 -0.885 0.382 0.156 -0.891 0.566 -0.108 -0.704 0.518 0.139 -0.694 0.186 -0.127 -0.496 0.126 0.123 -0.515 0.225 -0.060 -0.346 0.169 0.039 -0.375 
0.995 0.001 0.089 0.050 0.966 0.024 0.190 -0.175 0.408 -0.109 -0.896 0.363 0.168 -0.891 0.550 -0.076 -0.718 0.479 0.166 -0.715 0.180 -0.107 -0.503 0.101 0.128 -0.519 0.205 -0.036 -0.361 0.146 0.048 -0.383 
0.996 0.010 0.076 0.044 0.973 0.013 0.158 -0.170 0.290 -0.124 -0.939 0.258 0.182 -0.912 0.428 -0.069 -0.777 0.364 0.176 -0.764 0.107 -0.107 -0.523 0.015 0.129 -0.529 0.070 -0.001 -0.411 0.013 0.033 -0.411 
0.998 0.001 0.054 0.027 0.978 0.021 0.105 -0.179 0.321 -0.160 -0.927 0.234 0.164 -0.919 0.334 -0.083 -0.806 0.268 0.140 -0.803 0.134 -0.112 -0.516 -0.003 0.116 -0.532 0.002 -0.015 -0.417 -0.038 0.014 -0.411 
0.998 -0.003 0.049 0.028 0.982 0.016 0.084 -0.168 0.287 -0.169 -0.939 0.205 0.154 -0.946 0.297 -0.083 -0.835 0.238 0.142 -0.831 0.125 -0.111 -0.518 0.016 0.105 -0.534 0.011 -0.013 -0.417 -0.010 0.025 -0.412 
1.000 -0.000 0.027 0.013 0.987 0.015 0.070 -0.145 0.314 -0.187 -0.923 0.236 0.155 -0.941 0.262 -0.093 -0.855 0.226 0.141 -0.840 0.120 -0.127 -0.516 0.037 0.108 -0.532 0.028 -0.021 -0.415 0.002 0.030 -0.412 
1.000 -0.002 0.012 0.016 0.989 0.022 0.064 -0.133 0.327 -0.168 -0.919 0.316 0.170 -0.911 0.248 -0.114 -0.857 0.217 0.116 -0.843 0.119 -0.120 -0.518 0.076 0.116 -0.526 0.036 -0.032 -0.414 0.008 0.021 -0.412 
1.000 -0.004 0.007 0.017 0.992 0.020 0.054 -0.108 0.303 -0.201 -0.922 0.352 0.164 -0.905 0.229 -0.115 -0.863 0.219 0.116 -0.847 0.109 -0.136 -0.516 0.110 0.111 -0.521 0.033 -0.032 -0.414 0.031 0.030 -0.411 
1.000 -0.005 -0.004 0.004 0.994 0.016 0.037 -0.104 0.275 -0.204 -0.933 0.334 0.175 -0.916 0.197 -0.105 -0.867 0.184 0.124 -0.851 0.104 -0.128 -0.519 0.114 0.114 -0.520 0.021 -0.032 -0.415 0.023 0.036 -0.411 
1.000 -0.005 -0.005 0.005 0.994 0.015 0.036 -0.104 0.278 -0.202 -0.933 0.334 0.177 -0.915 0.197 -0.104 -0.868 0.183 0.124 -0.851 0.104 -0.128 -0.519 0.114 0.115 -0.519 0.021 -0.031 -0.415 0.023 0.036 -0.411 
1.000 -0.004 -0.019 -0.009 0.996 0.011 0.020 -0.092 0.283 -0.222 -0.922 0.333 0.166 -0.922 0.140 -0.103 -0.879 0.144 0.117 -0.859 0.088 -0.139 -0.519 0.130 0.107 -0.517 0.008 -0.035 -0.415 0.009 0.036 -0.411 
1.000 0.000 -0.024 -0.003 0.994 0.005 0.016 -0.109 0.262 -0.210 -0.932 0.316 0.195 -0.921 0.138 -0.085 -0.882 0.116 0.135 -0.863 0.082 -0.132 -0.522 0.116 0.123 -0.517 0.010 -0.029 -0.416 0.001 0.044 -0.410 
1.000 0.006 -0.013 0.014 0.994 0.000 0.005 -0.111 0.257 -0.224 -0.930 0.320 0.214 -0.917 0.116 -0.075 -0.890 0.105 0.137 -0.865 0.079 -0.143 -0.519 0.122 0.131 -0.514 0.018 -0.034 -0.415 -0.008 0.048 -0.410 
1.000 0.006 -0.013 0.015 0.994 0.001 0.006 -0.111 0.258 -0.225 -0.929 0.317 0.213 -0.918 0.119 -0.076 -0.889 0.107 0.136 -0.865 0.080 -0.144 -0.519 0.121 0.130 -0.514 0.019 -0.034 -0.415 -0.007 0.047 -0.410 
1.000 0.006 -0.013 0.016 0.994 0.001 0.006 -0.110 0.248 -0.227 -0.932 0.310 0.216 -0.921 0.123 -0.076 -0.888 0.110 0.136 -0.864 0.077 -0.144 -0.519 0.118 0.131 -0.515 0.021 -0.034 -0.415 -0.006 0.047 -0.410 
0.999 0.008 -0.034 0.026 0.992 -0.002 -0.003 -0.124 0.266 -0.213 -0.929 0.267 0.229 -0.928 0.089 -0.065 -0.892 0.072 0.146 -0.861 0.081 -0.137 -0.521 0.082 0.138 -0.520 0.012 -0.030 -0.416 -0.023 0.050 -0.409 
0.999 0.007 -0.034 0.035 0.991 -0.004 -0.012 -0.133 0.250 -0.208 -0.930 0.246 0.239 -0.930 0.065 -0.064 -0.897 0.043 0.143 -0.863 0.060 -0.140 -0.523 0.066 0.142 -0.521 -0.001 -0.032 -0.416 -0.037 0.050 -0.408 
0.999 0.003 -0.045 0.007 0.993 -0.004 -0.015 -0.115 0.262 -0.198 -0.929 0.250 0.232 -0.927 0.050 -0.063 -0.896 0.039 0.146 -0.866 0.065 -0.127 -0.526 0.058 0.144 -0.522 -0.009 -0.029 -0.416 -0.042 0.051 -0.407 
0.999 0.007 -0.036 0.038 0.992 -0.008 -0.018 -0.128 0.256 -0.189 -0.940 0.252 0.252 -0.922 0.046 -0.057 -0.896 0.024 0.153 -0.866 0.086 -0.123 -0.523 0.061 0.150 -0.520 -0.001 -0.029 -0.416 -0.039 0.055 -0.407 
0.999 0.008 -0.043 0.031 0.992 -0.006 -0.016 -0.128 0.254 -0.193 -0.936 0.257 0.253 -0.924 0.050 -0.059 -0.890 0.023 0.146 -0.864 0.070 -0.125 -0.525 0.075 0.149 -0.518 -0.003 -0.031 -0.416 -0.046 0.053 -0.407 
0.998 0.010 -0.043 0.046 0.991 -0.005 -0.016 -0.133 0.241 -0.188 -0.939 0.258 0.248 -0.913 0.041 -0.064 -0.897 0.019 0.143 -0.865 0.062 -0.127 -0.526 0.044 0.148 -0.522 0.000 -0.032 -0.416 -0.050 0.051 -0.407 
0.998 0.012 -0.044 0.052 0.990 -0.007 -0.014 -0.142 0.261 -0.179 -0.940 0.255 0.257 -0.917 0.041 -0.061 -0.899 0.020 0.153 -0.859 0.086 -0.119 -0.524 0.054 0.150 -0.521 -0.001 -0.031 -0.416 -0.055 0.052 -0.406 
0.999 0.011 -0.037 0.029 0.990 -0.004 -0.017 -0.137 0.266 -0.180 -0.937 0.233 0.253 -0.923 0.053 -0.062 -0.891 0.013 0.145 -0.868 0.083 -0.118 -0.525 0.040 0.153 -0.521 -0.007 -0.030 -0.416 -0.052 0.051 -0.406 
0.999 0.019 -0.037 0.034 0.989 0.001 -0.006 -0.145 0.303 -0.171 -0.923 0.210 0.257 -0.920 0.079 -0.074 -0.889 0.033 0.142 -0.872 0.091 -0.118 -0.524 0.012 0.158 -0.521 0.007 -0.034 -0.415 -0.049 0.046 -0.407 
1.000 0.016 -0.023 0.013 0.989 0.015 -0.010 -0.148 0.288 -0.184 -0.934 0.174 0.267 -0.936 0.069 -0.104 -0.891 0.034 0.107 -0.875 0.114 -0.113 -0.520 0.018 0.165 -0.519 0.015 -0.050 -0.414 -0.045 0.035 -0.409 
0.999 0.029 -0.021 0.015 0.988 0.029 -0.000 -0.151 0.285 -0.187 -0.937 0.156 0.268 -0.936 0.102 -0.138 -0.876 0.052 0.082 -0.877 0.126 -0.111 -0.518 0.001 0.168 -0.518 0.022 -0.062 -0.411 -0.041 0.022 -0.410 
0.999 0.036 -0.005 0.002 0.986 0.039 0.001 -0.163 0.289 -0.171 -0.937 0.084 0.291 -0.933 0.112 -0.151 -0.875 0.068 0.068 -0.888 0.117 -0.105 -0.521 -0.052 0.189 -0.508 0.026 -0.070 -0.410 -0.046 0.014 -0.410 
0.999 0.040 -0.001 -0.001 0.985 0.044 0.008 -0.164 0.309 -0.174 -0.930 0.045 0.310 -0.936 0.137 -0.153 -0.869 0.083 0.057 -0.889 0.128 -0.106 -0.519 -0.057 0.197 -0.505 0.040 -0.073 -0.408 -0.034 0.011 -0.411 
0.999 0.048 0.004 -0.015 0.988 0.057 0.017 -0.145 0.283 -0.188 -0.936 0.039 0.322 -0.929 0.149 -0.178 -0.860 0.109 0.038 -0.891 0.116 -0.112 -0.520 -0.067 0.208 -0.499 0.043 -0.084 -0.406 -0.021 0.005 -0.412 
0.998 0.053 0.013 -0.012 0.987 0.063 0.019 -0.148 0.275 -0.187 -0.939 0.015 0.331 -0.926 0.160 -0.193 -0.856 0.121 0.025 -0.891 0.115 -0.111 -0.521 -0.079 0.213 -0.495 0.046 -0.090 -0.404 -0.019 -0.000 -0.412 
0.998 0.063 0.027 0.002 0.987 0.066 0.020 -0.145 0.244 -0.189 -0.949 0.011 0.356 -0.926 0.165 -0.198 -0.850 0.129 0.019 -0.888 0.107 -0.110 -0.523 -0.058 0.218 -0.496 0.048 -0.095 -0.403 -0.014 -0.003 -0.412 
0.996 0.074 0.043 0.026 0.988 0.085 0.023 -0.130 0.199 -0.219 -0.952 0.047 0.385 -0.908 0.182 -0.229 -0.837 0.147 -0.016 -0.886 0.079 -0.128 -0.524 -0.053 0.237 -0.487 0.053 -0.112 -0.398 -0.001 -0.018 -0.412 
0.995 0.079 0.041 0.034 0.987 0.100 0.042 -0.122 0.198 -0.232 -0.948 0.074 0.400 -0.897 0.215 -0.259 -0.819 0.184 -0.040 -0.878 0.071 -0.139 -0.522 -0.046 0.245 -0.484 0.062 -0.123 -0.393 0.009 -0.029 -0.411 
0.993 0.094 0.056 0.048 0.985 0.118 0.052 -0.119 0.212 -0.264 -0.937 0.089 0.416 -0.885 0.240 -0.297 -0.798 0.212 -0.079 -0.871 0.082 -0.155 -0.515 -0.046 0.258 -0.478 0.079 -0.142 -0.383 0.018 -0.049 -0.409 
0.992 0.099 0.064 0.046 0.982 0.141 0.069 -0.107 0.201 -0.292 -0.932 0.077 0.425 -0.877 0.275 -0.337 -0.762 0.264 -0.115 -0.853 0.084 -0.168 -0.511 -0.060 0.270 -0.470 0.117 -0.164 -0.365 0.059 -0.060 -0.404 
0.992 0.103 0.060 0.043 0.979 0.152 0.085 -0.103 0.227 -0.297 -0.924 0.104 0.434 -0.860 0.302 -0.354 -0.742 0.285 -0.128 -0.846 0.100 -0.172 -0.507 -0.063 0.279 -0.464 0.125 -0.171 -0.359 0.069 -0.066 -0.401 
0.991 0.106 0.066 0.038 0.973 0.180 0.102 -0.106 0.257 -0.310 -0.912 0.028 0.435 -0.872 0.345 -0.391 -0.688 0.328 -0.171 -0.811 0.114 -0.178 -0.501 -0.090 0.279 -0.459 0.159 -0.194 -0.332 0.087 -0.088 -0.393 
0.991 0.108 0.075 0.036 0.972 0.186 0.103 -0.101 0.255 -0.322 -0.910 0.011 0.445 -0.871 0.343 -0.403 -0.679 0.332 -0.185 -0.807 0.137 -0.177 -0.496 -0.094 0.282 -0.457 0.161 -0.199 -0.328 0.085 -0.091 -0.393 
0.990 0.110 0.077 0.028 0.966 0.208 0.116 -0.100 0.268 -0.326 -0.903 -0.001 0.429 -0.864 0.368 -0.424 -0.650 0.360 -0.215 -0.796 0.122 -0.188 -0.496 -0.123 0.286 -0.447 0.174 -0.212 -0.313 0.100 -0.102 -0.386 
0.988 0.106 0.093 0.055 0.959 0.220 0.131 -0.118 0.296 -0.332 -0.892 -0.030 0.432 -0.871 0.405 -0.420 -0.626 0.393 -0.218 -0.775 0.140 -0.194 -0.489 -0.127 0.279 -0.451 0.194 -0.213 -0.300 0.112 -0.107 -0.382 
0.988 0.111 0.095 0.052 0.956 0.227 0.129 -0.131 0.294 -0.324 -0.895 -0.066 0.419 -0.872 0.404 -0.425 -0.624 0.388 -0.225 -0.783 0.140 -0.189 -0.490 -0.153 0.272 -0.447 0.191 -0.218 -0.298 0.107 -0.108 -0.383 
0.987 0.107 0.106 0.063 0.954 0.229 0.131 -0.145 0.300 -0.303 -0.902 -0.091 0.412 -0.880 0.432 -0.419 -0.620 0.397 -0.218 -0.785 0.163 -0.165 -0.492 -0.154 0.266 -0.451 0.209 -0.210 -0.292 0.117 -0.102 -0.382 
0.985 0.104 0.112 0.086 0.946 0.222 0.158 -0.174 0.351 -0.249 -0.898 -0.067 0.394 -0.876 0.492 -0.371 -0.609 0.445 -0.173 -0.772 0.211 -0.112 -0.489 -0.168 0.257 -0.451 0.249 -0.182 -0.279 0.148 -0.080 -0.376 
0.983 0.101 0.117 0.099 0.944 0.222 0.152 -0.189 0.344 -0.237 -0.904 -0.108 0.401 -0.877 0.493 -0.373 -0.614 0.435 -0.168 -0.769 0.206 -0.104 -0.493 -0.177 0.254 -0.449 0.241 -0.187 -0.283 0.138 -0.082 -0.379 
0.984 0.108 0.117 0.081 0.945 0.227 0.150 -0.181 0.318 -0.234 -0.915 -0.110 0.402 -0.883 0.488 -0.376 -0.603 0.422 -0.183 -0.777 0.193 -0.106 -0.498 -0.162 0.256 -0.453 0.234 -0.192 -0.286 0.134 -0.086 -0.380 
0.984 0.092 0.116 0.095 0.941 0.227 0.158 -0.195 0.333 -0.217 -0.914 -0.080 0.401 -0.875 0.506 -0.371 -0.598 0.454 -0.166 -0.758 0.199 -0.093 -0.498 -0.169 0.256 -0.451 0.248 -0.180 -0.281 0.142 -0.082 -0.378 
0.985 0.093 0.118 0.080 0.940 0.231 0.156 -0.194 0.334 -0.211 -0.914 -0.083 0.402 -0.875 0.503 -0.376 -0.596 0.451 -0.172 -0.763 0.204 -0.084 -0.498 -0.168 0.261 -0.448 0.249 -0.185 -0.277 0.138 -0.082 -0.379 
0.985 0.104 0.117 0.078 0.943 0.231 0.149 -0.190 0.326 -0.212 -0.918 -0.078 0.403 -0.878 0.489 -0.381 -0.608 0.432 -0.176 -0.777 0.191 -0.099 -0.500 -0.160 0.265 -0.450 0.238 -0.188 -0.285 0.134 -0.081 -0.381 
0.985 0.100 0.114 0.077 0.942 0.232 0.149 -0.190 0.325 -0.210 -0.920 -0.047 0.416 -0.864 0.488 -0.382 -0.607 0.427 -0.181 -0.782 0.186 -0.104 -0.501 -0.161 0.273 -0.445 0.237 -0.189 -0.285 0.131 -0.083 -0.382 
0.986 0.097 0.118 0.069 0.942 0.234 0.150 -0.188 0.295 -0.220 -0.926 -0.070 0.411 -0.871 0.489 -0.383 -0.606 0.440 -0.181 -0.772 0.178 -0.099 -0.505 -0.163 0.270 -0.445 0.241 -0.189 -0.281 0.137 -0.084 -0.379 
0.986 0.094 0.118 0.073 0.943 0.232 0.150 -0.185 0.249 -0.230 -0.936 -0.069 0.411 -0.872 0.489 -0.377 -0.608 0.435 -0.179 -0.778 0.159 -0.096 -0.512 -0.160 0.269 -0.447 0.242 -0.185 -0.284 0.143 -0.078 -0.378 
0.987 0.098 0.109 0.072 0.944 0.226 0.148 -0.189 0.278 -0.203 -0.936 -0.044 0.420 -0.863 0.476 -0.369 -0.623 0.414 -0.170 -0.796 0.169 -0.090 -0.510 -0.156 0.277 -0.443 0.238 -0.180 -0.290 0.134 -0.075 -0.383 
0.988 0.109 0.093 0.058 0.951 0.220 0.139 -0.167 0.242 -0.206 -0.946 -0.051 0.417 -0.865 0.437 -0.374 -0.639 0.400 -0.167 -0.797 0.135 -0.110 -0.516 -0.158 0.277 -0.443 0.213 -0.183 -0.307 0.115 -0.078 -0.388 
0.992 0.101 0.078 0.013 0.961 0.210 0.125 -0.130 0.239 -0.199 -0.947 0.017 0.373 -0.886 0.395 -0.383 -0.669 0.370 -0.170 -0.812 0.102 -0.123 -0.520 -0.113 0.271 -0.459 0.190 -0.187 -0.319 0.113 -0.076 -0.389 
0.994 0.087 0.070 0.018 0.965 0.192 0.125 -0.131 0.201 -0.244 -0.947 0.063 0.367 -0.896 0.395 -0.353 -0.687 0.365 -0.138 -0.815 0.109 -0.133 -0.516 -0.077 0.255 -0.476 0.196 -0.173 -0.324 0.120 -0.064 -0.389 
0.994 0.081 0.068 0.029 0.968 0.167 0.127 -0.135 0.225 -0.249 -0.940 0.093 0.367 -0.896 0.393 -0.306 -0.722 0.354 -0.088 -0.827 0.121 -0.137 -0.513 -0.058 0.250 -0.481 0.191 -0.149 -0.338 0.119 -0.044 -0.392 
0.997 0.060 0.049 0.018 0.975 0.148 0.112 -0.120 0.240 -0.259 -0.934 0.146 0.334 -0.899 0.350 -0.278 -0.752 0.315 -0.061 -0.845 0.128 -0.143 -0.510 -0.036 0.231 -0.492 0.170 -0.136 -0.355 0.105 -0.030 -0.398 
0.997 0.043 0.043 0.042 0.979 0.121 0.105 -0.126 0.262 -0.284 -0.921 0.173 0.327 -0.894 0.321 -0.225 -0.788 0.298 -0.002 -0.846 0.141 -0.156 -0.502 -0.029 0.216 -0.499 0.150 -0.105 -0.374 0.093 -0.004 -0.402 
0.998 0.035 0.043 0.026 0.983 0.085 0.096 -0.134 0.287 -0.240 -0.925 0.224 0.294 -0.897 0.311 -0.172 -0.810 0.268 0.049 -0.853 0.136 -0.144 -0.507 0.006 0.202 -0.506 0.137 -0.088 -0.383 0.080 0.015 -0.405 
0.999 0.021 0.036 0.030 0.985 0.074 0.089 -0.126 0.253 -0.234 -0.937 0.213 0.304 -0.904 0.285 -0.161 -0.820 0.258 0.061 -0.847 0.126 -0.136 -0.512 0.013 0.197 -0.508 0.119 -0.080 -0.391 0.080 0.024 -0.404 
0.998 0.018 0.025 0.046 0.986 0.054 0.090 -0.128 0.257 -0.222 -0.936 0.228 0.283 -0.915 0.288 -0.130 -0.828 0.251 0.094 -0.838 0.109 -0.140 -0.515 0.039 0.178 -0.513 0.112 -0.068 -0.396 0.077 0.034 -0.404 
0.999 0.001 0.017 0.040 0.989 0.046 0.084 -0.116 0.280 -0.226 -0.927 0.264 0.263 -0.917 0.272 -0.126 -0.839 0.245 0.100 -0.834 0.116 -0.145 -0.512 0.073 0.164 -0.514 0.106 -0.068 -0.397 0.079 0.036 -0.403 
0.999 -0.008 0.000 0.035 0.991 0.014 0.090 -0.102 0.239 -0.175 -0.947 0.274 0.260 -0.914 0.257 -0.087 -0.853 0.237 0.145 -0.828 0.076 -0.124 -0.525 0.079 0.161 -0.514 0.094 -0.046 -0.404 0.075 0.054 -0.402 
1.000 -0.015 0.003 0.026 0.991 0.006 0.097 -0.089 0.233 -0.162 -0.946 0.287 0.233 -0.920 0.275 -0.081 -0.858 0.261 0.150 -0.819 0.061 -0.123 -0.527 0.092 0.148 -0.516 0.101 -0.043 -0.402 0.096 0.057 -0.397 
0.999 -0.033 0.009 0.025 0.992 -0.010 0.091 -0.088 0.227 -0.198 -0.944 0.273 0.234 -0.928 0.257 -0.050 -0.866 0.244 0.177 -0.813 0.067 -0.138 -0.523 0.100 0.142 -0.516 0.091 -0.028 -0.406 0.082 0.073 -0.398 
0.998 -0.054 0.025 0.014 0.992 -0.038 0.094 -0.070 0.178 -0.234 -0.947 0.263 0.229 -0.932 0.270 -0.012 -0.865 0.270 0.209 -0.794 0.041 -0.159 -0.520 0.094 0.139 -0.518 0.098 -0.012 -0.405 0.101 0.093 -0.389 
0.998 -0.060 0.029 -0.007 0.991 -0.050 0.098 -0.076 0.186 -0.255 -0.929 0.263 0.234 -0.932 0.278 0.011 -0.866 0.283 0.221 -0.783 0.017 -0.179 -0.514 0.100 0.142 -0.515 0.105 -0.010 -0.403 0.108 0.099 -0.386 
0.998 -0.062 0.029 -0.005 0.991 -0.052 0.101 -0.073 0.187 -0.255 -0.929 0.264 0.227 -0.933 0.281 0.009 -0.865 0.285 0.220 -0.783 0.017 -0.179 -0.514 0.100 0.139 -0.516 0.107 -0.010 -0.403 0.110 0.099 -0.385 
0.997 -0.072 0.034 0.002 0.989 -0.070 0.104 -0.076 0.142 -0.275 -0.937 0.242 0.217 -0.940 0.285 0.032 -0.867 0.285 0.242 -0.778 0.009 -0.189 -0.511 0.082 0.133 -0.521 0.113 -0.001 -0.401 0.118 0.114 -0.379 
0.996 -0.086 0.036 -0.014 0.989 -0.079 0.103 -0.069 0.137 -0.278 -0.930 0.247 0.226 -0.931 0.273 0.044 -0.872 0.288 0.251 -0.774 -0.012 -0.195 -0.509 0.066 0.144 -0.520 0.110 0.007 -0.402 0.114 0.122 -0.378 
0.995 -0.090 0.035 -0.014 0.988 -0.090 0.100 -0.081 0.138 -0.283 -0.936 0.215 0.240 -0.933 0.265 0.068 -0.874 0.268 0.276 -0.766 0.006 -0.189 -0.511 0.040 0.152 -0.521 0.105 0.021 -0.403 0.100 0.135 -0.377 
0.995 -0.091 0.037 -0.014 0.985 -0.109 0.111 -0.072 0.083 -0.290 -0.937 0.248 0.273 -0.925 0.277 0.094 -0.871 0.290 0.294 -0.751 -0.034 -0.195 -0.508 0.092 0.160 -0.512 0.110 0.034 -0.401 0.109 0.141 -0.372 
0.995 -0.092 0.043 -0.002 0.982 -0.126 0.124 -0.058 0.049 -0.266 -0.942 0.285 0.281 -0.914 0.296 0.124 -0.866 0.309 0.324 -0.730 -0.062 -0.187 -0.508 0.127 0.162 -0.503 0.116 0.050 -0.398 0.125 0.158 -0.360 
0.994 -0.097 0.041 -0.015 0.982 -0.132 0.128 -0.052 0.053 -0.279 -0.930 0.286 0.261 -0.916 0.306 0.135 -0.862 0.327 0.331 -0.715 -0.080 -0.196 -0.503 0.109 0.160 -0.508 0.122 0.053 -0.395 0.127 0.162 -0.358 
0.995 -0.094 0.042 -0.011 0.980 -0.144 0.131 -0.051 0.016 -0.264 -0.935 0.274 0.294 -0.910 0.314 0.154 -0.852 0.324 0.348 -0.704 -0.101 -0.187 -0.502 0.104 0.177 -0.504 0.122 0.065 -0.393 0.128 0.174 -0.352 
0.993 -0.107 0.046 -0.035 0.977 -0.154 0.136 -0.054 0.019 -0.292 -0.928 0.269 0.287 -0.918 0.316 0.167 -0.855 0.333 0.357 -0.698 -0.098 -0.195 -0.500 0.126 0.165 -0.502 0.128 0.062 -0.392 0.135 0.172 -0.350 
0.990 -0.119 0.057 -0.051 0.975 -0.167 0.143 -0.038 0.016 -0.304 -0.903 0.279 0.285 -0.916 0.339 0.178 -0.848 0.362 0.371 -0.688 -0.137 -0.209 -0.485 0.139 0.163 -0.500 0.136 0.067 -0.388 0.158 0.176 -0.338 
0.988 -0.127 0.064 -0.058 0.971 -0.181 0.153 -0.041 -0.022 -0.326 -0.896 0.312 0.296 -0.899 0.358 0.202 -0.840 0.377 0.394 -0.665 -0.155 -0.223 -0.473 0.138 0.179 -0.494 0.143 0.081 -0.383 0.170 0.187 -0.326 
0.987 -0.134 0.072 -0.052 0.968 -0.197 0.152 -0.034 -0.071 -0.340 -0.889 0.291 0.313 -0.903 0.356 0.224 -0.837 0.377 0.413 -0.648 -0.180 -0.229 -0.461 0.142 0.179 -0.493 0.139 0.090 -0.383 0.167 0.199 -0.320 
0.983 -0.120 0.106 -0.094 0.955 -0.217 0.196 0.045 -0.070 -0.275 -0.868 0.413 0.158 -0.889 0.439 0.229 -0.810 0.511 0.399 -0.592 -0.236 -0.197 -0.452 0.192 0.133 -0.490 0.166 0.105 -0.367 0.238 0.196 -0.273 
0.980 -0.136 0.118 -0.085 0.957 -0.219 0.185 0.036 -0.224 -0.296 -0.878 0.259 0.284 -0.921 0.420 0.226 -0.817 0.492 0.391 -0.603 -0.266 -0.189 -0.438 0.145 0.149 -0.501 0.162 0.096 -0.372 0.223 0.196 -0.286 
0.982 -0.140 0.109 -0.070 0.953 -0.231 0.196 0.013 -0.192 -0.321 -0.862 0.270 0.315 -0.908 0.441 0.244 -0.795 0.494 0.424 -0.570 -0.266 -0.217 -0.425 0.143 0.175 -0.494 0.180 0.099 -0.363 0.221 0.211 -0.276 
0.980 -0.133 0.113 -0.093 0.947 -0.237 0.214 0.028 -0.150 -0.296 -0.856 0.293 0.301 -0.905 0.479 0.243 -0.772 0.530 0.421 -0.546 -0.274 -0.195 -0.430 0.149 0.176 -0.491 0.193 0.103 -0.355 0.243 0.206 -0.261 
0.982 -0.144 0.091 -0.077 0.945 -0.248 0.211 -0.010 -0.059 -0.362 -0.823 0.227 0.358 -0.904 0.470 0.265 -0.747 0.529 0.370 -0.574 -0.235 -0.268 -0.413 0.118 0.199 -0.491 0.201 0.101 -0.351 0.276 0.161 -0.261 
0.981 -0.101 0.137 -0.098 0.927 -0.227 0.270 0.128 -0.063 -0.253 -0.857 0.363 0.178 -0.899 0.583 0.152 -0.731 0.672 0.306 -0.504 -0.249 -0.196 -0.446 0.169 0.170 -0.486 0.239 0.074 -0.333 0.318 0.145 -0.218 
0.971 -0.111 0.151 -0.148 0.932 -0.225 0.257 0.120 -0.130 -0.267 -0.835 0.293 0.175 -0.935 0.566 0.149 -0.747 0.652 0.313 -0.531 -0.301 -0.164 -0.425 0.152 0.134 -0.503 0.221 0.074 -0.345 0.308 0.146 -0.231 
0.974 -0.140 0.152 -0.098 0.942 -0.220 0.246 0.067 -0.234 -0.245 -0.849 0.314 0.221 -0.915 0.542 0.174 -0.764 0.610 0.341 -0.544 -0.315 -0.189 -0.404 0.141 0.169 -0.496 0.221 0.073 -0.346 0.277 0.168 -0.255 
0.973 -0.139 0.160 -0.089 0.943 -0.223 0.238 0.061 -0.266 -0.272 -0.862 0.240 0.249 -0.933 0.536 0.178 -0.767 0.599 0.346 -0.550 -0.292 -0.206 -0.413 0.108 0.172 -0.503 0.218 0.074 -0.347 0.272 0.171 -0.258 
0.977 -0.125 0.152 -0.087 0.947 -0.215 0.235 0.044 -0.204 -0.270 -0.890 0.206 0.270 -0.938 0.521 0.167 -0.777 0.576 0.342 -0.565 -0.248 -0.202 -0.442 0.101 0.164 -0.508 0.215 0.059 -0.352 0.268 0.165 -0.266 
0.976 -0.112 0.152 -0.104 0.944 -0.212 0.245 0.058 -0.224 -0.229 -0.894 0.202 0.296 -0.932 0.535 0.152 -0.760 0.600 0.319 -0.552 -0.271 -0.160 -0.446 0.113 0.154 -0.508 0.220 0.059 -0.349 0.276 0.160 -0.260 
0.978 -0.135 0.133 -0.087 0.953 -0.184 0.239 0.025 -0.157 -0.259 -0.900 0.177 0.315 -0.930 0.515 0.113 -0.779 0.563 0.294 -0.589 -0.232 -0.188 -0.457 0.102 0.165 -0.507 0.221 0.025 -0.353 0.256 0.145 -0.288 
0.984 -0.119 0.117 -0.063 0.954 -0.182 0.237 0.021 -0.183 -0.221 -0.917 0.297 0.316 -0.900 0.519 0.103 -0.779 0.553 0.297 -0.592 -0.227 -0.168 -0.467 0.161 0.172 -0.489 0.215 0.032 -0.356 0.250 0.144 -0.294 
0.986 -0.117 0.107 -0.061 0.958 -0.178 0.226 -0.001 -0.124 -0.286 -0.907 0.261 0.329 -0.905 0.492 0.106 -0.793 0.521 0.305 -0.616 -0.196 -0.209 -0.464 0.125 0.192 -0.492 0.210 0.027 -0.359 0.229 0.148 -0.309 
0.988 -0.111 0.089 -0.057 0.962 -0.168 0.213 -0.026 -0.036 -0.279 -0.901 0.245 0.357 -0.895 0.471 0.103 -0.795 0.488 0.308 -0.630 -0.170 -0.218 -0.471 0.096 0.219 -0.487 0.208 0.022 -0.361 0.209 0.152 -0.321 
0.990 -0.111 0.083 -0.032 0.964 -0.160 0.210 -0.039 -0.032 -0.248 -0.921 0.245 0.359 -0.894 0.465 0.097 -0.796 0.492 0.294 -0.631 -0.149 -0.206 -0.483 0.093 0.218 -0.489 0.210 0.019 -0.360 0.201 0.147 -0.328 
0.991 -0.103 0.074 -0.042 0.968 -0.150 0.193 -0.050 0.035 -0.276 -0.912 0.231 0.358 -0.898 0.432 0.084 -0.812 0.461 0.284 -0.655 -0.118 -0.214 -0.488 0.077 0.218 -0.492 0.196 0.016 -0.368 0.170 0.140 -0.349 
0.992 -0.098 0.066 -0.038 0.971 -0.139 0.186 -0.058 0.065 -0.283 -0.910 0.239 0.353 -0.899 0.422 0.066 -0.816 0.444 0.264 -0.669 -0.101 -0.212 -0.492 0.086 0.212 -0.493 0.187 0.012 -0.373 0.156 0.132 -0.358 
0.993 -0.091 0.060 -0.038 0.975 -0.124 0.176 -0.046 0.033 -0.293 -0.911 0.232 0.346 -0.901 0.388 0.033 -0.830 0.434 0.232 -0.687 -0.114 -0.217 -0.487 0.071 0.211 -0.496 0.173 -0.002 -0.379 0.146 0.116 -0.368 
0.995 -0.081 0.054 -0.006 0.978 -0.110 0.160 -0.076 0.064 -0.278 -0.919 0.238 0.342 -0.900 0.372 0.021 -0.839 0.406 0.236 -0.711 -0.084 -0.215 -0.494 0.068 0.206 -0.499 0.160 -0.004 -0.385 0.113 0.109 -0.382 
0.997 -0.064 0.043 -0.013 0.983 -0.092 0.150 -0.060 0.075 -0.243 -0.928 0.240 0.329 -0.904 0.348 -0.011 -0.847 0.392 0.205 -0.732 -0.085 -0.186 -0.505 0.069 0.203 -0.500 0.149 -0.013 -0.389 0.100 0.094 -0.389 
0.998 -0.049 0.037 -0.029 0.985 -0.084 0.137 -0.062 0.089 -0.241 -0.913 0.221 0.331 -0.913 0.319 -0.021 -0.859 0.362 0.195 -0.751 -0.102 -0.179 -0.505 0.079 0.200 -0.499 0.132 -0.020 -0.395 0.082 0.087 -0.395 
0.998 -0.046 0.036 -0.015 0.988 -0.066 0.121 -0.072 0.097 -0.266 -0.937 0.218 0.316 -0.919 0.292 -0.050 -0.856 0.332 0.174 -0.766 -0.041 -0.184 -0.511 0.077 0.187 -0.505 0.124 -0.033 -0.397 0.070 0.074 -0.400 
0.999 -0.023 0.029 -0.002 0.989 -0.054 0.112 -0.081 0.109 -0.206 -0.942 0.203 0.312 -0.925 0.282 -0.055 -0.864 0.316 0.168 -0.777 -0.052 -0.154 -0.520 0.073 0.185 -0.506 0.112 -0.034 -0.400 0.056 0.066 -0.404 
0.999 -0.023 0.027 -0.002 0.989 -0.054 0.111 -0.082 0.116 -0.204 -0.941 0.211 0.315 -0.922 0.280 -0.055 -0.864 0.314 0.169 -0.778 -0.049 -0.153 -0.521 0.076 0.187 -0.505 0.111 -0.034 -0.401 0.055 0.066 -0.404 
0.999 -0.023 0.027 -0.002 0.989 -0.054 0.111 -0.082 0.116 -0.204 -0.941 0.211 0.315 -0.922 0.280 -0.055 -0.864 0.314 0.169 -0.778 -0.049 -0.153 -0.521 0.076 0.187 -0.505 0.111 -0.034 -0.401 0.055 0.066 -0.404 
0.999 -0.027 0.020 -0.001 0.990 -0.046 0.111 -0.074 0.133 -0.180 -0.958 0.267 0.294 -0.912 0.287 -0.064 -0.857 0.314 0.167 -0.788 -0.009 -0.133 -0.528 0.094 0.180 -0.505 0.109 -0.028 -0.401 0.085 0.071 -0.398 
0.999 -0.034 0.023 -0.028 0.991 -0.037 0.110 -0.063 0.129 -0.179 -0.963 0.242 0.274 -0.926 0.281 -0.072 -0.853 0.321 0.157 -0.790 -0.003 -0.122 -0.531 0.087 0.171 -0.509 0.106 -0.025 -0.403 0.100 0.073 -0.394 
0.999 -0.030 0.019 -0.010 0.990 -0.034 0.114 -0.074 0.108 -0.157 -0.967 0.269 0.246 -0.929 0.293 -0.067 -0.852 0.332 0.159 -0.786 -0.019 -0.114 -0.533 0.112 0.150 -0.511 0.113 -0.024 -0.401 0.101 0.071 -0.394 
0.999 -0.045 0.023 -0.003 0.989 -0.036 0.118 -0.083 0.131 -0.176 -0.954 0.243 0.211 -0.938 0.310 -0.045 -0.859 0.338 0.179 -0.776 -0.022 -0.136 -0.527 0.071 0.139 -0.521 0.124 -0.023 -0.397 0.096 0.076 -0.394 
0.999 -0.043 0.032 -0.005 0.986 -0.045 0.137 -0.083 0.105 -0.199 -0.948 0.284 0.218 -0.925 0.362 -0.022 -0.826 0.383 0.207 -0.746 -0.042 -0.155 -0.521 0.096 0.146 -0.515 0.161 -0.021 -0.384 0.135 0.093 -0.379 
0.998 -0.050 0.041 -0.020 0.984 -0.059 0.153 -0.062 0.070 -0.204 -0.937 0.302 0.232 -0.919 0.388 0.002 -0.815 0.420 0.230 -0.717 -0.090 -0.160 -0.513 0.119 0.153 -0.508 0.171 -0.006 -0.380 0.151 0.109 -0.369 
0.997 -0.062 0.046 -0.015 0.982 -0.066 0.163 -0.070 0.034 -0.208 -0.935 0.307 0.231 -0.918 0.419 0.017 -0.804 0.435 0.247 -0.700 -0.111 -0.170 -0.506 0.124 0.149 -0.508 0.183 -0.005 -0.374 0.167 0.118 -0.359 
0.995 -0.065 0.062 -0.032 0.983 -0.069 0.164 -0.047 0.026 -0.214 -0.935 0.318 0.214 -0.921 0.413 0.022 -0.809 0.459 0.242 -0.696 -0.116 -0.167 -0.506 0.143 0.139 -0.506 0.190 -0.002 -0.371 0.179 0.122 -0.351 
0.995 -0.064 0.067 -0.022 0.978 -0.083 0.186 -0.035 -0.060 -0.174 -0.951 0.330 0.227 -0.909 0.473 0.048 -0.764 0.500 0.265 -0.645 -0.146 -0.145 -0.505 0.136 0.155 -0.503 0.210 0.015 -0.360 0.205 0.137 -0.331 
0.996 -0.063 0.065 -0.025 0.976 -0.089 0.192 -0.040 -0.031 -0.162 -0.949 0.322 0.214 -0.914 0.484 0.061 -0.758 0.494 0.288 -0.637 -0.139 -0.142 -0.508 0.129 0.152 -0.506 0.214 0.018 -0.357 0.208 0.144 -0.326 
0.994 -0.065 0.080 -0.035 0.972 -0.108 0.207 -0.033 -0.045 -0.119 -0.942 0.327 0.218 -0.915 0.506 0.091 -0.750 0.526 0.302 -0.595 -0.171 -0.114 -0.505 0.149 0.147 -0.501 0.224 0.033 -0.350 0.224 0.159 -0.308 
0.992 -0.062 0.099 -0.054 0.969 -0.126 0.211 -0.007 -0.147 -0.141 -0.952 0.339 0.243 -0.907 0.520 0.117 -0.723 0.543 0.320 -0.566 -0.187 -0.114 -0.500 0.168 0.152 -0.494 0.226 0.054 -0.346 0.237 0.176 -0.288 
0.983 -0.094 0.124 -0.100 0.965 -0.136 0.224 -0.003 -0.137 -0.190 -0.944 0.336 0.264 -0.898 0.549 0.132 -0.700 0.582 0.328 -0.530 -0.184 -0.143 -0.494 0.156 0.183 -0.487 0.248 0.059 -0.330 0.258 0.185 -0.263 
0.980 -0.093 0.137 -0.107 0.964 -0.141 0.224 0.007 -0.104 -0.229 -0.921 0.317 0.272 -0.905 0.559 0.127 -0.707 0.595 0.331 -0.530 -0.197 -0.169 -0.480 0.155 0.180 -0.488 0.248 0.051 -0.331 0.262 0.182 -0.261 
0.979 -0.085 0.148 -0.110 0.961 -0.150 0.228 0.032 -0.113 -0.217 -0.925 0.301 0.263 -0.913 0.563 0.131 -0.707 0.610 0.336 -0.518 -0.200 -0.162 -0.482 0.152 0.172 -0.492 0.245 0.057 -0.332 0.278 0.185 -0.241 
0.977 -0.077 0.155 -0.122 0.957 -0.154 0.244 0.042 -0.181 -0.196 -0.908 0.302 0.266 -0.911 0.582 0.117 -0.690 0.636 0.324 -0.495 -0.252 -0.148 -0.461 0.155 0.178 -0.489 0.260 0.045 -0.323 0.293 0.183 -0.224 
0.970 -0.094 0.175 -0.139 0.952 -0.143 0.264 0.056 -0.094 -0.300 -0.853 0.305 0.239 -0.919 0.605 0.064 -0.689 0.677 0.290 -0.493 -0.248 -0.226 -0.431 0.159 0.159 -0.494 0.269 0.013 -0.319 0.312 0.157 -0.219 
0.972 -0.079 0.179 -0.130 0.949 -0.149 0.269 0.063 -0.088 -0.297 -0.856 0.280 0.180 -0.942 0.612 0.049 -0.689 0.694 0.271 -0.481 -0.242 -0.228 -0.433 0.151 0.106 -0.511 0.269 0.002 -0.319 0.322 0.142 -0.214 
0.964 -0.096 0.193 -0.158 0.947 -0.155 0.273 0.061 -0.031 -0.302 -0.849 0.227 0.218 -0.947 0.615 0.055 -0.691 0.707 0.271 -0.477 -0.225 -0.224 -0.445 0.122 0.135 -0.511 0.263 0.011 -0.324 0.320 0.145 -0.215 
0.957 -0.114 0.220 -0.150 0.941 -0.160 0.294 0.053 0.056 -0.377 -0.837 0.360 0.262 -0.892 0.647 0.069 -0.652 0.725 0.284 -0.439 -0.139 -0.305 -0.432 0.188 0.173 -0.479 0.278 0.023 -0.310 0.327 0.157 -0.196 
0.960 -0.097 0.217 -0.148 0.933 -0.164 0.319 0.039 0.062 -0.365 -0.841 0.273 0.297 -0.912 0.682 0.063 -0.604 0.742 0.286 -0.387 -0.139 -0.294 -0.439 0.145 0.185 -0.489 0.294 0.018 -0.295 0.339 0.153 -0.178 
0.964 -0.090 0.210 -0.138 0.931 -0.150 0.329 0.049 0.080 -0.300 -0.827 0.283 0.150 -0.938 0.685 0.028 -0.619 0.763 0.254 -0.399 -0.161 -0.277 -0.442 0.146 0.143 -0.503 0.285 0.013 -0.304 0.336 0.138 -0.194 
0.958 -0.115 0.210 -0.161 0.930 -0.122 0.346 0.014 0.150 -0.370 -0.773 0.374 0.311 -0.871 0.712 -0.032 -0.573 0.762 0.212 -0.380 -0.134 -0.321 -0.421 0.197 0.197 -0.466 0.312 -0.047 -0.274 0.355 0.105 -0.182 
0.969 -0.097 0.199 -0.106 0.926 -0.099 0.364 -0.002 0.232 -0.278 -0.743 0.453 0.262 -0.840 0.729 -0.066 -0.550 0.777 0.181 -0.386 -0.094 -0.325 -0.429 0.223 0.206 -0.450 0.321 -0.067 -0.258 0.358 0.094 -0.182 
0.966 -0.096 0.215 -0.109 0.922 -0.093 0.376 0.001 0.216 -0.222 -0.772 0.510 0.242 -0.802 0.741 -0.067 -0.543 0.789 0.172 -0.381 -0.092 -0.301 -0.447 0.246 0.221 -0.431 0.325 -0.063 -0.254 0.361 0.092 -0.178 
0.971 -0.086 0.204 -0.095 0.909 -0.080 0.409 -0.020 0.277 -0.171 -0.788 0.523 0.313 -0.778 0.774 -0.077 -0.480 0.800 0.160 -0.337 -0.046 -0.256 -0.480 0.259 0.238 -0.414 0.341 -0.073 -0.229 0.368 0.081 -0.167 
0.971 -0.085 0.204 -0.095 0.909 -0.081 0.408 -0.023 0.287 -0.161 -0.787 0.520 0.315 -0.779 0.775 -0.073 -0.480 0.798 0.165 -0.340 -0.037 -0.253 -0.482 0.258 0.239 -0.414 0.341 -0.072 -0.229 0.368 0.084 -0.168 
0.965 -0.097 0.216 -0.114 0.912 -0.014 0.407 -0.056 0.275 -0.205 -0.807 0.480 0.260 -0.827 0.769 -0.192 -0.463 0.797 0.078 -0.380 -0.004 -0.294 -0.459 0.240 0.204 -0.443 0.334 -0.150 -0.199 0.359 0.024 -0.201 
0.963 -0.104 0.222 -0.115 0.914 0.016 0.397 -0.077 0.264 -0.227 -0.800 0.455 0.228 -0.852 0.763 -0.246 -0.453 0.789 0.033 -0.408 0.007 -0.325 -0.437 0.231 0.183 -0.457 0.328 -0.185 -0.180 0.361 -0.004 -0.199 
0.962 -0.109 0.229 -0.105 0.916 0.040 0.387 -0.099 0.169 -0.234 -0.844 0.468 0.218 -0.845 0.746 -0.278 -0.456 0.786 0.019 -0.419 -0.004 -0.329 -0.434 0.231 0.186 -0.456 0.325 -0.206 -0.161 0.348 -0.013 -0.221 
0.978 -0.052 0.193 -0.053 0.911 0.020 0.399 -0.100 0.392 -0.095 -0.853 0.506 0.285 -0.798 0.771 -0.184 -0.418 0.776 0.094 -0.375 0.113 -0.177 -0.503 0.238 0.229 -0.432 0.348 -0.143 -0.179 0.350 0.046 -0.213 
0.966 -0.042 0.247 -0.068 0.916 0.035 0.382 -0.116 0.320 -0.061 -0.932 0.505 0.253 -0.812 0.768 -0.189 -0.405 0.798 0.078 -0.368 0.143 -0.106 -0.515 0.261 0.210 -0.429 0.371 -0.144 -0.124 0.359 0.042 -0.199 
0.959 -0.053 0.266 -0.079 0.919 0.046 0.371 -0.125 0.290 -0.067 -0.946 0.496 0.241 -0.820 0.767 -0.198 -0.409 0.792 0.071 -0.389 0.143 -0.098 -0.517 0.257 0.208 -0.432 0.372 -0.150 -0.115 0.358 0.036 -0.202 
0.959 -0.058 0.265 -0.082 0.907 0.065 0.380 -0.167 0.347 -0.085 -0.927 0.463 0.245 -0.841 0.778 -0.186 -0.383 0.786 0.066 -0.391 0.176 -0.098 -0.506 0.235 0.200 -0.449 0.375 -0.147 -0.108 0.348 0.031 -0.220 
0.961 -0.055 0.260 -0.075 0.891 0.063 0.410 -0.188 0.374 -0.026 -0.918 0.631 0.125 -0.718 0.805 -0.131 -0.337 0.799 0.112 -0.343 0.190 -0.076 -0.505 0.305 0.194 -0.407 0.392 -0.116 -0.082 0.352 0.056 -0.208 
0.959 -0.056 0.267 -0.074 0.888 0.068 0.414 -0.191 0.387 -0.035 -0.915 0.589 0.159 -0.759 0.808 -0.125 -0.328 0.798 0.111 -0.337 0.201 -0.072 -0.501 0.284 0.194 -0.422 0.393 -0.114 -0.081 0.351 0.055 -0.210 
0.945 -0.055 0.292 -0.136 0.890 0.078 0.398 -0.209 0.475 -0.127 -0.870 0.843 0.099 -0.528 0.800 -0.107 -0.333 0.789 0.113 -0.363 0.263 -0.054 -0.474 0.455 0.075 -0.288 0.396 -0.104 -0.081 0.344 0.061 -0.220 
0.947 -0.047 0.286 -0.140 0.890 0.082 0.396 -0.212 0.478 -0.134 -0.867 0.760 0.160 -0.623 0.801 -0.108 -0.330 0.787 0.115 -0.365 0.267 -0.053 -0.472 0.406 0.133 -0.336 0.396 -0.103 -0.081 0.343 0.059 -0.222 
0.964 0.003 0.247 -0.097 0.886 0.087 0.391 -0.233 0.373 -0.026 -0.922 0.326 0.115 -0.882 0.815 -0.097 -0.376 0.768 0.159 -0.417 0.183 -0.057 -0.510 0.171 0.222 -0.467 0.394 -0.084 -0.105 0.327 0.073 -0.241 
0.966 0.004 0.238 -0.103 0.886 0.097 0.384 -0.240 0.431 -0.074 -0.895 0.262 0.161 -0.916 0.812 -0.100 -0.391 0.751 0.170 -0.453 0.213 -0.078 -0.495 0.133 0.217 -0.482 0.387 -0.078 -0.134 0.307 0.064 -0.269 
0.965 0.003 0.240 -0.108 0.879 0.132 0.383 -0.253 0.408 -0.317 -0.791 0.322 0.096 -0.870 0.827 -0.126 -0.370 0.750 0.132 -0.466 0.136 -0.307 -0.427 0.151 0.231 -0.471 0.383 -0.089 -0.137 0.300 0.040 -0.281 
0.966 -0.033 0.223 -0.123 0.877 0.175 0.326 -0.309 0.479 -0.380 -0.729 0.328 0.009 -0.907 0.784 -0.206 -0.428 0.677 0.037 -0.585 0.191 -0.337 -0.380 0.136 0.128 -0.512 0.359 -0.148 -0.150 0.270 -0.010 -0.312 
0.977 -0.009 0.206 -0.060 0.874 0.142 0.338 -0.320 0.450 -0.269 -0.832 0.346 0.058 -0.899 0.781 -0.121 -0.461 0.658 0.126 -0.598 0.211 -0.222 -0.449 0.126 0.146 -0.510 0.366 -0.093 -0.175 0.253 0.032 -0.324 
0.976 -0.023 0.203 -0.076 0.874 0.141 0.319 -0.338 0.453 -0.321 -0.811 0.320 0.045 -0.911 0.770 -0.108 -0.493 0.627 0.126 -0.629 0.210 -0.251 -0.434 0.110 0.135 -0.516 0.363 -0.085 -0.186 0.235 0.032 -0.338 
0.977 -0.026 0.203 -0.057 0.877 0.139 0.315 -0.338 0.509 -0.305 -0.786 0.381 0.060 -0.877 0.765 -0.086 -0.507 0.624 0.139 -0.644 0.249 -0.239 -0.419 0.125 0.146 -0.510 0.361 -0.069 -0.197 0.235 0.043 -0.337 
0.975 -0.016 0.209 -0.076 0.888 0.145 0.300 -0.318 0.496 -0.312 -0.775 0.373 0.021 -0.874 0.757 -0.124 -0.526 0.622 0.105 -0.672 0.223 -0.273 -0.414 0.135 0.147 -0.507 0.354 -0.085 -0.203 0.236 0.032 -0.337 
0.977 -0.037 0.198 -0.071 0.890 0.180 0.278 -0.316 0.449 -0.313 -0.812 0.385 -0.112 -0.871 0.752 -0.197 -0.501 0.624 0.022 -0.664 0.215 -0.258 -0.427 0.136 0.045 -0.525 0.356 -0.124 -0.178 0.248 -0.005 -0.329 
0.985 -0.025 0.167 -0.035 0.883 0.213 0.273 -0.318 0.476 -0.288 -0.812 0.455 -0.160 -0.811 0.758 -0.239 -0.435 0.632 -0.052 -0.626 0.234 -0.232 -0.432 0.138 -0.002 -0.526 0.357 -0.155 -0.149 0.262 -0.038 -0.316 
0.987 -0.016 0.154 -0.038 0.890 0.222 0.259 -0.303 0.487 -0.283 -0.806 0.474 -0.161 -0.794 0.739 -0.277 -0.440 0.630 -0.075 -0.635 0.238 -0.233 -0.430 0.150 0.009 -0.523 0.357 -0.165 -0.136 0.268 -0.041 -0.311 
0.988 0.045 0.148 0.011 0.903 0.195 0.249 -0.292 0.462 -0.242 -0.840 0.336 -0.047 -0.916 0.704 -0.257 -0.494 0.605 -0.039 -0.651 0.220 -0.190 -0.459 0.114 0.048 -0.530 0.341 -0.165 -0.173 0.257 -0.032 -0.321 
0.993 0.030 0.106 0.033 0.900 0.181 0.244 -0.312 0.425 -0.231 -0.865 0.437 -0.076 -0.816 0.693 -0.228 -0.529 0.570 -0.012 -0.679 0.208 -0.181 -0.469 0.088 0.012 -0.536 0.339 -0.146 -0.193 0.236 -0.019 -0.337 
0.992 0.051 0.099 0.054 0.904 0.162 0.232 -0.321 0.381 -0.173 -0.893 0.332 -0.006 -0.879 0.671 -0.196 -0.581 0.521 0.027 -0.722 0.177 -0.163 -0.487 0.030 0.043 -0.542 0.321 -0.129 -0.232 0.200 -0.021 -0.360 
0.993 0.058 0.095 0.049 0.914 0.174 0.197 -0.309 0.393 -0.151 -0.901 0.403 0.092 -0.842 0.624 -0.251 -0.611 0.484 -0.033 -0.761 0.196 -0.119 -0.493 0.076 0.121 -0.526 0.302 -0.145 -0.246 0.192 -0.036 -0.363 
0.993 0.063 0.082 0.059 0.915 0.177 0.190 -0.308 0.408 -0.128 -0.896 0.364 0.052 -0.859 0.619 -0.256 -0.605 0.482 -0.048 -0.757 0.200 -0.118 -0.492 0.044 0.086 -0.536 0.304 -0.155 -0.238 0.206 -0.036 -0.356 
0.995 0.064 0.067 0.048 0.922 0.171 0.183 -0.296 0.397 -0.099 -0.907 0.367 0.042 -0.845 0.606 -0.251 -0.616 0.478 -0.035 -0.764 0.197 -0.094 -0.499 0.035 0.089 -0.536 0.306 -0.140 -0.245 0.223 -0.008 -0.347 
0.994 0.086 0.063 0.033 0.937 0.174 0.160 -0.258 0.339 -0.164 -0.924 0.369 0.156 -0.821 0.554 -0.283 -0.643 0.437 -0.072 -0.787 0.172 -0.106 -0.505 0.029 0.172 -0.517 0.277 -0.151 -0.271 0.211 -0.008 -0.355 
0.994 0.092 0.056 0.020 0.945 0.168 0.142 -0.241 0.342 -0.140 -0.926 0.354 0.184 -0.817 0.511 -0.301 -0.675 0.408 -0.077 -0.815 0.164 -0.100 -0.509 0.020 0.199 -0.508 0.261 -0.151 -0.287 0.195 -0.006 -0.364 
0.995 0.094 0.040 -0.005 0.954 0.161 0.121 -0.223 0.302 -0.117 -0.944 0.325 0.202 -0.824 0.459 -0.306 -0.703 0.353 -0.077 -0.851 0.153 -0.075 -0.517 0.005 0.218 -0.500 0.250 -0.141 -0.301 0.184 0.006 -0.369 
0.993 0.107 0.017 0.035 0.964 0.140 0.093 -0.208 0.253 -0.085 -0.959 0.343 0.232 -0.824 0.388 -0.287 -0.758 0.270 -0.057 -0.889 0.103 -0.075 -0.530 0.017 0.204 -0.505 0.207 -0.130 -0.337 0.151 0.017 -0.384 
0.996 0.093 0.005 0.013 0.968 0.137 0.067 -0.201 0.234 -0.132 -0.958 0.304 0.158 -0.857 0.329 -0.289 -0.774 0.211 -0.069 -0.900 0.089 -0.100 -0.528 -0.005 0.158 -0.521 0.190 -0.127 -0.348 0.134 0.015 -0.390 
0.996 0.085 -0.016 0.004 0.968 0.127 0.057 -0.209 0.259 -0.134 -0.951 0.277 0.127 -0.860 0.307 -0.268 -0.790 0.175 -0.045 -0.909 0.101 -0.101 -0.526 -0.034 0.139 -0.525 0.181 -0.110 -0.358 0.124 0.025 -0.393 
0.997 0.069 -0.028 0.014 0.975 0.131 0.042 -0.177 0.240 -0.160 -0.949 0.285 0.185 -0.871 0.246 -0.283 -0.801 0.148 -0.059 -0.913 0.081 -0.120 -0.525 -0.007 0.154 -0.522 0.158 -0.110 -0.369 0.111 0.003 -0.397 
0.997 0.052 -0.027 0.049 0.978 0.110 0.014 -0.177 0.069 -0.237 -0.967 0.241 0.225 -0.882 0.178 -0.237 -0.829 0.085 -0.023 -0.911 0.045 -0.123 -0.528 -0.031 0.151 -0.522 0.126 -0.082 -0.389 0.079 0.033 -0.404 
0.998 0.034 -0.048 -0.003 0.984 0.100 -0.009 -0.145 0.214 -0.214 -0.936 0.223 0.101 -0.882 0.110 -0.222 -0.858 0.028 -0.013 -0.920 0.040 -0.153 -0.521 -0.066 0.110 -0.529 0.075 -0.078 -0.402 0.055 0.031 -0.408 
0.998 0.027 -0.050 -0.006 0.988 0.094 -0.014 -0.118 0.169 -0.207 -0.941 0.223 0.204 -0.883 0.076 -0.214 -0.855 0.022 -0.002 -0.916 -0.001 -0.149 -0.524 -0.047 0.167 -0.516 0.061 -0.079 -0.405 0.052 0.030 -0.408 
0.997 0.021 -0.069 -0.026 0.991 0.083 -0.027 -0.104 0.224 -0.213 -0.900 0.216 0.157 -0.881 0.032 -0.195 -0.869 -0.013 0.020 -0.920 -0.021 -0.155 -0.522 -0.063 0.150 -0.519 0.033 -0.072 -0.409 0.033 0.031 -0.410 
0.998 -0.008 -0.063 -0.008 0.992 0.073 -0.040 -0.097 0.295 -0.350 -0.832 0.200 0.176 -0.889 -0.002 -0.175 -0.875 -0.023 0.036 -0.907 0.020 -0.244 -0.487 -0.068 0.139 -0.522 0.019 -0.069 -0.411 0.020 0.032 -0.411 
0.998 -0.015 -0.068 -0.007 0.990 0.075 -0.047 -0.107 0.376 -0.402 -0.769 0.182 0.175 -0.887 -0.027 -0.180 -0.873 -0.043 0.032 -0.906 0.063 -0.276 -0.465 -0.087 0.134 -0.520 0.015 -0.073 -0.410 0.007 0.026 -0.412 
0.997 -0.026 -0.074 0.014 0.991 0.059 -0.056 -0.106 0.384 -0.425 -0.768 0.182 0.188 -0.890 -0.047 -0.151 -0.877 -0.062 0.069 -0.897 0.084 -0.284 -0.457 -0.082 0.119 -0.525 -0.003 -0.059 -0.413 -0.010 0.045 -0.410 
0.997 -0.021 -0.076 0.015 0.993 0.049 -0.056 -0.096 0.423 -0.401 -0.755 0.171 0.190 -0.902 -0.048 -0.128 -0.881 -0.068 0.095 -0.898 0.103 -0.273 -0.460 -0.077 0.121 -0.525 -0.006 -0.055 -0.413 -0.016 0.047 -0.410 
0.997 -0.027 -0.068 0.019 0.990 0.047 -0.061 -0.118 0.452 -0.432 -0.714 0.170 0.165 -0.892 -0.056 -0.126 -0.887 -0.081 0.096 -0.899 0.114 -0.302 -0.438 -0.096 0.106 -0.525 -0.001 -0.053 -0.413 -0.020 0.050 -0.409 
0.997 -0.036 -0.062 0.022 0.991 0.034 -0.064 -0.109 0.437 -0.442 -0.740 0.140 0.172 -0.919 -0.067 -0.096 -0.889 -0.080 0.123 -0.887 0.130 -0.293 -0.440 -0.085 0.103 -0.527 -0.013 -0.044 -0.414 -0.027 0.064 -0.407 
0.997 -0.037 -0.055 0.029 0.991 0.030 -0.059 -0.120 0.434 -0.462 -0.726 0.127 0.166 -0.909 -0.052 -0.087 -0.893 -0.080 0.136 -0.888 0.125 -0.312 -0.428 -0.109 0.100 -0.524 0.002 -0.039 -0.415 -0.026 0.071 -0.406 
0.996 -0.032 -0.048 0.063 0.990 0.018 -0.052 -0.127 0.359 -0.475 -0.781 0.145 0.179 -0.929 -0.013 -0.057 -0.891 -0.056 0.161 -0.875 0.119 -0.304 -0.436 -0.064 0.093 -0.532 0.005 -0.030 -0.416 -0.024 0.078 -0.405 
0.997 -0.040 -0.045 0.050 0.993 0.016 -0.036 -0.111 0.289 -0.476 -0.801 0.155 0.166 -0.926 0.009 -0.047 -0.896 -0.010 0.172 -0.871 0.066 -0.310 -0.442 -0.064 0.093 -0.532 0.020 -0.022 -0.416 -0.002 0.083 -0.404 
0.997 -0.039 -0.040 0.044 0.993 0.009 -0.029 -0.113 0.243 -0.436 -0.837 0.153 0.167 -0.924 0.025 -0.034 -0.901 -0.001 0.183 -0.868 0.037 -0.289 -0.460 -0.068 0.098 -0.531 0.026 -0.018 -0.416 0.001 0.088 -0.404 
0.998 -0.022 -0.046 0.044 0.995 -0.002 -0.019 -0.093 0.111 -0.244 -0.941 0.181 0.168 -0.933 0.033 -0.014 -0.909 0.039 0.205 -0.867 -0.031 -0.176 -0.514 -0.030 0.109 -0.532 0.034 -0.009 -0.416 0.015 0.096 -0.401 
0.997 -0.018 -0.043 0.062 0.994 -0.000 -0.017 -0.107 0.058 -0.235 -0.969 0.176 0.166 -0.950 0.056 -0.020 -0.895 0.038 0.196 -0.858 0.027 -0.131 -0.528 -0.003 0.095 -0.536 0.038 -0.013 -0.415 0.015 0.092 -0.402 
0.997 -0.017 -0.042 0.066 0.994 0.001 -0.022 -0.109 0.081 -0.242 -0.965 0.168 0.150 -0.949 0.039 -0.037 -0.901 0.028 0.189 -0.861 0.024 -0.144 -0.525 -0.019 0.085 -0.537 0.028 -0.022 -0.415 0.005 0.086 -0.404 
0.997 -0.017 -0.053 0.047 0.995 0.001 -0.027 -0.092 0.130 -0.195 -0.969 0.197 0.169 -0.940 0.026 -0.035 -0.899 0.021 0.181 -0.860 0.041 -0.121 -0.530 -0.002 0.099 -0.535 0.019 -0.021 -0.416 0.003 0.081 -0.405 
0.997 -0.017 -0.065 0.038 0.994 -0.001 -0.041 -0.097 0.138 -0.187 -0.967 0.178 0.173 -0.940 -0.012 -0.036 -0.898 -0.017 0.180 -0.858 0.032 -0.119 -0.531 -0.018 0.105 -0.534 0.007 -0.017 -0.417 -0.008 0.083 -0.404 
0.997 -0.022 -0.073 0.027 0.994 0.003 -0.049 -0.098 0.180 -0.230 -0.946 0.194 0.171 -0.929 -0.033 -0.047 -0.893 -0.046 0.170 -0.863 0.035 -0.148 -0.523 -0.024 0.106 -0.533 0.002 -0.019 -0.417 -0.017 0.082 -0.404 
0.996 -0.023 -0.079 0.028 0.994 0.002 -0.060 -0.091 0.197 -0.230 -0.938 0.195 0.181 -0.926 -0.067 -0.049 -0.893 -0.070 0.170 -0.856 0.031 -0.152 -0.522 -0.025 0.111 -0.532 -0.015 -0.020 -0.416 -0.023 0.081 -0.404 
0.995 -0.020 -0.094 0.027 0.993 -0.001 -0.074 -0.088 0.243 -0.240 -0.924 0.219 0.194 -0.920 -0.087 -0.045 -0.881 -0.109 0.173 -0.849 0.054 -0.156 -0.519 -0.007 0.115 -0.532 -0.023 -0.018 -0.416 -0.024 0.083 -0.404 
0.995 -0.020 -0.093 0.027 0.993 -0.002 -0.076 -0.088 0.240 -0.239 -0.925 0.216 0.196 -0.921 -0.090 -0.043 -0.881 -0.112 0.174 -0.849 0.053 -0.155 -0.519 -0.009 0.116 -0.532 -0.024 -0.017 -0.416 -0.026 0.084 -0.403 
0.991 -0.020 -0.130 -0.005 0.993 -0.004 -0.100 -0.061 0.375 -0.292 -0.809 0.252 0.197 -0.900 -0.171 -0.054 -0.866 -0.162 0.177 -0.838 0.050 -0.188 -0.509 -0.005 0.124 -0.530 -0.052 -0.023 -0.413 -0.040 0.077 -0.404 
0.990 -0.021 -0.141 -0.006 0.991 -0.003 -0.117 -0.069 0.444 -0.263 -0.789 0.251 0.211 -0.889 -0.209 -0.059 -0.855 -0.205 0.167 -0.829 0.099 -0.169 -0.508 -0.016 0.130 -0.528 -0.068 -0.026 -0.411 -0.045 0.075 -0.403 
0.989 -0.015 -0.144 -0.033 0.988 -0.003 -0.136 -0.067 0.457 -0.243 -0.760 0.243 0.223 -0.875 -0.257 -0.071 -0.849 -0.248 0.159 -0.833 0.084 -0.145 -0.518 -0.037 0.151 -0.521 -0.080 -0.032 -0.408 -0.069 0.074 -0.400 
0.988 -0.012 -0.149 -0.028 0.985 -0.007 -0.153 -0.075 0.360 -0.200 -0.824 0.239 0.242 -0.873 -0.289 -0.062 -0.837 -0.293 0.171 -0.818 0.021 -0.122 -0.531 -0.036 0.159 -0.519 -0.100 -0.027 -0.404 -0.078 0.087 -0.396 
0.989 -0.013 -0.146 -0.013 0.982 -0.009 -0.174 -0.077 0.385 -0.154 -0.860 0.186 0.295 -0.882 -0.329 -0.060 -0.817 -0.316 0.174 -0.797 0.076 -0.091 -0.532 -0.055 0.172 -0.513 -0.113 -0.023 -0.401 -0.094 0.097 -0.390 
0.990 -0.009 -0.138 -0.027 0.979 -0.008 -0.188 -0.082 0.348 -0.215 -0.776 0.152 0.298 -0.846 -0.383 -0.075 -0.821 -0.370 0.170 -0.807 -0.024 -0.130 -0.529 -0.119 0.197 -0.493 -0.135 -0.033 -0.393 -0.112 0.103 -0.384 
0.988 -0.012 -0.149 -0.029 0.977 -0.011 -0.191 -0.091 0.436 -0.224 -0.766 0.185 0.311 -0.848 -0.321 -0.087 -0.838 -0.377 0.179 -0.794 0.062 -0.136 -0.524 -0.087 0.199 -0.499 -0.135 -0.030 -0.393 -0.095 0.104 -0.388 
0.988 -0.012 -0.148 -0.029 0.977 -0.013 -0.194 -0.092 0.432 -0.221 -0.770 0.180 0.315 -0.848 -0.326 -0.084 -0.837 -0.381 0.182 -0.791 0.059 -0.134 -0.525 -0.090 0.201 -0.498 -0.137 -0.028 -0.393 -0.097 0.105 -0.387 
0.990 -0.000 -0.138 -0.042 0.970 -0.017 -0.223 -0.091 0.435 -0.254 -0.747 0.098 0.451 -0.812 -0.416 -0.076 -0.787 -0.406 0.166 -0.769 0.058 -0.128 -0.526 -0.125 0.260 -0.462 -0.147 -0.041 -0.388 -0.110 0.110 -0.383 
0.984 0.016 -0.164 -0.062 0.978 -0.030 -0.201 -0.056 0.296 -0.026 -0.729 0.270 0.481 -0.728 -0.412 -0.045 -0.788 -0.381 0.213 -0.777 -0.113 0.009 -0.533 -0.043 0.328 -0.432 -0.126 -0.021 -0.397 -0.073 0.127 -0.386 
0.984 0.026 -0.170 -0.056 0.974 -0.035 -0.208 -0.077 0.454 -0.112 -0.693 0.248 0.510 -0.703 -0.409 -0.052 -0.781 -0.423 0.206 -0.753 0.031 -0.039 -0.543 -0.069 0.332 -0.426 -0.126 -0.029 -0.397 -0.084 0.125 -0.384 
0.983 0.026 -0.177 -0.050 0.978 -0.030 -0.200 -0.056 0.377 0.035 -0.740 0.303 0.444 -0.723 -0.443 -0.053 -0.775 -0.450 0.212 -0.744 -0.033 0.039 -0.543 -0.031 0.323 -0.437 -0.127 -0.035 -0.396 -0.075 0.130 -0.385 
0.980 0.027 -0.184 -0.070 0.978 -0.023 -0.192 -0.082 0.486 -0.097 -0.636 0.284 0.445 -0.694 -0.399 -0.077 -0.774 -0.438 0.180 -0.745 0.046 -0.030 -0.542 -0.069 0.330 -0.428 -0.093 -0.042 -0.404 -0.068 0.118 -0.390 
0.981 0.028 -0.183 -0.050 0.979 -0.023 -0.186 -0.084 0.449 -0.112 -0.704 0.338 0.450 -0.704 -0.384 -0.077 -0.773 -0.416 0.179 -0.746 0.030 -0.043 -0.543 -0.013 0.308 -0.449 -0.089 -0.043 -0.405 -0.066 0.115 -0.391 
0.982 0.029 -0.178 -0.051 0.980 -0.031 -0.183 -0.069 0.373 -0.020 -0.718 0.363 0.456 -0.690 -0.379 -0.057 -0.778 -0.393 0.197 -0.750 -0.046 0.006 -0.543 0.006 0.321 -0.439 -0.087 -0.029 -0.407 -0.045 0.123 -0.392 
0.981 0.019 -0.182 -0.058 0.981 -0.017 -0.173 -0.088 0.469 -0.108 -0.689 0.326 0.426 -0.695 -0.356 -0.088 -0.790 -0.384 0.168 -0.769 0.043 -0.044 -0.542 -0.039 0.309 -0.447 -0.069 -0.039 -0.409 -0.051 0.114 -0.394 
0.983 0.019 -0.174 -0.050 0.982 -0.017 -0.169 -0.086 0.495 -0.153 -0.666 0.349 0.418 -0.691 -0.349 -0.086 -0.795 -0.383 0.171 -0.773 0.065 -0.082 -0.535 -0.023 0.302 -0.452 -0.069 -0.038 -0.409 -0.051 0.114 -0.394 
0.987 0.026 -0.153 -0.033 0.983 -0.009 -0.149 -0.105 0.408 -0.219 -0.779 0.333 0.390 -0.750 -0.266 -0.094 -0.816 -0.319 0.150 -0.792 0.042 -0.118 -0.530 -0.010 0.266 -0.475 -0.035 -0.044 -0.413 -0.038 0.093 -0.401 
0.987 0.029 -0.158 -0.014 0.983 -0.005 -0.141 -0.119 0.425 -0.254 -0.802 0.376 0.385 -0.738 -0.231 -0.100 -0.809 -0.278 0.121 -0.788 0.089 -0.132 -0.521 0.022 0.238 -0.489 -0.020 -0.033 -0.415 -0.043 0.074 -0.404 
0.990 0.016 -0.137 -0.015 0.989 0.004 -0.101 -0.106 0.433 -0.231 -0.804 0.417 0.356 -0.737 -0.149 -0.099 -0.844 -0.198 0.118 -0.831 0.092 -0.139 -0.518 0.053 0.234 -0.489 0.001 -0.031 -0.416 -0.003 0.066 -0.408 
0.992 0.021 -0.124 -0.001 0.988 0.004 -0.083 -0.127 0.439 -0.234 -0.825 0.419 0.349 -0.743 -0.102 -0.104 -0.851 -0.160 0.114 -0.850 0.123 -0.147 -0.510 0.058 0.230 -0.490 0.019 -0.024 -0.416 -0.001 0.070 -0.407 
0.995 0.029 -0.100 -0.008 0.989 0.018 -0.061 -0.133 0.413 -0.234 -0.841 0.370 0.298 -0.775 -0.058 -0.120 -0.867 -0.112 0.089 -0.872 0.111 -0.153 -0.510 0.015 0.219 -0.499 0.033 -0.036 -0.414 0.012 0.051 -0.410 
0.996 0.030 -0.079 -0.029 0.987 0.031 -0.047 -0.152 0.426 -0.274 -0.823 0.301 0.305 -0.812 -0.020 -0.157 -0.871 -0.074 0.067 -0.893 0.121 -0.175 -0.501 -0.017 0.233 -0.492 0.047 -0.059 -0.410 0.012 0.040 -0.411 
0.998 0.037 -0.045 -0.030 0.986 0.045 -0.039 -0.154 0.355 -0.302 -0.871 0.233 0.324 -0.874 0.019 -0.172 -0.861 -0.034 0.043 -0.889 0.127 -0.182 -0.497 -0.003 0.228 -0.495 0.055 -0.071 -0.407 0.014 0.030 -0.411 
0.997 0.051 -0.031 -0.053 0.986 0.068 -0.023 -0.149 0.263 -0.325 -0.892 0.139 0.409 -0.871 0.070 -0.223 -0.834 0.006 -0.008 -0.901 0.065 -0.185 -0.508 -0.034 0.274 -0.470 0.058 -0.101 -0.400 0.030 0.012 -0.411 
0.997 0.053 -0.027 -0.056 0.986 0.073 -0.020 -0.148 0.267 -0.319 -0.887 0.143 0.413 -0.868 0.069 -0.231 -0.833 0.014 -0.011 -0.901 0.054 -0.183 -0.510 -0.031 0.279 -0.467 0.057 -0.105 -0.399 0.031 0.010 -0.411 
0.995 0.064 -0.025 -0.066 0.986 0.092 -0.024 -0.134 0.341 -0.317 -0.833 0.251 0.440 -0.819 0.045 -0.277 -0.828 0.004 -0.054 -0.913 0.052 -0.176 -0.512 0.018 0.309 -0.448 0.039 -0.127 -0.395 0.020 -0.008 -0.412 
0.994 0.061 -0.030 -0.084 0.987 0.118 -0.027 -0.105 0.335 -0.371 -0.784 0.268 0.470 -0.791 0.024 -0.348 -0.796 -0.001 -0.124 -0.906 0.021 -0.190 -0.510 0.024 0.333 -0.430 0.035 -0.156 -0.385 0.023 -0.043 -0.410 
0.993 0.070 -0.036 -0.089 0.986 0.119 -0.040 -0.111 0.255 -0.384 -0.822 0.216 0.508 -0.792 0.003 -0.346 -0.789 -0.026 -0.128 -0.903 -0.009 -0.179 -0.514 -0.000 0.339 -0.426 0.017 -0.157 -0.385 0.003 -0.041 -0.410 
0.994 0.089 -0.026 -0.055 0.981 0.128 -0.049 -0.138 0.165 -0.418 -0.863 0.174 0.561 -0.759 -0.004 -0.358 -0.775 -0.040 -0.139 -0.888 -0.002 -0.182 -0.513 -0.040 0.353 -0.413 0.024 -0.168 -0.380 -0.008 -0.042 -0.410 
0.995 0.086 -0.022 -0.038 0.979 0.137 -0.047 -0.142 0.158 -0.469 -0.842 0.158 0.562 -0.754 0.007 -0.376 -0.764 -0.032 -0.156 -0.887 0.001 -0.214 -0.500 -0.061 0.349 -0.414 0.038 -0.181 -0.373 -0.001 -0.051 -0.409 
0.995 0.092 -0.022 -0.025 0.976 0.156 -0.056 -0.144 0.085 -0.469 -0.869 0.139 0.567 -0.755 -0.022 -0.412 -0.744 -0.051 -0.190 -0.878 -0.004 -0.229 -0.494 -0.073 0.340 -0.419 0.028 -0.200 -0.364 -0.013 -0.064 -0.407 
0.994 0.090 -0.033 -0.050 0.974 0.181 -0.039 -0.132 0.166 -0.459 -0.858 0.123 0.579 -0.745 0.019 -0.443 -0.713 -0.012 -0.228 -0.868 0.028 -0.219 -0.498 -0.084 0.356 -0.403 0.043 -0.213 -0.355 0.013 -0.080 -0.404 
0.995 0.090 -0.026 -0.025 0.974 0.179 -0.046 -0.129 0.155 -0.425 -0.882 0.148 0.585 -0.746 0.006 -0.431 -0.718 -0.012 -0.220 -0.866 0.031 -0.208 -0.502 -0.058 0.354 -0.410 0.051 -0.199 -0.362 0.014 -0.069 -0.406 
0.995 0.089 -0.029 -0.041 0.975 0.182 -0.047 -0.118 0.132 -0.416 -0.889 0.129 0.570 -0.769 0.002 -0.431 -0.716 -0.014 -0.224 -0.869 0.015 -0.201 -0.506 -0.055 0.346 -0.416 0.046 -0.200 -0.363 0.009 -0.071 -0.406 
0.994 0.092 -0.032 -0.041 0.975 0.189 -0.041 -0.111 0.123 -0.418 -0.888 0.145 0.555 -0.773 0.007 -0.439 -0.708 -0.001 -0.234 -0.866 0.006 -0.202 -0.506 -0.052 0.341 -0.421 0.054 -0.203 -0.360 0.016 -0.074 -0.405 
0.994 0.092 -0.032 -0.041 0.975 0.186 -0.041 -0.113 0.122 -0.413 -0.891 0.142 0.559 -0.771 0.007 -0.435 -0.710 -0.002 -0.229 -0.867 0.005 -0.199 -0.507 -0.054 0.343 -0.419 0.054 -0.201 -0.361 0.016 -0.072 -0.406 
0.994 0.092 -0.031 -0.040 0.974 0.192 -0.034 -0.114 0.129 -0.426 -0.887 0.150 0.547 -0.781 0.041 -0.428 -0.705 0.015 -0.231 -0.860 0.024 -0.208 -0.503 -0.047 0.333 -0.428 0.067 -0.197 -0.361 0.027 -0.074 -0.405 
0.995 0.079 -0.031 -0.050 0.977 0.185 -0.027 -0.100 0.147 -0.418 -0.888 0.181 0.540 -0.783 0.057 -0.411 -0.719 0.041 -0.216 -0.863 0.029 -0.206 -0.503 -0.023 0.333 -0.430 0.075 -0.182 -0.367 0.037 -0.063 -0.406 
0.996 0.075 -0.029 -0.047 0.979 0.179 -0.029 -0.096 0.124 -0.421 -0.890 0.166 0.542 -0.787 0.051 -0.406 -0.725 0.041 -0.208 -0.864 0.016 -0.209 -0.503 -0.027 0.332 -0.431 0.071 -0.179 -0.370 0.034 -0.062 -0.406 
0.995 0.080 -0.041 -0.041 0.983 0.159 -0.013 -0.089 0.157 -0.372 -0.900 0.228 0.549 -0.762 0.063 -0.356 -0.747 0.058 -0.151 -0.875 0.011 -0.183 -0.513 0.002 0.344 -0.422 0.076 -0.146 -0.383 0.044 -0.038 -0.408 
0.996 0.068 -0.032 -0.045 0.985 0.152 -0.006 -0.086 0.167 -0.379 -0.900 0.218 0.517 -0.789 0.077 -0.334 -0.762 0.087 -0.127 -0.872 0.028 -0.197 -0.507 0.001 0.328 -0.435 0.080 -0.132 -0.387 0.048 -0.031 -0.409 
0.996 0.060 -0.031 -0.052 0.986 0.148 0.006 -0.076 0.192 -0.354 -0.906 0.201 0.502 -0.814 0.095 -0.326 -0.765 0.111 -0.116 -0.872 0.046 -0.189 -0.509 0.009 0.319 -0.441 0.083 -0.126 -0.388 0.060 -0.025 -0.407 
0.998 0.048 -0.022 -0.023 0.991 0.107 0.003 -0.084 0.137 -0.282 -0.947 0.215 0.459 -0.848 0.096 -0.236 -0.816 0.096 -0.026 -0.881 0.047 -0.158 -0.519 0.042 0.283 -0.463 0.074 -0.087 -0.401 0.051 0.012 -0.409 
0.999 0.026 -0.013 -0.025 0.992 0.090 0.012 -0.092 0.134 -0.267 -0.953 0.178 0.392 -0.885 0.106 -0.201 -0.833 0.105 0.014 -0.882 0.053 -0.151 -0.521 0.014 0.249 -0.484 0.081 -0.075 -0.402 0.048 0.029 -0.409 
0.999 0.026 -0.019 -0.022 0.992 0.083 0.010 -0.094 0.139 -0.271 -0.950 0.188 0.362 -0.897 0.104 -0.190 -0.835 0.091 0.029 -0.883 0.050 -0.155 -0.520 0.022 0.231 -0.492 0.076 -0.073 -0.403 0.041 0.030 -0.410 
1.000 0.008 -0.015 -0.023 0.993 0.069 0.015 -0.095 0.126 -0.286 -0.948 0.153 0.357 -0.908 0.110 -0.162 -0.847 0.103 0.055 -0.876 0.044 -0.163 -0.518 0.007 0.222 -0.497 0.071 -0.063 -0.406 0.038 0.045 -0.408 
1.000 0.003 -0.012 -0.029 0.994 0.061 0.013 -0.091 0.134 -0.280 -0.946 0.111 0.344 -0.928 0.098 -0.151 -0.851 0.101 0.068 -0.877 0.035 -0.163 -0.519 0.014 0.207 -0.503 0.069 -0.068 -0.405 0.036 0.040 -0.409 
1.000 0.005 -0.015 -0.016 0.995 0.041 0.023 -0.092 0.169 -0.267 -0.939 0.182 0.349 -0.913 0.121 -0.105 -0.864 0.113 0.115 -0.871 0.032 -0.163 -0.519 0.045 0.211 -0.500 0.071 -0.050 -0.408 0.043 0.055 -0.407 
1.000 0.001 -0.016 0.013 0.996 0.036 0.012 -0.075 0.233 -0.234 -0.933 0.169 0.358 -0.905 0.090 -0.103 -0.875 0.095 0.116 -0.879 0.062 -0.151 -0.520 0.017 0.217 -0.498 0.046 -0.051 -0.411 0.033 0.055 -0.408 
1.000 -0.000 -0.022 0.022 0.997 0.036 0.013 -0.062 0.217 -0.281 -0.929 0.164 0.372 -0.905 0.088 -0.117 -0.869 0.106 0.111 -0.871 0.074 -0.170 -0.512 0.027 0.217 -0.498 0.043 -0.055 -0.411 0.033 0.051 -0.408 
1.000 -0.008 -0.008 0.027 0.998 0.036 0.004 -0.055 0.181 -0.416 -0.868 0.155 0.375 -0.887 0.064 -0.115 -0.875 0.093 0.106 -0.872 0.007 -0.265 -0.476 -0.025 0.224 -0.495 0.036 -0.056 -0.412 0.025 0.050 -0.409 
0.998 -0.003 -0.038 0.053 0.993 0.042 0.010 0.108 0.307 0.022 -0.883 0.256 0.406 -0.800 -0.021 -0.146 -0.907 0.134 0.049 -0.912 0.013 -0.049 -0.543 -0.027 0.274 -0.467 -0.003 -0.049 -0.414 0.069 0.035 -0.405 
0.998 -0.005 -0.039 0.052 0.993 0.041 0.006 0.110 0.277 0.021 -0.883 0.219 0.406 -0.805 -0.022 -0.149 -0.906 0.126 0.052 -0.915 -0.017 -0.049 -0.543 -0.054 0.277 -0.464 -0.006 -0.048 -0.414 0.066 0.036 -0.406 
0.998 0.004 -0.063 0.024 0.986 0.023 0.012 0.164 0.284 0.137 -0.822 0.175 0.469 -0.717 -0.030 -0.110 -0.912 0.167 0.078 -0.901 -0.061 0.052 -0.539 -0.131 0.332 -0.408 -0.015 -0.016 -0.417 0.075 0.055 -0.402 
0.996 0.018 -0.078 0.051 0.964 0.011 -0.008 0.267 0.314 0.250 -0.762 0.267 0.482 -0.728 -0.094 -0.048 -0.918 0.152 0.093 -0.903 -0.057 0.157 -0.518 -0.036 0.339 -0.420 -0.061 0.019 -0.412 0.074 0.065 -0.400 
0.995 0.021 -0.077 0.058 0.959 0.008 -0.014 0.282 0.339 0.287 -0.740 0.275 0.500 -0.720 -0.107 -0.038 -0.914 0.162 0.076 -0.899 -0.038 0.186 -0.509 -0.027 0.345 -0.416 -0.059 0.024 -0.412 0.076 0.066 -0.399 
0.978 -0.011 -0.041 0.203 0.968 0.046 -0.007 0.245 0.713 0.146 -0.587 0.378 0.487 -0.619 -0.092 -0.119 -0.917 0.152 0.022 -0.922 0.335 -0.048 -0.428 0.015 0.250 -0.480 -0.039 -0.028 -0.415 0.065 0.032 -0.406 
0.977 -0.012 -0.043 0.209 0.968 0.044 -0.006 0.246 0.717 0.160 -0.578 0.384 0.495 -0.612 -0.098 -0.113 -0.917 0.149 0.033 -0.921 0.341 -0.041 -0.424 0.024 0.249 -0.481 -0.039 -0.025 -0.415 0.065 0.036 -0.406 
0.987 -0.017 -0.039 0.157 0.958 0.033 -0.010 0.286 0.758 0.153 -0.573 0.411 0.525 -0.646 -0.081 -0.097 -0.908 0.179 0.031 -0.911 0.365 -0.001 -0.405 0.073 0.292 -0.450 -0.027 -0.015 -0.416 0.089 0.040 -0.400 
0.986 -0.016 -0.039 0.161 0.957 0.031 -0.010 0.287 0.755 0.175 -0.570 0.405 0.532 -0.645 -0.086 -0.093 -0.908 0.180 0.033 -0.910 0.365 0.011 -0.405 0.070 0.294 -0.449 -0.028 -0.014 -0.416 0.089 0.041 -0.400 
0.962 -0.012 -0.037 0.271 0.944 0.030 -0.008 0.329 0.713 0.289 -0.573 0.410 0.555 -0.565 -0.109 -0.048 -0.920 0.197 0.034 -0.911 0.380 0.043 -0.388 0.080 0.256 -0.469 -0.032 -0.004 -0.416 0.104 0.040 -0.397 
0.939 -0.003 -0.031 0.342 0.928 0.038 -0.010 0.371 0.652 0.306 -0.602 0.355 0.577 -0.538 -0.138 -0.048 -0.923 0.199 -0.001 -0.916 0.364 0.016 -0.405 0.058 0.235 -0.484 -0.044 -0.009 -0.415 0.107 0.022 -0.398 
0.933 -0.002 -0.031 0.359 0.924 0.039 -0.012 0.380 0.608 0.350 -0.604 0.326 0.564 -0.522 -0.151 -0.053 -0.924 0.198 -0.008 -0.917 0.353 0.027 -0.414 0.033 0.216 -0.494 -0.043 -0.014 -0.415 0.107 0.017 -0.398 
0.931 -0.012 -0.029 0.364 0.906 0.052 -0.021 0.419 0.591 0.341 -0.627 0.339 0.566 -0.518 -0.196 -0.034 -0.924 0.174 -0.044 -0.917 0.347 0.020 -0.419 0.054 0.211 -0.495 -0.059 -0.016 -0.413 0.103 -0.000 -0.400 
0.999 -0.015 -0.045 -0.022 0.951 0.032 -0.021 0.306 0.652 -0.021 -0.652 0.716 0.081 -0.647 -0.153 -0.045 -0.929 0.158 0.025 -0.924 0.225 -0.030 -0.496 0.317 0.111 -0.426 -0.034 -0.015 -0.416 0.071 0.032 -0.405 
0.970 0.015 -0.036 0.239 0.945 0.027 -0.047 0.323 0.449 0.290 -0.829 0.632 0.406 -0.654 -0.195 -0.001 -0.906 0.138 0.015 -0.898 0.274 0.214 -0.417 0.341 0.220 -0.359 -0.048 -0.006 -0.414 0.059 0.035 -0.406 
0.983 0.014 -0.040 0.179 0.917 0.023 -0.035 0.397 0.579 0.386 -0.712 0.686 0.367 -0.622 -0.169 0.001 -0.912 0.186 -0.006 -0.903 0.324 0.219 -0.377 0.370 0.200 -0.342 -0.034 0.001 -0.416 0.104 0.021 -0.398 
0.909 -0.015 -0.041 0.414 0.887 0.040 -0.008 0.459 0.368 0.114 -0.911 0.206 0.349 -0.893 -0.138 -0.042 -0.881 0.220 -0.065 -0.865 0.195 0.129 -0.490 0.070 0.127 -0.522 -0.047 -0.005 -0.414 0.131 -0.008 -0.391 
0.941 -0.022 -0.026 0.336 0.831 0.041 -0.013 0.555 0.604 0.297 -0.641 0.012 0.396 -0.820 -0.168 0.023 -0.898 0.228 -0.110 -0.889 0.326 0.005 -0.437 -0.137 0.095 -0.516 -0.058 0.009 -0.413 0.147 -0.035 -0.385 
0.924 -0.067 -0.022 0.375 0.777 0.060 0.010 0.627 0.404 0.240 -0.810 0.128 0.515 -0.750 -0.161 0.013 -0.910 0.242 -0.180 -0.880 0.249 -0.030 -0.485 -0.038 0.168 -0.512 -0.052 0.006 -0.414 0.158 -0.081 -0.374 
0.929 -0.068 -0.026 0.364 0.777 0.060 0.012 0.627 0.388 0.230 -0.790 0.155 0.455 -0.726 -0.172 0.011 -0.917 0.241 -0.184 -0.881 0.241 -0.068 -0.486 -0.059 0.109 -0.527 -0.054 0.001 -0.413 0.157 -0.082 -0.375 
0.935 -0.075 -0.014 0.346 0.762 0.067 0.013 0.644 0.406 0.242 -0.802 0.126 0.464 -0.777 -0.168 0.014 -0.912 0.228 -0.227 -0.867 0.237 -0.036 -0.490 -0.057 0.140 -0.519 -0.052 0.002 -0.414 0.151 -0.097 -0.374 
0.954 -0.058 -0.014 0.295 0.731 0.065 0.004 0.680 0.541 0.256 -0.637 0.170 0.445 -0.783 -0.170 0.075 -0.911 0.214 -0.220 -0.877 0.276 -0.068 -0.467 -0.054 0.158 -0.514 -0.063 0.017 -0.412 0.145 -0.098 -0.376 
0.955 -0.053 -0.019 0.291 0.744 0.059 0.005 0.666 0.547 0.289 -0.586 0.245 0.455 -0.738 -0.176 0.079 -0.917 0.225 -0.202 -0.885 0.289 -0.060 -0.460 -0.022 0.167 -0.513 -0.060 0.015 -0.412 0.149 -0.091 -0.376 
0.948 -0.056 -0.029 0.311 0.743 0.068 0.014 0.666 0.556 0.307 -0.585 0.213 0.488 -0.722 -0.188 0.052 -0.919 0.210 -0.218 -0.879 0.297 -0.042 -0.456 -0.034 0.171 -0.511 -0.074 0.013 -0.410 0.142 -0.094 -0.378 
0.944 -0.013 -0.033 0.329 0.785 0.083 0.009 0.613 0.551 0.394 -0.540 0.240 0.446 -0.721 -0.219 -0.007 -0.912 0.192 -0.190 -0.907 0.317 0.018 -0.443 -0.037 0.149 -0.519 -0.082 -0.014 -0.409 0.122 -0.085 -0.386 
0.901 -0.028 -0.030 0.431 0.860 0.102 0.020 0.499 0.302 0.299 -0.825 0.301 0.306 -0.686 -0.224 -0.111 -0.914 0.183 -0.177 -0.912 0.245 0.005 -0.487 0.033 -0.031 -0.542 -0.069 -0.060 -0.408 0.104 -0.076 -0.393 
0.916 -0.014 -0.039 0.398 0.881 0.089 0.018 0.465 0.428 0.313 -0.766 0.309 0.318 -0.724 -0.207 -0.115 -0.912 0.178 -0.144 -0.912 0.270 0.007 -0.473 0.029 0.010 -0.543 -0.066 -0.055 -0.409 0.110 -0.056 -0.394 
0.938 -0.026 -0.041 0.344 0.891 0.082 0.019 0.445 0.542 0.218 -0.717 0.297 0.326 -0.740 -0.192 -0.118 -0.912 0.184 -0.129 -0.903 0.302 -0.059 -0.451 -0.001 0.046 -0.541 -0.061 -0.056 -0.410 0.114 -0.049 -0.394 
0.960 -0.043 -0.049 0.271 0.919 0.065 0.017 0.388 0.605 0.295 -0.625 0.331 0.265 -0.701 -0.167 -0.110 -0.924 0.191 -0.082 -0.910 0.325 -0.008 -0.438 -0.029 0.038 -0.541 -0.045 -0.044 -0.413 0.108 -0.017 -0.398 
0.973 -0.032 -0.054 0.220 0.967 0.054 0.011 0.248 0.589 0.314 -0.660 0.381 0.231 -0.639 -0.119 -0.149 -0.934 0.113 0.026 -0.942 0.306 0.029 -0.450 -0.034 0.070 -0.538 -0.029 -0.057 -0.413 0.070 0.022 -0.406 
0.984 -0.029 -0.058 0.166 0.989 0.046 -0.002 0.138 0.520 0.223 -0.817 0.447 0.068 -0.842 -0.075 -0.159 -0.915 0.086 0.034 -0.916 0.308 0.157 -0.420 0.123 -0.005 -0.530 -0.017 -0.058 -0.413 0.033 0.037 -0.409 
0.988 -0.022 -0.061 0.142 0.990 0.038 -0.009 0.135 0.587 0.136 -0.691 0.435 0.199 -0.608 -0.125 -0.128 -0.942 0.019 0.087 -0.952 0.226 -0.056 -0.493 -0.004 0.101 -0.534 -0.056 -0.043 -0.411 -0.001 0.047 -0.410 
0.995 0.007 -0.043 0.087 0.988 0.014 -0.026 0.150 0.545 0.015 -0.680 0.191 0.549 -0.578 -0.146 -0.092 -0.919 0.040 0.099 -0.924 0.125 -0.070 -0.526 -0.164 0.324 -0.402 -0.077 -0.015 -0.410 -0.005 0.066 -0.407 
0.994 0.012 -0.058 0.091 0.993 0.013 -0.017 0.114 0.583 0.060 -0.665 0.229 0.489 -0.568 -0.119 -0.100 -0.923 0.040 0.096 -0.925 0.163 -0.033 -0.519 -0.160 0.299 -0.423 -0.061 -0.021 -0.412 -0.009 0.061 -0.408 
0.996 0.020 -0.057 0.063 1.000 0.014 -0.002 0.013 0.572 -0.032 -0.614 0.184 0.438 -0.628 -0.058 -0.130 -0.928 0.042 0.087 -0.926 0.130 -0.091 -0.521 -0.193 0.300 -0.410 -0.017 -0.046 -0.414 -0.020 0.044 -0.410 
0.998 0.026 -0.050 0.033 0.999 0.008 0.000 -0.034 0.520 -0.102 -0.602 0.192 0.454 -0.607 -0.026 -0.127 -0.925 0.017 0.107 -0.927 0.072 -0.122 -0.526 -0.188 0.334 -0.386 -0.012 -0.048 -0.414 -0.024 0.046 -0.409 
0.998 0.019 -0.056 -0.015 0.997 0.014 0.009 -0.074 0.506 -0.206 -0.621 0.299 0.419 -0.692 0.009 -0.143 -0.920 0.028 0.093 -0.917 0.066 -0.161 -0.516 -0.061 0.338 -0.423 0.017 -0.060 -0.412 -0.014 0.035 -0.411 
0.998 0.036 -0.040 -0.024 0.990 0.003 0.001 -0.144 0.303 -0.295 -0.833 0.273 0.464 -0.769 0.045 -0.127 -0.896 0.002 0.102 -0.888 0.002 -0.177 -0.514 -0.009 0.325 -0.437 0.035 -0.056 -0.411 -0.035 0.039 -0.409 
0.998 0.042 -0.049 -0.011 0.980 0.002 0.005 -0.197 0.262 -0.293 -0.772 0.529 0.356 -0.526 0.065 -0.135 -0.917 -0.013 0.094 -0.903 -0.089 -0.192 -0.501 0.083 0.319 -0.435 0.033 -0.058 -0.411 -0.055 0.026 -0.408 
0.995 0.020 -0.044 -0.088 0.973 0.008 0.010 -0.230 0.269 -0.433 -0.707 0.677 0.228 -0.502 0.113 -0.134 -0.911 -0.015 0.094 -0.908 -0.076 -0.248 -0.477 0.230 0.265 -0.417 0.038 -0.059 -0.410 -0.041 0.021 -0.410 
0.996 0.038 -0.023 -0.072 0.951 -0.003 0.015 -0.309 0.401 -0.504 -0.614 0.703 0.224 -0.475 0.141 -0.113 -0.921 -0.032 0.103 -0.911 0.031 -0.299 -0.451 0.256 0.272 -0.398 0.066 -0.063 -0.406 -0.053 0.019 -0.409 
0.995 0.020 0.003 -0.096 0.941 -0.005 0.012 -0.338 0.076 -0.618 -0.586 0.679 0.220 -0.488 0.169 -0.082 -0.912 -0.023 0.110 -0.899 -0.204 -0.325 -0.384 0.233 0.275 -0.410 0.089 -0.055 -0.403 -0.039 0.021 -0.410 
0.988 0.033 0.009 -0.148 0.931 -0.025 0.028 -0.364 0.269 -0.563 -0.559 0.708 0.187 -0.461 0.194 -0.036 -0.918 -0.026 0.154 -0.901 -0.064 -0.270 -0.465 0.276 0.298 -0.367 0.090 -0.047 -0.404 -0.034 0.042 -0.410 
0.984 0.018 0.011 -0.176 0.925 -0.022 0.024 -0.378 0.151 -0.603 -0.587 0.719 0.174 -0.463 0.199 -0.035 -0.916 -0.012 0.157 -0.886 -0.132 -0.277 -0.447 0.289 0.289 -0.362 0.098 -0.041 -0.403 -0.035 0.040 -0.410 
0.988 0.013 0.011 -0.155 0.914 -0.024 0.018 -0.404 0.159 -0.595 -0.584 0.705 0.137 -0.460 0.190 -0.017 -0.923 -0.043 0.160 -0.894 -0.146 -0.297 -0.429 0.276 0.272 -0.384 0.091 -0.029 -0.405 -0.039 0.047 -0.409 
0.987 -0.014 -0.001 -0.159 0.913 -0.020 0.015 -0.408 0.218 -0.558 -0.608 0.756 0.030 -0.443 0.180 -0.025 -0.931 -0.050 0.152 -0.901 -0.114 -0.303 -0.434 0.327 0.180 -0.398 0.085 -0.032 -0.407 -0.033 0.049 -0.409 
0.993 -0.009 0.007 -0.118 0.904 -0.019 0.013 -0.427 0.292 -0.599 -0.601 0.803 -0.030 -0.432 0.195 -0.009 -0.927 -0.063 0.160 -0.896 -0.037 -0.357 -0.405 0.370 0.107 -0.385 0.082 -0.031 -0.407 -0.035 0.048 -0.409 
0.982 -0.014 -0.000 -0.189 0.896 -0.033 0.013 -0.442 0.060 -0.516 -0.707 0.814 -0.131 -0.448 0.180 0.022 -0.927 -0.086 0.184 -0.886 -0.189 -0.243 -0.446 0.405 0.049 -0.360 0.076 -0.012 -0.410 -0.048 0.060 -0.406 
0.981 -0.015 -0.001 -0.195 0.896 -0.030 0.009 -0.443 0.033 -0.541 -0.696 0.814 -0.171 -0.431 0.182 0.022 -0.926 -0.088 0.181 -0.887 -0.200 -0.254 -0.436 0.410 0.027 -0.357 0.077 -0.013 -0.409 -0.047 0.059 -0.407 
0.980 -0.015 0.001 -0.196 0.894 -0.028 0.004 -0.448 0.068 -0.528 -0.698 0.809 -0.191 -0.424 0.180 0.025 -0.929 -0.091 0.182 -0.887 -0.183 -0.249 -0.445 0.408 0.016 -0.359 0.077 -0.012 -0.409 -0.045 0.060 -0.407 
0.995 0.012 -0.056 -0.082 0.804 -0.026 0.011 -0.594 0.472 -0.431 -0.624 0.843 0.008 -0.355 0.165 0.080 -0.895 0.131 0.041 -0.874 0.085 -0.247 -0.474 0.399 0.112 -0.354 0.111 0.042 -0.401 -0.017 -0.028 -0.411 
0.981 0.015 -0.065 -0.180 0.805 -0.023 0.010 -0.593 0.045 -0.270 -0.822 0.673 -0.222 -0.540 0.172 0.076 -0.926 -0.149 0.125 -0.903 -0.218 -0.131 -0.480 0.282 -0.001 -0.465 0.120 0.032 -0.399 -0.057 0.034 -0.408 
0.981 0.015 -0.065 -0.180 0.804 -0.024 0.009 -0.594 0.039 -0.270 -0.823 0.672 -0.222 -0.542 0.169 0.075 -0.927 -0.153 0.124 -0.903 -0.221 -0.132 -0.479 0.280 -0.002 -0.466 0.118 0.032 -0.399 -0.058 0.033 -0.408 
0.985 0.020 -0.069 -0.159 0.765 -0.020 0.013 -0.644 -0.220 -0.205 -0.835 0.673 -0.194 -0.573 0.183 0.094 -0.917 -0.170 0.100 -0.899 -0.341 -0.110 -0.409 0.257 -0.034 -0.477 0.130 0.043 -0.395 -0.072 0.020 -0.406 
0.996 0.043 -0.039 -0.068 0.535 -0.055 0.026 -0.843 0.009 -0.173 -0.895 0.623 -0.044 -0.453 0.132 0.244 -0.905 -0.057 -0.022 -0.940 -0.179 -0.176 -0.481 0.174 0.012 -0.515 0.118 0.160 -0.369 -0.079 -0.032 -0.403 
0.986 0.038 -0.073 0.147 0.611 -0.039 0.052 -0.790 0.520 -0.015 -0.614 0.494 0.144 -0.199 0.115 0.238 -0.874 0.195 -0.150 -0.892 0.167 -0.253 -0.448 0.156 0.137 -0.506 0.141 0.177 -0.354 0.055 -0.063 -0.403 
0.992 0.023 -0.026 0.124 1.000 0.005 -0.029 0.012 0.725 -0.090 -0.560 0.073 0.418 -0.730 -0.123 -0.108 -0.897 -0.036 0.130 -0.930 0.289 -0.138 -0.442 -0.217 0.189 -0.461 -0.161 0.006 -0.385 -0.038 0.057 -0.407 
0.964 0.027 -0.029 0.261 -0.173 0.123 -0.029 0.977 0.321 -0.248 -0.714 0.398 0.579 -0.520 -0.240 -0.089 -0.863 0.184 0.071 -0.883 -0.046 -0.301 -0.450 0.062 0.274 -0.467 -0.213 -0.001 -0.359 0.017 0.009 -0.412 
0.958 0.040 -0.002 0.285 -0.055 0.119 -0.018 0.991 0.425 -0.107 -0.727 0.263 0.461 -0.292 -0.080 -0.154 -0.885 0.012 0.104 -0.939 0.092 -0.271 -0.464 -0.114 0.268 -0.460 -0.191 -0.010 -0.371 -0.008 0.042 -0.410 
0.991 0.065 -0.049 -0.105 0.656 -0.066 0.063 -0.750 0.113 0.015 -0.639 0.518 -0.264 0.019 0.162 0.194 -0.956 -0.244 0.022 -0.952 -0.302 -0.005 -0.454 0.440 0.039 -0.318 0.102 0.096 -0.395 -0.121 0.013 -0.394 
0.984 0.040 -0.032 -0.170 0.625 -0.050 0.039 -0.779 0.159 -0.190 -0.549 0.352 -0.148 -0.142 0.166 0.165 -0.949 -0.241 -0.037 -0.952 -0.279 -0.127 -0.449 0.270 0.200 -0.430 0.128 0.108 -0.384 -0.106 -0.006 -0.399 
0.996 -0.021 -0.040 -0.072 0.770 -0.028 0.017 -0.637 0.446 -0.262 -0.730 0.703 -0.144 -0.338 0.168 0.096 -0.951 -0.210 0.097 -0.935 0.079 -0.270 -0.462 0.275 -0.051 -0.465 0.120 0.045 -0.398 -0.079 0.036 -0.404 
0.998 -0.020 -0.055 -0.028 0.816 -0.010 0.024 -0.578 0.627 -0.113 -0.332 0.606 -0.080 -0.282 0.176 0.038 -0.963 -0.175 0.081 -0.958 0.223 -0.315 -0.379 0.210 -0.014 -0.501 0.121 0.002 -0.399 -0.054 0.025 -0.409 
0.999 -0.029 -0.047 0.001 0.841 -0.010 0.035 -0.539 0.572 -0.037 -0.525 0.501 -0.047 -0.380 0.203 0.037 -0.956 -0.132 0.109 -0.957 0.169 -0.239 -0.456 0.074 -0.017 -0.538 0.118 0.005 -0.400 -0.027 0.038 -0.411 
0.969 0.014 -0.034 0.245 -0.222 0.097 -0.029 0.970 0.405 -0.167 -0.601 0.429 0.617 -0.311 -0.158 -0.021 -0.878 0.208 0.041 -0.893 -0.008 -0.292 -0.458 0.087 0.337 -0.421 -0.197 0.067 -0.362 0.050 0.001 -0.410 
0.975 0.034 -0.020 -0.219 0.645 -0.065 0.052 -0.760 0.023 -0.484 -0.530 0.563 -0.128 -0.289 0.163 0.226 -0.914 -0.230 0.072 -0.918 -0.276 -0.155 -0.441 0.264 0.185 -0.441 0.105 0.088 -0.396 -0.119 0.001 -0.395 
0.977 0.018 -0.029 -0.208 0.732 -0.049 0.034 -0.679 -0.172 -0.409 -0.556 0.673 -0.191 -0.288 0.152 0.135 -0.931 -0.217 0.118 -0.887 -0.376 -0.040 -0.392 0.333 0.085 -0.423 0.113 0.051 -0.399 -0.118 0.005 -0.396 
0.991 0.040 0.002 -0.130 0.655 -0.078 0.029 -0.751 -0.090 -0.427 -0.655 0.665 -0.060 -0.338 0.129 0.221 -0.906 -0.054 0.017 -0.919 -0.334 -0.138 -0.406 0.281 0.166 -0.438 0.124 0.114 -0.383 -0.090 -0.019 -0.402 
0.991 0.051 -0.008 -0.121 0.599 -0.079 0.036 -0.796 -0.261 -0.493 -0.773 0.627 0.065 -0.379 0.121 0.245 -0.896 -0.226 0.024 -0.880 -0.274 -0.231 -0.407 0.210 0.238 -0.446 0.107 0.142 -0.380 -0.140 -0.014 -0.388 
0.982 -0.001 -0.074 -0.172 0.791 -0.028 0.039 -0.610 -0.248 0.043 -0.871 0.494 -0.163 -0.707 0.181 0.089 -0.932 -0.168 0.121 -0.911 -0.341 0.024 -0.426 0.104 -0.005 -0.534 0.127 0.054 -0.395 -0.083 0.033 -0.403 
0.988 -0.010 -0.039 -0.148 0.823 -0.032 0.025 -0.567 0.124 -0.305 -0.857 0.488 -0.147 -0.706 0.156 0.082 -0.936 -0.190 0.136 -0.912 -0.120 -0.194 -0.492 0.119 0.051 -0.529 0.111 0.046 -0.400 -0.084 0.048 -0.402 
0.995 -0.026 -0.036 -0.085 0.862 -0.004 0.033 -0.506 0.172 -0.307 -0.840 0.620 -0.146 -0.574 0.181 0.015 -0.941 -0.125 0.116 -0.933 -0.088 -0.250 -0.472 0.189 -0.011 -0.509 0.134 0.014 -0.395 -0.045 0.046 -0.408 
0.989 -0.023 -0.021 -0.147 0.893 -0.014 0.044 -0.447 0.334 -0.363 -0.651 0.727 -0.324 -0.387 0.165 0.025 -0.947 -0.105 0.175 -0.934 -0.068 -0.280 -0.458 0.367 -0.045 -0.398 0.122 0.006 -0.399 -0.032 0.074 -0.406 
0.988 -0.010 -0.026 -0.155 0.901 -0.015 0.053 -0.430 0.405 -0.303 -0.558 0.679 -0.370 -0.382 0.158 0.020 -0.954 -0.105 0.182 -0.942 -0.040 -0.245 -0.482 0.369 -0.036 -0.397 0.115 0.002 -0.401 -0.025 0.082 -0.405 
0.984 -0.004 -0.050 -0.169 0.903 -0.011 0.058 -0.425 0.395 -0.201 -0.619 0.635 -0.384 -0.390 0.144 -0.001 -0.958 -0.104 0.171 -0.949 -0.045 -0.135 -0.525 0.347 -0.030 -0.417 0.112 -0.001 -0.402 -0.033 0.074 -0.405 
0.989 0.017 -0.055 -0.135 0.914 -0.009 0.069 -0.401 0.402 -0.158 -0.700 0.680 -0.239 -0.520 0.159 0.008 -0.945 -0.080 0.191 -0.941 -0.017 -0.109 -0.532 0.322 0.030 -0.438 0.110 -0.005 -0.402 -0.016 0.079 -0.406 
0.994 0.019 -0.049 -0.099 0.917 -0.006 0.073 -0.391 0.299 -0.220 -0.715 0.648 -0.118 -0.545 0.161 0.003 -0.944 -0.070 0.201 -0.934 -0.099 -0.195 -0.497 0.260 0.108 -0.467 0.114 -0.006 -0.401 -0.013 0.078 -0.406 
0.993 0.010 -0.066 -0.095 0.937 0.005 0.078 -0.341 0.451 -0.167 -0.696 0.619 -0.058 -0.611 0.145 -0.017 -0.946 -0.031 0.202 -0.934 0.031 -0.138 -0.525 0.218 0.119 -0.485 0.103 -0.013 -0.404 0.001 0.079 -0.406 
0.994 0.009 -0.065 -0.083 0.949 0.014 0.071 -0.308 0.298 -0.165 -0.805 0.530 -0.018 -0.706 0.128 -0.035 -0.940 -0.033 0.202 -0.932 -0.058 -0.139 -0.522 0.140 0.117 -0.514 0.096 -0.013 -0.406 0.007 0.080 -0.406 
0.994 -0.002 -0.047 -0.096 0.971 0.019 0.047 -0.233 0.374 -0.172 -0.826 0.468 0.122 -0.809 0.077 -0.032 -0.926 -0.025 0.196 -0.916 0.033 -0.109 -0.532 0.140 0.176 -0.497 0.060 -0.006 -0.413 0.020 0.089 -0.403 
0.998 -0.001 -0.051 -0.037 0.979 0.024 0.035 -0.200 0.248 -0.164 -0.939 0.435 0.267 -0.823 0.049 -0.027 -0.899 -0.024 0.194 -0.890 0.058 -0.109 -0.530 0.131 0.202 -0.489 0.048 -0.005 -0.414 0.031 0.096 -0.401 
0.998 -0.002 -0.048 -0.028 0.984 0.028 0.032 -0.175 0.293 -0.152 -0.931 0.389 0.272 -0.852 0.041 -0.031 -0.897 -0.020 0.192 -0.885 0.090 -0.102 -0.527 0.113 0.196 -0.496 0.037 -0.006 -0.415 0.046 0.095 -0.399 
0.998 -0.001 -0.057 -0.010 0.990 0.032 0.037 -0.131 0.422 -0.118 -0.879 0.317 0.313 -0.878 0.018 -0.024 -0.891 0.017 0.189 -0.872 0.149 -0.088 -0.517 0.091 0.209 -0.495 0.033 -0.005 -0.416 0.101 0.091 -0.390 
0.997 -0.009 -0.073 0.008 0.994 0.039 0.042 -0.093 0.453 -0.129 -0.873 0.134 0.385 -0.914 0.034 -0.029 -0.864 0.068 0.180 -0.820 0.194 -0.087 -0.502 0.056 0.216 -0.497 0.026 -0.008 -0.416 0.161 0.073 -0.373 
0.997 -0.007 -0.068 0.038 0.994 0.044 0.034 -0.095 0.442 -0.135 -0.881 0.033 0.384 -0.923 0.007 -0.034 -0.863 0.059 0.161 -0.815 0.199 -0.091 -0.499 -0.005 0.215 -0.500 0.011 -0.014 -0.417 0.165 0.062 -0.373 
0.995 -0.007 -0.055 0.085 0.993 0.045 0.037 -0.104 0.464 -0.079 -0.879 -0.039 0.365 -0.928 -0.005 -0.032 -0.863 0.127 0.131 -0.810 0.225 -0.061 -0.493 -0.061 0.205 -0.501 0.011 -0.013 -0.417 0.201 0.055 -0.356 
0.993 -0.023 -0.044 0.106 0.993 0.056 0.039 -0.099 0.570 -0.085 -0.795 -0.068 0.332 -0.922 -0.013 -0.036 -0.865 0.221 0.070 -0.810 0.249 -0.105 -0.473 -0.133 0.190 -0.493 0.014 -0.013 -0.417 0.224 0.037 -0.345 
0.991 -0.031 -0.025 0.126 0.992 0.052 0.039 -0.107 0.453 -0.086 -0.875 -0.215 0.262 -0.937 -0.031 -0.034 -0.863 0.334 0.031 -0.804 0.200 -0.099 -0.497 -0.163 0.147 -0.498 0.008 -0.008 -0.417 0.234 0.015 -0.339 
0.990 -0.029 -0.027 0.138 0.992 0.051 0.043 -0.108 0.500 -0.075 -0.847 -0.265 0.235 -0.934 -0.037 -0.033 -0.856 0.384 0.018 -0.778 0.222 -0.098 -0.488 -0.177 0.130 -0.498 0.003 -0.009 -0.417 0.238 0.011 -0.337 
0.989 -0.035 0.003 0.145 0.990 0.055 0.044 -0.124 0.471 -0.021 -0.862 -0.387 0.184 -0.903 -0.064 -0.052 -0.868 0.470 -0.030 -0.754 0.203 -0.080 -0.499 -0.237 0.103 -0.479 -0.004 -0.024 -0.416 0.236 -0.006 -0.338 
0.989 -0.036 0.010 0.146 0.988 0.056 0.053 -0.133 0.472 0.024 -0.858 -0.429 0.088 -0.898 -0.096 -0.063 -0.883 0.541 -0.061 -0.721 0.194 -0.056 -0.506 -0.208 0.043 -0.501 -0.022 -0.035 -0.415 0.221 -0.031 -0.347 
0.993 -0.035 0.015 0.113 0.992 0.049 0.045 -0.106 0.480 -0.005 -0.854 -0.554 0.189 -0.780 -0.175 -0.037 -0.870 0.521 -0.105 -0.717 0.189 -0.058 -0.508 -0.219 0.069 -0.493 -0.066 -0.035 -0.410 0.200 -0.052 -0.357 
0.992 -0.046 0.003 0.117 0.991 0.047 0.055 -0.113 0.488 -0.024 -0.850 -0.556 0.150 -0.785 -0.181 -0.031 -0.875 0.513 -0.100 -0.720 0.196 -0.071 -0.503 -0.218 0.046 -0.496 -0.059 -0.036 -0.411 0.205 -0.056 -0.353 
0.988 -0.059 -0.029 0.139 0.986 0.037 0.061 -0.153 0.443 -0.013 -0.869 -0.391 0.017 -0.918 -0.235 -0.044 -0.873 0.473 -0.063 -0.736 0.171 -0.081 -0.511 -0.182 0.005 -0.512 -0.049 -0.037 -0.412 0.178 -0.034 -0.371 
0.989 -0.076 -0.048 0.119 0.985 0.043 0.067 -0.156 0.432 -0.063 -0.884 -0.375 0.043 -0.919 -0.304 -0.080 -0.855 0.408 -0.085 -0.751 0.178 -0.089 -0.507 -0.151 0.016 -0.522 -0.051 -0.063 -0.409 0.151 -0.050 -0.380 
0.990 -0.019 -0.077 0.113 0.989 0.003 0.073 -0.129 0.237 -0.101 -0.962 0.072 0.118 -0.988 -0.101 -0.010 -0.787 0.310 -0.017 -0.769 0.099 -0.078 -0.530 0.000 0.066 -0.540 0.115 0.019 -0.400 0.120 0.005 -0.395 
0.993 -0.031 -0.092 0.066 0.991 0.011 0.067 -0.114 0.248 -0.191 -0.938 0.257 0.159 -0.942 -0.144 -0.015 -0.817 0.244 -0.039 -0.774 0.072 -0.134 -0.523 0.068 0.088 -0.533 0.040 0.003 -0.415 0.081 -0.010 -0.404 
0.995 -0.005 -0.090 0.040 0.993 -0.009 0.066 -0.101 0.163 -0.237 -0.940 0.426 0.305 -0.835 -0.010 0.015 -0.772 0.165 0.003 -0.817 0.007 -0.160 -0.521 0.153 0.181 -0.490 0.155 0.015 -0.387 0.064 0.013 -0.408 
0.998 -0.004 -0.027 -0.061 0.999 -0.023 0.019 -0.010 -0.038 -0.223 -0.958 0.513 0.231 -0.794 0.196 -0.051 -0.841 0.016 0.039 -0.864 -0.107 -0.141 -0.516 0.194 0.193 -0.470 0.228 -0.039 -0.347 0.016 0.038 -0.411 
0.999 0.007 -0.002 -0.051 0.999 -0.024 0.015 -0.039 -0.082 -0.232 -0.966 0.520 0.300 -0.749 0.382 -0.080 -0.824 -0.086 0.074 -0.869 -0.083 -0.136 -0.521 0.175 0.239 -0.456 0.191 -0.033 -0.369 -0.025 0.054 -0.408 
0.999 0.013 -0.003 -0.044 0.999 -0.024 0.016 -0.037 -0.150 -0.205 -0.967 0.513 0.328 -0.761 0.447 -0.111 -0.765 -0.118 0.085 -0.858 -0.092 -0.114 -0.525 0.189 0.232 -0.454 0.170 -0.031 -0.380 -0.040 0.058 -0.407 
0.998 0.027 -0.037 -0.053 0.999 -0.023 0.026 -0.026 -0.147 -0.121 -0.982 0.427 0.338 -0.830 0.302 -0.063 -0.819 -0.203 0.128 -0.833 -0.074 -0.065 -0.536 0.181 0.216 -0.465 0.173 -0.026 -0.379 -0.039 0.074 -0.404 
0.997 0.026 -0.034 -0.069 0.999 -0.016 0.031 -0.003 -0.063 -0.155 -0.986 0.229 0.280 -0.929 0.289 -0.006 -0.828 -0.216 0.138 -0.800 -0.039 -0.085 -0.537 0.093 0.177 -0.506 0.148 -0.011 -0.390 0.067 0.055 -0.403 
0.998 0.029 -0.043 -0.022 0.999 -0.011 0.042 -0.008 0.015 -0.186 -0.980 0.164 0.216 -0.960 0.229 0.022 -0.838 -0.142 0.101 -0.788 -0.025 -0.113 -0.533 0.059 0.135 -0.523 0.132 -0.005 -0.396 0.143 0.039 -0.385 
0.998 0.020 -0.052 0.011 0.998 -0.005 0.054 -0.020 0.151 -0.213 -0.956 0.076 0.167 -0.981 0.217 0.021 -0.829 -0.011 0.041 -0.780 0.022 -0.145 -0.525 0.015 0.103 -0.534 0.123 -0.006 -0.399 0.212 0.020 -0.354 
0.997 0.009 -0.043 0.063 0.997 0.003 0.056 -0.049 0.269 -0.220 -0.925 0.064 0.104 -0.990 0.200 0.024 -0.845 0.147 0.017 -0.761 0.085 -0.163 -0.513 -0.002 0.065 -0.540 0.112 -0.009 -0.402 0.248 0.021 -0.329 
0.995 0.014 -0.026 0.096 0.996 -0.010 0.053 -0.070 0.390 -0.179 -0.879 0.063 0.125 -0.984 0.145 0.065 -0.856 0.347 0.080 -0.764 0.138 -0.164 -0.501 -0.022 0.077 -0.538 0.086 0.013 -0.408 0.257 0.040 -0.320 
0.992 0.012 -0.006 0.128 0.995 -0.017 0.053 -0.078 0.492 -0.114 -0.826 -0.001 0.124 -0.985 0.078 0.097 -0.873 0.445 0.131 -0.739 0.188 -0.148 -0.490 -0.063 0.074 -0.535 0.064 0.025 -0.411 0.238 0.047 -0.334 
0.993 -0.003 -0.003 0.121 0.995 -0.028 0.057 -0.073 0.587 -0.070 -0.761 -0.042 0.129 -0.983 0.036 0.118 -0.859 0.501 0.107 -0.709 0.238 -0.124 -0.474 -0.086 0.078 -0.531 0.047 0.038 -0.413 0.226 0.042 -0.343 
0.989 -0.007 0.002 0.150 0.994 -0.038 0.051 -0.088 0.618 0.030 -0.736 -0.120 0.155 -0.976 -0.080 0.113 -0.857 0.501 0.073 -0.724 0.264 -0.075 -0.471 -0.113 0.088 -0.525 0.021 0.032 -0.415 0.227 0.036 -0.343 
0.990 -0.016 0.010 0.137 0.996 -0.038 0.047 -0.065 0.617 0.031 -0.732 -0.128 0.159 -0.976 -0.117 0.122 -0.846 0.526 0.022 -0.708 0.257 -0.076 -0.475 -0.110 0.091 -0.525 0.017 0.032 -0.416 0.229 0.018 -0.343 
0.989 -0.010 0.020 0.147 0.996 -0.047 0.060 -0.043 0.614 0.050 -0.738 -0.032 0.187 -0.977 -0.052 0.126 -0.840 0.549 0.022 -0.687 0.265 -0.068 -0.472 -0.065 0.108 -0.529 0.067 0.037 -0.410 0.249 0.024 -0.328 
0.991 0.013 0.076 0.108 0.997 -0.056 0.041 0.016 0.599 0.016 -0.753 -0.011 0.189 -0.975 0.100 0.144 -0.874 0.584 0.003 -0.691 0.253 -0.085 -0.476 -0.060 0.123 -0.526 0.086 0.042 -0.406 0.248 0.011 -0.329 
0.988 0.033 0.090 0.125 0.996 -0.065 0.050 0.019 0.639 0.029 -0.726 0.112 0.180 -0.954 0.230 0.133 -0.859 0.602 0.043 -0.675 0.289 -0.076 -0.456 -0.038 0.132 -0.526 0.142 0.037 -0.390 0.236 0.018 -0.338 
0.990 0.028 0.095 0.098 0.995 -0.057 0.059 0.050 0.650 -0.005 -0.713 0.172 0.153 -0.945 0.336 0.068 -0.837 0.605 0.019 -0.673 0.291 -0.098 -0.451 -0.013 0.126 -0.528 0.167 0.007 -0.382 0.224 -0.002 -0.347 
0.991 0.044 0.096 0.077 0.991 -0.060 0.076 0.097 0.682 -0.050 -0.686 0.300 0.123 -0.897 0.427 0.059 -0.800 0.580 0.029 -0.684 0.305 -0.111 -0.438 0.033 0.128 -0.527 0.197 0.009 -0.367 0.188 -0.015 -0.367 
0.992 0.046 0.080 0.086 0.985 -0.053 0.117 0.115 0.739 -0.069 -0.615 0.408 0.101 -0.846 0.465 0.018 -0.782 0.573 0.055 -0.684 0.343 -0.135 -0.402 0.087 0.123 -0.522 0.236 -0.007 -0.344 0.190 -0.011 -0.366 
0.993 0.040 0.051 0.094 0.977 -0.041 0.180 0.110 0.836 -0.067 -0.471 0.595 0.049 -0.708 0.506 -0.010 -0.735 0.604 -0.005 -0.659 0.414 -0.149 -0.323 0.190 0.086 -0.502 0.289 -0.035 -0.299 0.237 -0.028 -0.337 
0.991 0.031 0.045 0.123 0.970 -0.025 0.211 0.118 0.870 -0.131 -0.414 0.682 0.145 -0.630 0.453 -0.035 -0.754 0.563 -0.013 -0.680 0.440 -0.172 -0.272 0.257 0.114 -0.465 0.285 -0.066 -0.297 0.220 -0.033 -0.347 
0.992 0.034 0.028 0.119 0.965 -0.022 0.228 0.126 0.882 -0.151 -0.395 0.732 0.113 -0.582 0.416 -0.060 -0.766 0.482 0.051 -0.735 0.450 -0.174 -0.254 0.297 0.088 -0.447 0.287 -0.081 -0.292 0.176 -0.020 -0.373 
0.991 0.024 0.017 0.129 0.960 -0.030 0.250 0.122 0.897 -0.177 -0.369 0.756 0.170 -0.536 0.373 -0.036 -0.790 0.420 0.085 -0.766 0.464 -0.172 -0.230 0.317 0.113 -0.427 0.269 -0.069 -0.311 0.156 0.000 -0.382 
0.992 0.011 0.042 0.116 0.951 -0.013 0.288 0.114 0.871 -0.038 -0.421 0.782 0.143 -0.514 0.397 -0.044 -0.768 0.433 0.061 -0.787 0.460 -0.142 -0.256 0.339 0.121 -0.407 0.303 -0.082 -0.275 0.162 0.005 -0.380 
0.996 0.054 0.068 0.035 0.928 -0.014 0.319 0.192 0.907 -0.238 -0.268 0.734 0.000 -0.663 0.420 -0.083 -0.741 0.481 0.023 -0.767 0.458 -0.217 -0.203 0.365 0.051 -0.400 0.303 -0.097 -0.270 0.201 0.001 -0.360 
0.994 0.033 0.071 0.072 0.931 -0.027 0.332 0.153 0.871 -0.119 -0.434 0.768 0.054 -0.621 0.380 -0.026 -0.756 0.466 0.057 -0.771 0.451 -0.157 -0.264 0.382 0.076 -0.379 0.312 -0.058 -0.271 0.237 0.035 -0.336 
0.998 0.031 0.062 -0.009 0.916 -0.005 0.312 0.253 0.807 -0.230 -0.488 0.739 -0.140 -0.652 0.301 -0.039 -0.798 0.409 0.044 -0.804 0.387 -0.223 -0.314 0.387 -0.035 -0.380 0.285 -0.054 -0.300 0.242 0.042 -0.331 
0.999 0.024 0.039 -0.028 0.899 -0.006 0.319 0.300 0.749 -0.252 -0.570 0.754 -0.125 -0.640 0.296 0.006 -0.841 0.400 0.046 -0.816 0.345 -0.209 -0.367 0.395 -0.036 -0.372 0.230 -0.016 -0.347 0.203 0.028 -0.358 
0.999 0.028 0.030 -0.033 0.904 -0.004 0.297 0.307 0.690 -0.264 -0.646 0.726 -0.137 -0.674 0.244 0.002 -0.858 0.349 0.047 -0.840 0.312 -0.201 -0.401 0.389 -0.064 -0.375 0.210 -0.013 -0.360 0.179 0.026 -0.371 
0.998 0.029 0.035 -0.038 0.900 -0.007 0.307 0.311 0.668 -0.254 -0.672 0.716 -0.151 -0.681 0.290 0.002 -0.849 0.380 0.023 -0.827 0.297 -0.193 -0.416 0.382 -0.067 -0.382 0.215 -0.013 -0.357 0.186 0.014 -0.368 
0.999 0.016 0.019 -0.024 0.909 -0.016 0.325 0.262 0.680 -0.198 -0.679 0.726 0.034 -0.646 0.320 -0.007 -0.857 0.348 -0.017 -0.840 0.302 -0.161 -0.428 0.339 0.096 -0.412 0.171 -0.010 -0.381 0.178 0.001 -0.372 
