0.999 0.006 -0.036 0.028 0.995 -0.011 -0.024 -0.098 0.090 -0.114 -0.971 0.142 0.143 -0.966 -0.000 -0.048 -0.899 0.061 0.119 -0.879 -0.037 -0.098 -0.535 -0.002 0.100 -0.535 0.059 -0.021 -0.412 0.043 0.059 -0.406 
0.999 0.007 -0.036 0.028 0.995 -0.009 -0.022 -0.098 0.098 -0.109 -0.970 0.139 0.150 -0.966 0.001 -0.051 -0.899 0.062 0.116 -0.879 -0.034 -0.095 -0.535 -0.003 0.104 -0.534 0.058 -0.023 -0.412 0.043 0.058 -0.407 
0.999 0.003 -0.033 0.021 0.995 -0.003 -0.023 -0.095 0.105 -0.110 -0.968 0.119 0.161 -0.968 0.003 -0.069 -0.897 0.084 0.096 -0.884 -0.034 -0.094 -0.536 -0.008 0.111 -0.533 0.051 -0.032 -0.413 0.042 0.049 -0.408 
0.999 0.004 -0.037 0.017 0.995 -0.005 -0.023 -0.092 0.115 -0.107 -0.966 0.129 0.170 -0.968 0.002 -0.067 -0.895 0.077 0.098 -0.885 -0.033 -0.092 -0.536 0.005 0.115 -0.532 0.050 -0.031 -0.413 0.043 0.050 -0.407 
0.999 0.001 -0.038 0.013 0.996 0.000 -0.021 -0.090 0.112 -0.119 -0.967 0.128 0.153 -0.972 0.009 -0.078 -0.891 0.086 0.090 -0.883 -0.031 -0.097 -0.535 0.010 0.104 -0.534 0.052 -0.038 -0.412 0.050 0.043 -0.407 
0.999 -0.001 -0.037 0.018 0.995 -0.004 -0.018 -0.098 0.118 -0.117 -0.967 0.135 0.167 -0.968 0.015 -0.071 -0.892 0.092 0.099 -0.880 -0.025 -0.097 -0.535 0.009 0.111 -0.533 0.057 -0.034 -0.412 0.051 0.048 -0.407 
0.999 -0.001 -0.040 0.016 0.996 -0.000 -0.017 -0.093 0.114 -0.131 -0.964 0.150 0.158 -0.968 0.015 -0.078 -0.892 0.091 0.093 -0.882 -0.030 -0.105 -0.534 0.021 0.106 -0.533 0.054 -0.038 -0.412 0.052 0.044 -0.407 
0.999 0.004 -0.037 0.021 0.995 -0.008 -0.021 -0.100 0.106 -0.121 -0.970 0.139 0.176 -0.965 0.014 -0.059 -0.892 0.080 0.110 -0.881 -0.028 -0.097 -0.535 0.008 0.116 -0.531 0.047 -0.028 -0.413 0.044 0.055 -0.407 
0.999 0.003 -0.038 0.019 0.995 -0.006 -0.018 -0.099 0.115 -0.123 -0.966 0.145 0.165 -0.965 0.015 -0.062 -0.893 0.087 0.107 -0.881 -0.027 -0.100 -0.535 0.009 0.113 -0.532 0.055 -0.028 -0.412 0.049 0.053 -0.406 
0.999 0.000 -0.039 0.024 0.995 -0.006 -0.021 -0.100 0.107 -0.127 -0.968 0.151 0.157 -0.964 0.018 -0.063 -0.895 0.081 0.106 -0.881 -0.027 -0.102 -0.535 0.009 0.107 -0.533 0.049 -0.029 -0.413 0.047 0.052 -0.407 
0.999 -0.002 -0.038 0.023 0.995 -0.006 -0.021 -0.102 0.108 -0.124 -0.968 0.139 0.161 -0.965 0.018 -0.063 -0.895 0.080 0.107 -0.882 -0.028 -0.101 -0.535 0.002 0.109 -0.533 0.049 -0.030 -0.413 0.045 0.052 -0.407 
0.999 -0.003 -0.040 0.017 0.995 -0.006 -0.021 -0.095 0.110 -0.131 -0.966 0.143 0.155 -0.968 0.011 -0.064 -0.894 0.082 0.105 -0.879 -0.030 -0.103 -0.534 0.011 0.105 -0.534 0.047 -0.031 -0.413 0.047 0.051 -0.407 
0.999 0.000 -0.046 0.018 0.995 -0.009 -0.017 -0.099 0.131 -0.123 -0.962 0.146 0.156 -0.966 0.017 -0.059 -0.892 0.081 0.111 -0.877 -0.024 -0.100 -0.535 0.009 0.108 -0.533 0.056 -0.025 -0.412 0.048 0.055 -0.406 
0.999 -0.004 -0.042 0.013 0.995 -0.005 -0.019 -0.096 0.125 -0.132 -0.961 0.138 0.144 -0.969 0.012 -0.067 -0.895 0.087 0.102 -0.877 -0.028 -0.106 -0.534 0.005 0.101 -0.535 0.052 -0.031 -0.412 0.049 0.049 -0.407 
0.999 -0.003 -0.040 0.013 0.995 -0.009 -0.017 -0.095 0.139 -0.122 -0.959 0.141 0.154 -0.966 0.013 -0.059 -0.894 0.090 0.108 -0.880 -0.024 -0.102 -0.535 0.004 0.108 -0.533 0.056 -0.027 -0.412 0.050 0.052 -0.406 
0.999 0.002 -0.043 0.020 0.995 -0.009 -0.020 -0.102 0.135 -0.123 -0.962 0.133 0.156 -0.968 0.011 -0.060 -0.892 0.085 0.110 -0.878 -0.021 -0.100 -0.535 0.002 0.107 -0.533 0.047 -0.028 -0.413 0.042 0.053 -0.407 
0.999 0.002 -0.043 0.016 0.995 -0.010 -0.015 -0.100 0.138 -0.117 -0.962 0.135 0.166 -0.968 0.016 -0.057 -0.892 0.095 0.112 -0.875 -0.019 -0.096 -0.536 0.009 0.112 -0.532 0.054 -0.026 -0.413 0.047 0.054 -0.407 
0.999 0.002 -0.041 0.015 0.995 -0.006 -0.016 -0.098 0.138 -0.129 -0.962 0.135 0.156 -0.970 0.025 -0.068 -0.888 0.095 0.101 -0.878 -0.015 -0.101 -0.535 0.012 0.104 -0.534 0.049 -0.033 -0.413 0.046 0.046 -0.408 
0.999 0.002 -0.041 0.013 0.995 -0.007 -0.016 -0.094 0.128 -0.127 -0.963 0.132 0.153 -0.971 0.019 -0.066 -0.889 0.092 0.101 -0.879 -0.022 -0.101 -0.535 0.009 0.104 -0.534 0.054 -0.032 -0.412 0.047 0.047 -0.407 
0.999 0.003 -0.040 0.019 0.995 -0.006 -0.012 -0.098 0.128 -0.127 -0.964 0.140 0.158 -0.969 0.030 -0.067 -0.889 0.097 0.103 -0.877 -0.019 -0.102 -0.535 0.013 0.106 -0.534 0.055 -0.033 -0.412 0.052 0.047 -0.407 
0.999 0.001 -0.040 0.019 0.996 -0.005 -0.012 -0.094 0.129 -0.126 -0.964 0.143 0.152 -0.970 0.021 -0.069 -0.891 0.098 0.099 -0.877 -0.020 -0.101 -0.535 0.015 0.102 -0.534 0.053 -0.034 -0.412 0.054 0.046 -0.407 
0.999 0.001 -0.042 0.016 0.996 -0.005 -0.014 -0.087 0.121 -0.122 -0.963 0.139 0.150 -0.970 0.008 -0.070 -0.894 0.094 0.097 -0.878 -0.030 -0.101 -0.535 0.012 0.102 -0.534 0.050 -0.034 -0.413 0.052 0.045 -0.407 
0.999 0.002 -0.040 0.017 0.996 -0.006 -0.009 -0.092 0.128 -0.118 -0.963 0.145 0.158 -0.969 0.029 -0.067 -0.890 0.107 0.102 -0.876 -0.026 -0.098 -0.535 0.017 0.106 -0.533 0.058 -0.033 -0.412 0.053 0.046 -0.407 
0.999 0.005 -0.040 0.019 0.995 -0.007 -0.011 -0.094 0.118 -0.115 -0.965 0.136 0.158 -0.969 0.026 -0.065 -0.890 0.100 0.104 -0.876 -0.029 -0.097 -0.535 0.009 0.107 -0.533 0.057 -0.030 -0.412 0.051 0.049 -0.407 
0.999 0.008 -0.037 0.018 0.996 -0.009 -0.008 -0.090 0.112 -0.112 -0.963 0.139 0.161 -0.968 0.025 -0.060 -0.891 0.102 0.107 -0.879 -0.039 -0.096 -0.535 0.011 0.109 -0.533 0.057 -0.029 -0.412 0.053 0.050 -0.406 
0.999 0.008 -0.037 0.018 0.996 -0.008 -0.011 -0.089 0.108 -0.115 -0.964 0.135 0.158 -0.969 0.020 -0.062 -0.891 0.098 0.105 -0.880 -0.042 -0.098 -0.534 0.009 0.108 -0.533 0.055 -0.030 -0.412 0.052 0.049 -0.407 
0.999 0.008 -0.037 0.018 0.996 -0.008 -0.007 -0.089 0.114 -0.114 -0.963 0.142 0.159 -0.968 0.026 -0.062 -0.891 0.104 0.105 -0.879 -0.038 -0.097 -0.535 0.012 0.108 -0.533 0.058 -0.030 -0.412 0.054 0.050 -0.406 
0.999 0.008 -0.037 0.018 0.996 -0.009 -0.009 -0.090 0.111 -0.111 -0.964 0.138 0.162 -0.968 0.023 -0.059 -0.891 0.101 0.108 -0.879 -0.040 -0.096 -0.535 0.010 0.110 -0.533 0.056 -0.028 -0.412 0.053 0.051 -0.406 
0.999 0.009 -0.037 0.021 0.995 -0.010 -0.008 -0.099 0.118 -0.101 -0.967 0.135 0.163 -0.967 0.017 -0.054 -0.892 0.096 0.115 -0.877 -0.031 -0.089 -0.537 0.006 0.112 -0.532 0.062 -0.022 -0.412 0.052 0.057 -0.405 
0.999 0.005 -0.035 0.021 0.996 -0.003 -0.006 -0.090 0.113 -0.114 -0.966 0.142 0.149 -0.969 0.017 -0.067 -0.894 0.098 0.100 -0.882 -0.031 -0.097 -0.535 0.009 0.104 -0.534 0.060 -0.030 -0.412 0.052 0.050 -0.406 
0.999 0.010 -0.036 0.020 0.996 -0.008 -0.008 -0.093 0.111 -0.104 -0.967 0.132 0.161 -0.969 0.011 -0.057 -0.893 0.090 0.109 -0.882 -0.034 -0.091 -0.536 0.006 0.110 -0.533 0.056 -0.026 -0.412 0.050 0.054 -0.406 
0.999 0.009 -0.033 0.020 0.996 -0.006 -0.006 -0.091 0.114 -0.105 -0.964 0.135 0.157 -0.969 0.015 -0.060 -0.893 0.096 0.104 -0.882 -0.038 -0.094 -0.535 0.008 0.109 -0.533 0.059 -0.027 -0.412 0.053 0.052 -0.406 
0.999 0.008 -0.037 0.015 0.996 -0.005 -0.004 -0.087 0.121 -0.106 -0.963 0.140 0.155 -0.968 0.017 -0.062 -0.893 0.100 0.105 -0.880 -0.035 -0.092 -0.536 0.009 0.108 -0.533 0.059 -0.027 -0.412 0.051 0.051 -0.406 
0.999 0.006 -0.033 0.019 0.996 -0.004 -0.001 -0.090 0.117 -0.104 -0.969 0.142 0.154 -0.968 0.017 -0.062 -0.892 0.098 0.103 -0.881 -0.025 -0.090 -0.537 0.010 0.107 -0.533 0.063 -0.026 -0.411 0.054 0.053 -0.406 
0.999 0.002 -0.031 0.018 0.996 -0.000 -0.000 -0.090 0.112 -0.106 -0.968 0.132 0.140 -0.971 0.021 -0.069 -0.891 0.102 0.094 -0.881 -0.031 -0.092 -0.536 0.004 0.099 -0.535 0.065 -0.030 -0.411 0.054 0.048 -0.406 
0.999 0.003 -0.032 0.017 0.996 -0.003 -0.000 -0.088 0.111 -0.101 -0.967 0.136 0.145 -0.970 0.023 -0.063 -0.892 0.101 0.100 -0.880 -0.034 -0.089 -0.537 0.005 0.103 -0.534 0.065 -0.026 -0.411 0.055 0.052 -0.406 
0.999 0.003 -0.032 0.019 0.996 -0.004 -0.003 -0.091 0.105 -0.101 -0.968 0.132 0.148 -0.969 0.013 -0.063 -0.896 0.093 0.100 -0.881 -0.038 -0.090 -0.536 0.003 0.104 -0.534 0.059 -0.027 -0.412 0.048 0.052 -0.407 
0.999 0.001 -0.033 0.015 0.996 -0.002 0.001 -0.089 0.115 -0.106 -0.968 0.136 0.138 -0.970 0.008 -0.066 -0.896 0.100 0.097 -0.877 -0.029 -0.091 -0.537 0.005 0.099 -0.535 0.063 -0.026 -0.411 0.052 0.051 -0.406 
0.999 0.000 -0.032 0.016 0.996 -0.003 0.002 -0.087 0.104 -0.103 -0.968 0.140 0.143 -0.969 0.014 -0.063 -0.896 0.100 0.098 -0.878 -0.038 -0.091 -0.536 0.007 0.102 -0.534 0.062 -0.026 -0.411 0.058 0.051 -0.405 
0.999 0.003 -0.030 0.013 0.996 -0.003 0.004 -0.085 0.111 -0.100 -0.967 0.140 0.139 -0.970 0.022 -0.058 -0.894 0.096 0.099 -0.881 -0.035 -0.089 -0.537 0.009 0.101 -0.534 0.069 -0.024 -0.410 0.063 0.052 -0.405 
0.999 0.005 -0.031 0.017 0.996 -0.007 0.004 -0.086 0.108 -0.092 -0.971 0.141 0.147 -0.969 0.017 -0.048 -0.893 0.091 0.110 -0.877 -0.031 -0.083 -0.538 0.011 0.105 -0.534 0.071 -0.017 -0.411 0.066 0.058 -0.403 
0.999 0.003 -0.034 0.019 0.996 -0.007 0.006 -0.088 0.104 -0.092 -0.971 0.144 0.145 -0.969 0.013 -0.051 -0.892 0.099 0.106 -0.873 -0.032 -0.084 -0.537 0.013 0.102 -0.534 0.070 -0.019 -0.411 0.070 0.052 -0.403 
0.999 0.005 -0.037 0.017 0.996 -0.006 0.007 -0.092 0.122 -0.087 -0.968 0.146 0.132 -0.970 0.008 -0.050 -0.893 0.097 0.109 -0.873 -0.025 -0.082 -0.538 0.011 0.097 -0.535 0.074 -0.017 -0.410 0.070 0.054 -0.403 
0.999 0.001 -0.039 0.013 0.996 -0.002 0.010 -0.090 0.124 -0.099 -0.968 0.150 0.133 -0.968 0.008 -0.056 -0.888 0.094 0.103 -0.874 -0.022 -0.088 -0.537 0.011 0.099 -0.535 0.077 -0.018 -0.409 0.072 0.051 -0.403 
0.999 0.003 -0.036 0.017 0.996 -0.005 0.006 -0.092 0.108 -0.094 -0.971 0.143 0.141 -0.968 0.005 -0.051 -0.888 0.082 0.108 -0.877 -0.029 -0.085 -0.538 0.007 0.102 -0.534 0.071 -0.016 -0.411 0.065 0.054 -0.404 
0.999 0.000 -0.037 0.007 0.996 -0.002 0.003 -0.087 0.110 -0.098 -0.967 0.136 0.134 -0.971 -0.013 -0.059 -0.889 0.081 0.098 -0.878 -0.036 -0.087 -0.537 0.006 0.099 -0.535 0.064 -0.021 -0.412 0.065 0.050 -0.405 
0.999 0.001 -0.038 0.005 0.996 -0.003 0.003 -0.085 0.107 -0.097 -0.970 0.140 0.139 -0.972 -0.006 -0.055 -0.887 0.081 0.103 -0.876 -0.033 -0.084 -0.537 0.015 0.100 -0.535 0.065 -0.020 -0.411 0.064 0.052 -0.404 
0.999 -0.005 -0.037 0.009 0.996 0.003 0.003 -0.088 0.108 -0.104 -0.968 0.138 0.130 -0.971 -0.011 -0.065 -0.889 0.078 0.091 -0.877 -0.033 -0.091 -0.536 0.006 0.096 -0.535 0.065 -0.026 -0.411 0.063 0.046 -0.405 
0.999 -0.007 -0.038 0.009 0.996 0.006 0.006 -0.087 0.109 -0.109 -0.967 0.146 0.118 -0.970 -0.007 -0.069 -0.889 0.094 0.088 -0.875 -0.034 -0.094 -0.536 0.007 0.090 -0.536 0.067 -0.027 -0.411 0.061 0.045 -0.406 
0.999 -0.007 -0.038 0.010 0.996 0.003 0.008 -0.092 0.126 -0.105 -0.967 0.146 0.125 -0.970 0.002 -0.064 -0.889 0.094 0.093 -0.875 -0.022 -0.091 -0.537 0.010 0.093 -0.536 0.071 -0.025 -0.410 0.064 0.047 -0.405 
0.999 -0.005 -0.037 0.008 0.996 0.004 0.005 -0.087 0.119 -0.113 -0.964 0.143 0.120 -0.971 0.008 -0.059 -0.890 0.083 0.093 -0.880 -0.031 -0.096 -0.535 0.006 0.091 -0.536 0.065 -0.026 -0.411 0.060 0.046 -0.406 
0.999 0.002 -0.037 0.013 0.996 -0.005 0.005 -0.091 0.113 -0.092 -0.968 0.142 0.141 -0.969 0.007 -0.041 -0.889 0.077 0.113 -0.877 -0.033 -0.083 -0.538 0.009 0.102 -0.534 0.066 -0.013 -0.412 0.058 0.058 -0.405 
0.999 -0.001 -0.036 0.008 0.996 -0.002 0.007 -0.094 0.129 -0.102 -0.969 0.138 0.134 -0.971 0.009 -0.047 -0.890 0.086 0.108 -0.875 -0.015 -0.086 -0.538 0.009 0.098 -0.535 0.069 -0.016 -0.411 0.059 0.055 -0.405 
0.999 -0.001 -0.038 0.013 0.996 -0.002 0.006 -0.093 0.119 -0.098 -0.968 0.135 0.135 -0.972 0.009 -0.049 -0.888 0.074 0.109 -0.876 -0.026 -0.086 -0.538 0.008 0.097 -0.535 0.063 -0.021 -0.412 0.056 0.055 -0.405 
0.999 -0.000 -0.039 0.006 0.996 -0.001 0.010 -0.084 0.128 -0.100 -0.966 0.144 0.130 -0.971 0.012 -0.047 -0.889 0.092 0.111 -0.874 -0.024 -0.087 -0.538 0.013 0.096 -0.535 0.066 -0.020 -0.411 0.068 0.054 -0.404 
0.999 0.000 -0.041 0.013 0.996 -0.003 0.009 -0.088 0.127 -0.095 -0.966 0.153 0.143 -0.967 0.010 -0.047 -0.890 0.084 0.112 -0.875 -0.025 -0.085 -0.538 0.014 0.103 -0.534 0.062 -0.019 -0.412 0.065 0.056 -0.404 
0.999 0.001 -0.042 0.013 0.996 -0.003 0.009 -0.089 0.131 -0.092 -0.965 0.146 0.144 -0.968 0.004 -0.047 -0.890 0.079 0.112 -0.878 -0.024 -0.084 -0.538 0.011 0.103 -0.534 0.058 -0.018 -0.413 0.064 0.056 -0.404 
0.999 -0.002 -0.041 0.012 0.996 -0.002 0.009 -0.088 0.129 -0.098 -0.966 0.141 0.139 -0.969 0.005 -0.051 -0.890 0.086 0.108 -0.873 -0.024 -0.086 -0.538 0.006 0.101 -0.534 0.061 -0.020 -0.412 0.066 0.055 -0.404 
0.999 -0.001 -0.040 0.012 0.996 -0.004 0.009 -0.087 0.130 -0.092 -0.965 0.145 0.147 -0.968 0.004 -0.045 -0.890 0.082 0.112 -0.875 -0.025 -0.084 -0.538 0.010 0.105 -0.534 0.058 -0.019 -0.413 0.066 0.056 -0.404 
0.999 -0.001 -0.040 0.012 0.996 -0.004 0.009 -0.087 0.130 -0.092 -0.965 0.145 0.147 -0.968 0.004 -0.045 -0.890 0.082 0.112 -0.875 -0.025 -0.084 -0.538 0.010 0.105 -0.534 0.058 -0.019 -0.413 0.066 0.056 -0.404 
0.999 -0.001 -0.040 0.012 0.996 -0.004 0.009 -0.087 0.130 -0.092 -0.965 0.145 0.147 -0.968 0.004 -0.045 -0.890 0.082 0.112 -0.875 -0.025 -0.084 -0.538 0.010 0.105 -0.534 0.058 -0.019 -0.413 0.066 0.056 -0.404 
0.999 0.001 -0.041 0.015 0.996 -0.004 0.012 -0.089 0.131 -0.090 -0.966 0.153 0.147 -0.966 0.010 -0.046 -0.890 0.087 0.113 -0.874 -0.022 -0.083 -0.538 0.013 0.105 -0.534 0.062 -0.018 -0.412 0.068 0.056 -0.403 
0.999 0.001 -0.041 0.015 0.996 -0.004 0.012 -0.089 0.131 -0.090 -0.966 0.153 0.147 -0.966 0.010 -0.046 -0.890 0.087 0.113 -0.874 -0.022 -0.083 -0.538 0.013 0.105 -0.534 0.062 -0.018 -0.412 0.068 0.056 -0.403 
0.999 0.001 -0.041 0.015 0.996 -0.002 0.010 -0.088 0.131 -0.092 -0.966 0.150 0.145 -0.967 0.006 -0.049 -0.890 0.083 0.110 -0.875 -0.023 -0.084 -0.538 0.012 0.103 -0.534 0.060 -0.020 -0.412 0.066 0.055 -0.404 
0.999 0.001 -0.041 0.015 0.996 -0.000 0.013 -0.086 0.136 -0.095 -0.965 0.156 0.141 -0.967 0.011 -0.052 -0.890 0.089 0.107 -0.875 -0.020 -0.086 -0.538 0.015 0.102 -0.534 0.062 -0.021 -0.412 0.069 0.053 -0.404 
0.999 0.001 -0.041 0.015 0.996 -0.003 0.010 -0.088 0.130 -0.090 -0.966 0.149 0.146 -0.967 0.005 -0.048 -0.890 0.082 0.111 -0.875 -0.023 -0.083 -0.538 0.011 0.104 -0.534 0.060 -0.019 -0.412 0.066 0.055 -0.404 
0.999 0.000 -0.042 0.013 0.996 -0.002 0.015 -0.090 0.135 -0.092 -0.964 0.149 0.149 -0.967 0.009 -0.050 -0.891 0.083 0.109 -0.878 -0.025 -0.084 -0.538 0.012 0.106 -0.534 0.059 -0.021 -0.412 0.065 0.054 -0.404 
0.999 -0.003 -0.039 0.009 0.996 0.001 0.012 -0.086 0.127 -0.093 -0.966 0.143 0.139 -0.970 -0.005 -0.056 -0.890 0.078 0.099 -0.878 -0.025 -0.084 -0.538 0.011 0.100 -0.535 0.055 -0.026 -0.412 0.062 0.048 -0.405 
0.999 -0.003 -0.039 0.009 0.996 0.001 0.014 -0.086 0.133 -0.094 -0.965 0.148 0.138 -0.969 -0.002 -0.056 -0.890 0.080 0.100 -0.878 -0.023 -0.084 -0.538 0.013 0.100 -0.535 0.056 -0.026 -0.412 0.063 0.048 -0.405 
0.999 0.001 -0.045 0.011 0.996 -0.002 0.014 -0.091 0.133 -0.091 -0.964 0.148 0.140 -0.968 -0.009 -0.056 -0.892 0.075 0.105 -0.876 -0.025 -0.084 -0.538 0.010 0.101 -0.534 0.056 -0.025 -0.412 0.065 0.051 -0.405 
0.999 0.001 -0.042 0.015 0.996 -0.004 0.014 -0.093 0.127 -0.099 -0.965 0.148 0.144 -0.968 -0.011 -0.048 -0.888 0.077 0.108 -0.874 -0.025 -0.088 -0.537 0.011 0.101 -0.534 0.052 -0.023 -0.413 0.059 0.052 -0.405 
0.999 0.001 -0.045 0.014 0.996 -0.003 0.014 -0.091 0.128 -0.101 -0.967 0.152 0.142 -0.968 -0.011 -0.051 -0.888 0.068 0.103 -0.876 -0.021 -0.087 -0.538 0.014 0.100 -0.535 0.053 -0.023 -0.413 0.057 0.051 -0.406 
0.999 0.002 -0.043 0.017 0.996 -0.004 0.016 -0.091 0.133 -0.102 -0.965 0.158 0.144 -0.967 -0.007 -0.047 -0.887 0.068 0.104 -0.875 -0.021 -0.088 -0.537 0.018 0.101 -0.534 0.054 -0.022 -0.413 0.056 0.051 -0.406 
0.999 -0.001 -0.044 0.011 0.996 -0.004 0.012 -0.090 0.133 -0.100 -0.968 0.145 0.148 -0.969 -0.020 -0.048 -0.889 0.054 0.104 -0.874 -0.015 -0.084 -0.538 0.015 0.102 -0.534 0.046 -0.022 -0.414 0.049 0.051 -0.407 
0.999 -0.001 -0.045 0.014 0.996 -0.004 0.015 -0.084 0.127 -0.101 -0.965 0.158 0.145 -0.967 -0.023 -0.048 -0.889 0.054 0.101 -0.873 -0.027 -0.088 -0.537 0.020 0.102 -0.534 0.052 -0.022 -0.413 0.053 0.050 -0.406 
0.999 -0.002 -0.044 0.014 0.996 -0.004 0.018 -0.090 0.136 -0.103 -0.967 0.154 0.146 -0.966 -0.019 -0.049 -0.890 0.055 0.102 -0.875 -0.012 -0.087 -0.538 0.012 0.103 -0.534 0.052 -0.022 -0.413 0.057 0.051 -0.406 
0.999 -0.004 -0.048 0.014 0.997 -0.006 0.017 -0.081 0.133 -0.096 -0.964 0.155 0.149 -0.966 -0.035 -0.046 -0.889 0.044 0.103 -0.874 -0.025 -0.086 -0.538 0.015 0.104 -0.534 0.048 -0.022 -0.414 0.056 0.050 -0.406 
0.999 -0.002 -0.050 0.013 0.996 -0.008 0.019 -0.087 0.134 -0.093 -0.965 0.151 0.154 -0.965 -0.041 -0.040 -0.889 0.042 0.110 -0.871 -0.022 -0.084 -0.538 0.010 0.109 -0.533 0.047 -0.017 -0.414 0.055 0.055 -0.405 
0.998 -0.002 -0.054 0.016 0.996 -0.002 0.021 -0.088 0.147 -0.108 -0.962 0.149 0.139 -0.967 -0.041 -0.056 -0.885 0.030 0.095 -0.875 -0.014 -0.091 -0.537 0.006 0.099 -0.535 0.039 -0.027 -0.414 0.055 0.045 -0.407 
0.998 -0.005 -0.061 0.018 0.995 -0.004 0.025 -0.092 0.154 -0.108 -0.960 0.146 0.146 -0.964 -0.050 -0.063 -0.886 0.023 0.094 -0.873 -0.012 -0.093 -0.537 -0.002 0.102 -0.534 0.035 -0.030 -0.414 0.052 0.044 -0.407 
0.998 -0.004 -0.064 0.018 0.996 -0.007 0.030 -0.090 0.155 -0.107 -0.958 0.139 0.150 -0.965 -0.043 -0.058 -0.880 0.025 0.102 -0.869 -0.015 -0.092 -0.537 -0.005 0.104 -0.534 0.038 -0.028 -0.414 0.056 0.047 -0.406 
0.998 -0.005 -0.061 0.018 0.995 -0.005 0.027 -0.097 0.163 -0.108 -0.960 0.109 0.145 -0.969 -0.056 -0.062 -0.879 0.011 0.093 -0.869 -0.003 -0.092 -0.537 -0.024 0.102 -0.534 0.032 -0.032 -0.415 0.064 0.045 -0.405 
0.998 0.006 -0.062 0.025 0.995 -0.004 0.029 -0.094 0.138 -0.118 -0.961 0.092 0.144 -0.976 -0.063 -0.078 -0.870 -0.002 0.073 -0.867 -0.020 -0.100 -0.535 -0.017 0.096 -0.535 0.040 -0.044 -0.413 0.066 0.028 -0.406 
0.998 0.005 -0.059 0.015 0.996 -0.002 0.030 -0.089 0.132 -0.130 -0.956 0.088 0.151 -0.974 -0.069 -0.091 -0.867 0.001 0.059 -0.868 -0.032 -0.108 -0.533 -0.021 0.103 -0.534 0.042 -0.054 -0.411 0.066 0.022 -0.407 
0.998 0.008 -0.061 0.012 0.996 -0.002 0.031 -0.086 0.126 -0.128 -0.960 0.102 0.152 -0.972 -0.070 -0.089 -0.858 -0.009 0.050 -0.867 -0.031 -0.104 -0.534 -0.016 0.106 -0.533 0.064 -0.050 -0.409 0.062 0.021 -0.407 
0.998 0.001 -0.055 0.000 0.996 -0.005 0.031 -0.080 0.113 -0.121 -0.962 0.111 0.170 -0.964 -0.068 -0.078 -0.855 -0.004 0.053 -0.865 -0.039 -0.102 -0.534 -0.021 0.125 -0.529 0.098 -0.041 -0.403 0.067 0.026 -0.406 
0.998 -0.006 -0.051 -0.023 0.997 -0.001 0.027 -0.071 0.105 -0.134 -0.963 0.098 0.147 -0.967 -0.062 -0.093 -0.852 -0.025 0.040 -0.863 -0.040 -0.106 -0.533 -0.029 0.120 -0.530 0.125 -0.048 -0.395 0.057 0.021 -0.408 
0.998 0.001 -0.045 -0.042 0.998 -0.013 0.039 -0.050 0.078 -0.119 -0.967 0.161 0.179 -0.953 0.007 -0.061 -0.833 -0.026 0.062 -0.859 -0.059 -0.093 -0.534 0.010 0.148 -0.523 0.189 -0.037 -0.370 0.059 0.032 -0.407 
0.998 0.010 -0.047 -0.048 0.998 -0.017 0.043 -0.050 0.060 -0.108 -0.970 0.177 0.189 -0.948 0.069 -0.044 -0.817 -0.035 0.073 -0.858 -0.067 -0.084 -0.534 0.021 0.158 -0.520 0.217 -0.036 -0.354 0.053 0.035 -0.408 
0.997 0.018 -0.045 -0.054 0.998 -0.017 0.049 -0.039 0.044 -0.108 -0.974 0.205 0.203 -0.943 0.148 -0.039 -0.805 -0.033 0.083 -0.858 -0.071 -0.079 -0.535 0.047 0.162 -0.517 0.233 -0.044 -0.343 0.051 0.036 -0.408 
0.997 0.023 -0.021 -0.070 0.998 -0.020 0.049 -0.032 0.005 -0.094 -0.978 0.210 0.184 -0.938 0.286 -0.010 -0.824 -0.069 0.094 -0.868 -0.088 -0.070 -0.534 0.038 0.168 -0.516 0.235 -0.038 -0.342 0.033 0.039 -0.409 
0.998 0.032 -0.015 -0.058 0.998 -0.020 0.049 -0.040 -0.024 -0.095 -0.981 0.221 0.201 -0.929 0.341 -0.008 -0.806 -0.094 0.098 -0.874 -0.096 -0.070 -0.532 0.035 0.177 -0.513 0.222 -0.037 -0.351 0.017 0.042 -0.410 
0.997 0.036 0.002 -0.068 0.998 -0.024 0.041 -0.027 -0.082 -0.073 -0.984 0.219 0.208 -0.925 0.379 0.010 -0.815 -0.163 0.125 -0.869 -0.113 -0.053 -0.531 0.029 0.186 -0.510 0.194 -0.018 -0.369 -0.004 0.057 -0.409 
0.998 0.031 -0.005 -0.062 0.999 -0.014 0.041 -0.011 -0.100 -0.065 -0.984 0.239 0.200 -0.922 0.330 -0.009 -0.833 -0.183 0.123 -0.864 -0.120 -0.050 -0.530 0.040 0.179 -0.512 0.187 -0.025 -0.372 -0.002 0.053 -0.409 
0.998 0.026 -0.013 -0.050 0.999 -0.009 0.041 -0.008 -0.114 -0.075 -0.984 0.236 0.182 -0.927 0.293 -0.009 -0.838 -0.206 0.119 -0.861 -0.117 -0.056 -0.530 0.036 0.162 -0.518 0.180 -0.021 -0.376 0.012 0.046 -0.410 
0.999 0.036 -0.013 -0.024 0.999 -0.009 0.041 -0.022 -0.135 -0.076 -0.984 0.211 0.187 -0.933 0.260 0.006 -0.839 -0.224 0.116 -0.857 -0.113 -0.056 -0.530 0.021 0.161 -0.519 0.185 -0.007 -0.374 0.030 0.053 -0.408 
0.999 0.044 -0.010 -0.003 0.998 -0.007 0.037 -0.041 -0.129 -0.091 -0.984 0.177 0.191 -0.937 0.235 0.020 -0.842 -0.240 0.099 -0.840 -0.105 -0.066 -0.531 -0.005 0.160 -0.520 0.177 0.001 -0.378 0.052 0.049 -0.406 
0.998 0.041 -0.005 0.037 0.997 -0.001 0.039 -0.060 -0.037 -0.126 -0.987 0.121 0.165 -0.953 0.190 0.029 -0.849 -0.165 0.066 -0.830 -0.060 -0.093 -0.534 -0.036 0.136 -0.525 0.162 0.011 -0.384 0.116 0.034 -0.394 
0.998 0.040 -0.020 0.050 0.997 0.001 0.050 -0.062 0.025 -0.142 -0.984 0.126 0.158 -0.955 0.184 0.030 -0.839 -0.084 0.068 -0.820 -0.027 -0.108 -0.533 -0.034 0.124 -0.529 0.164 0.009 -0.383 0.160 0.031 -0.379 
0.997 0.027 -0.017 0.072 0.997 -0.000 0.055 -0.059 0.110 -0.153 -0.971 0.089 0.160 -0.958 0.136 0.033 -0.850 0.057 0.036 -0.808 0.006 -0.130 -0.529 -0.057 0.121 -0.527 0.146 0.016 -0.390 0.213 0.037 -0.352 
0.996 0.020 -0.013 0.082 0.997 -0.000 0.054 -0.062 0.150 -0.157 -0.962 0.073 0.156 -0.959 0.121 0.036 -0.851 0.141 0.042 -0.807 0.021 -0.142 -0.526 -0.069 0.116 -0.527 0.133 0.018 -0.395 0.233 0.059 -0.336 
0.997 -0.002 -0.002 0.076 0.997 0.009 0.053 -0.059 0.163 -0.189 -0.955 0.035 0.135 -0.963 0.092 0.019 -0.870 0.222 0.016 -0.787 0.033 -0.158 -0.520 -0.093 0.102 -0.526 0.118 0.013 -0.400 0.246 0.058 -0.326 
0.996 -0.008 -0.005 0.087 0.996 0.006 0.062 -0.056 0.267 -0.176 -0.927 -0.009 0.135 -0.973 0.057 0.020 -0.866 0.327 0.025 -0.777 0.079 -0.165 -0.513 -0.096 0.096 -0.527 0.102 0.013 -0.404 0.256 0.049 -0.320 
0.993 -0.011 0.023 0.114 0.997 0.005 0.051 -0.060 0.224 -0.139 -0.934 -0.059 0.143 -0.981 0.004 0.014 -0.879 0.499 0.060 -0.734 0.043 -0.165 -0.518 -0.091 0.090 -0.528 0.072 0.006 -0.411 0.236 0.041 -0.336 
0.995 -0.021 0.022 0.093 0.998 0.000 0.050 -0.046 0.319 -0.132 -0.897 -0.080 0.135 -0.983 -0.064 0.021 -0.878 0.525 0.044 -0.713 0.076 -0.166 -0.513 -0.092 0.086 -0.529 0.049 0.004 -0.414 0.226 0.030 -0.344 
0.995 -0.023 0.027 0.091 0.998 -0.005 0.041 -0.048 0.330 -0.133 -0.880 -0.135 0.141 -0.977 -0.125 0.029 -0.880 0.503 0.038 -0.735 0.067 -0.176 -0.511 -0.116 0.089 -0.524 0.040 0.006 -0.415 0.215 0.028 -0.351 
0.996 -0.023 0.034 0.075 0.998 -0.014 0.028 -0.045 0.344 -0.124 -0.873 -0.140 0.112 -0.979 -0.184 0.045 -0.856 0.449 0.013 -0.777 0.071 -0.172 -0.512 -0.121 0.077 -0.525 0.065 0.022 -0.411 0.206 0.019 -0.357 
0.997 -0.018 0.026 0.064 0.999 -0.015 0.034 -0.027 0.364 -0.112 -0.863 -0.090 0.124 -0.986 -0.080 0.052 -0.862 0.476 -0.011 -0.755 0.072 -0.156 -0.517 -0.080 0.079 -0.532 0.084 0.016 -0.408 0.194 0.004 -0.364 
0.997 0.004 0.031 0.072 0.999 -0.028 0.026 -0.036 0.353 -0.082 -0.874 -0.052 0.133 -0.985 -0.040 0.041 -0.831 0.473 0.011 -0.752 0.070 -0.139 -0.522 -0.075 0.093 -0.531 0.157 0.025 -0.386 0.164 0.013 -0.378 
0.996 0.018 0.066 0.056 0.999 -0.032 0.004 -0.024 0.317 -0.063 -0.893 -0.010 0.130 -0.975 0.116 0.061 -0.872 0.436 -0.005 -0.782 0.051 -0.122 -0.529 -0.086 0.113 -0.525 0.189 0.028 -0.371 0.105 0.009 -0.399 
0.996 0.013 0.084 0.037 0.999 -0.033 -0.010 -0.006 0.290 -0.085 -0.897 -0.004 0.142 -0.971 0.229 0.087 -0.879 0.432 -0.016 -0.765 0.027 -0.128 -0.529 -0.084 0.126 -0.522 0.181 0.022 -0.375 0.073 0.006 -0.406 
0.998 0.013 0.059 0.009 0.999 -0.033 0.008 0.023 0.318 -0.097 -0.889 0.066 0.136 -0.961 0.317 0.075 -0.852 0.423 -0.001 -0.767 0.040 -0.123 -0.530 -0.061 0.137 -0.523 0.205 0.016 -0.363 0.077 -0.000 -0.405 
0.997 0.020 0.078 -0.003 0.999 -0.032 0.001 0.041 0.324 -0.103 -0.875 0.145 0.119 -0.938 0.389 0.067 -0.830 0.448 -0.108 -0.759 0.032 -0.134 -0.528 -0.038 0.149 -0.521 0.207 0.014 -0.362 0.100 -0.047 -0.397 
0.997 0.021 0.073 -0.001 0.999 -0.024 0.004 0.044 0.359 -0.109 -0.858 0.218 0.103 -0.917 0.408 0.051 -0.828 0.425 -0.104 -0.772 0.051 -0.141 -0.524 -0.010 0.146 -0.523 0.207 0.008 -0.362 0.082 -0.047 -0.402 
0.996 0.027 0.082 0.028 0.999 -0.023 0.008 0.035 0.395 -0.077 -0.844 0.261 0.122 -0.897 0.405 0.074 -0.836 0.413 -0.057 -0.781 0.078 -0.134 -0.523 0.004 0.155 -0.521 0.205 0.017 -0.363 0.063 -0.021 -0.407 
0.995 0.030 0.095 0.009 0.997 -0.023 -0.000 0.068 0.419 -0.075 -0.835 0.273 0.125 -0.893 0.416 0.057 -0.840 0.411 -0.048 -0.793 0.091 -0.123 -0.523 0.017 0.165 -0.517 0.185 0.008 -0.374 0.062 -0.019 -0.408 
0.994 0.030 0.102 0.012 0.997 -0.012 0.003 0.082 0.434 -0.074 -0.827 0.257 0.113 -0.905 0.430 0.015 -0.835 0.432 -0.094 -0.783 0.105 -0.132 -0.519 0.014 0.156 -0.520 0.192 -0.011 -0.370 0.076 -0.042 -0.404 
0.996 0.023 0.075 0.041 0.995 0.003 0.056 0.078 0.593 -0.043 -0.730 0.379 0.111 -0.861 0.416 0.064 -0.803 0.524 -0.091 -0.738 0.215 -0.115 -0.488 0.075 0.134 -0.521 0.108 0.019 -0.402 0.165 -0.056 -0.374 
0.994 0.010 0.073 0.080 0.996 0.010 0.079 0.047 0.645 -0.003 -0.682 0.466 0.139 -0.784 0.400 0.124 -0.792 0.555 -0.069 -0.704 0.259 -0.111 -0.467 0.094 0.132 -0.519 0.081 0.049 -0.406 0.170 -0.052 -0.372 
0.992 0.008 0.089 0.088 0.995 0.017 0.085 0.048 0.667 0.006 -0.667 0.441 0.148 -0.823 0.370 0.119 -0.809 0.572 -0.054 -0.695 0.280 -0.108 -0.455 0.102 0.128 -0.518 0.066 0.042 -0.410 0.173 -0.044 -0.372 
0.993 0.022 0.088 0.071 0.987 0.013 0.127 0.103 0.740 -0.055 -0.588 0.545 0.119 -0.799 0.407 0.096 -0.799 0.599 -0.028 -0.670 0.327 -0.135 -0.415 0.211 0.112 -0.488 0.135 0.036 -0.393 0.200 -0.034 -0.360 
0.993 0.025 0.096 0.064 0.984 0.004 0.141 0.112 0.748 -0.055 -0.590 0.547 0.139 -0.798 0.411 0.106 -0.797 0.592 0.016 -0.681 0.337 -0.128 -0.410 0.218 0.127 -0.481 0.146 0.040 -0.389 0.199 -0.012 -0.361 
0.994 0.022 0.094 0.055 0.977 0.001 0.164 0.135 0.769 -0.090 -0.560 0.585 0.133 -0.777 0.414 0.083 -0.798 0.595 0.045 -0.674 0.348 -0.142 -0.395 0.251 0.121 -0.467 0.144 0.032 -0.390 0.202 -0.002 -0.360 
0.995 0.049 0.083 -0.005 0.955 -0.007 0.195 0.222 0.726 -0.225 -0.549 0.588 0.064 -0.782 0.483 -0.023 -0.742 0.576 -0.017 -0.683 0.293 -0.207 -0.413 0.269 0.109 -0.459 0.268 -0.050 -0.316 0.202 -0.024 -0.359 
0.994 0.021 0.094 0.042 0.958 -0.010 0.236 0.164 0.710 -0.106 -0.667 0.602 0.100 -0.769 0.512 0.013 -0.735 0.562 0.020 -0.706 0.343 -0.141 -0.400 0.268 0.116 -0.458 0.271 -0.016 -0.316 0.244 0.010 -0.332 
0.994 0.014 0.074 0.078 0.955 -0.024 0.268 0.125 0.713 -0.052 -0.676 0.622 0.169 -0.741 0.461 0.038 -0.772 0.541 0.035 -0.718 0.355 -0.106 -0.400 0.272 0.138 -0.449 0.240 0.000 -0.341 0.239 0.015 -0.336 
0.998 0.019 0.053 0.038 0.947 -0.031 0.279 0.155 0.688 -0.132 -0.693 0.601 0.104 -0.773 0.396 0.028 -0.813 0.480 0.015 -0.766 0.328 -0.134 -0.415 0.269 0.101 -0.461 0.198 0.001 -0.367 0.205 0.003 -0.358 
1.000 0.006 0.019 0.016 0.953 -0.045 0.245 0.175 0.575 -0.098 -0.783 0.550 0.235 -0.763 0.271 0.025 -0.868 0.343 0.031 -0.838 0.237 -0.114 -0.478 0.211 0.194 -0.461 0.117 0.012 -0.400 0.177 0.022 -0.372 
0.999 0.020 -0.003 -0.038 0.947 -0.058 0.224 0.222 0.626 -0.159 -0.647 0.580 0.317 -0.693 0.176 0.017 -0.881 0.282 0.022 -0.871 0.200 -0.115 -0.495 0.216 0.259 -0.425 0.017 0.021 -0.416 0.095 0.012 -0.401 
1.000 0.009 0.000 -0.015 0.948 -0.056 0.225 0.219 0.466 -0.066 -0.800 0.534 0.274 -0.741 0.190 -0.005 -0.894 0.271 0.015 -0.880 0.101 -0.086 -0.529 0.184 0.240 -0.450 0.048 0.011 -0.414 0.128 0.016 -0.392 
1.000 0.009 0.000 -0.015 0.948 -0.059 0.227 0.215 0.470 -0.060 -0.798 0.535 0.280 -0.738 0.195 -0.001 -0.893 0.276 0.019 -0.879 0.104 -0.083 -0.529 0.185 0.243 -0.448 0.050 0.012 -0.414 0.130 0.018 -0.391 
0.999 0.013 -0.002 -0.047 0.950 -0.073 0.222 0.209 0.530 -0.120 -0.664 0.507 0.301 -0.720 0.175 0.008 -0.893 0.268 0.025 -0.888 0.096 -0.098 -0.529 0.146 0.278 -0.441 0.016 0.021 -0.416 0.084 0.016 -0.404 
0.999 0.014 -0.001 -0.046 0.947 -0.068 0.232 0.214 0.534 -0.136 -0.658 0.523 0.282 -0.713 0.186 -0.008 -0.891 0.281 0.007 -0.885 0.099 -0.106 -0.528 0.157 0.269 -0.440 0.021 0.014 -0.416 0.089 0.009 -0.403 
1.000 0.005 -0.010 -0.017 0.953 -0.071 0.248 0.157 0.550 -0.073 -0.593 0.506 0.239 -0.710 0.185 -0.010 -0.905 0.314 0.002 -0.884 0.104 -0.122 -0.521 0.123 0.262 -0.462 0.035 0.014 -0.415 0.125 0.003 -0.393 
