0.999 0.005 -0.029 0.022 0.998 -0.007 -0.004 -0.068 0.115 -0.150 -0.976 0.159 0.159 -0.966 0.102 -0.063 -0.874 0.117 0.132 -0.865 0.013 -0.104 -0.535 0.026 0.106 -0.533 0.095 -0.032 -0.405 0.076 0.069 -0.400 
0.999 0.001 -0.030 0.023 0.998 -0.004 0.000 -0.066 0.127 -0.158 -0.974 0.181 0.161 -0.960 0.118 -0.072 -0.864 0.129 0.121 -0.859 0.025 -0.107 -0.534 0.031 0.107 -0.532 0.102 -0.038 -0.402 0.086 0.062 -0.399 
1.000 0.002 -0.026 0.016 0.998 -0.003 -0.004 -0.064 0.133 -0.158 -0.972 0.173 0.159 -0.965 0.109 -0.073 -0.868 0.126 0.117 -0.861 0.025 -0.107 -0.534 0.039 0.105 -0.532 0.102 -0.039 -0.402 0.080 0.061 -0.400 
1.000 -0.001 -0.025 0.016 0.998 0.000 -0.001 -0.067 0.139 -0.164 -0.971 0.159 0.152 -0.970 0.120 -0.081 -0.860 0.147 0.110 -0.853 0.032 -0.109 -0.533 0.036 0.099 -0.534 0.110 -0.042 -0.400 0.084 0.058 -0.400 
0.999 0.001 -0.029 0.020 0.998 0.001 0.002 -0.068 0.136 -0.163 -0.973 0.167 0.152 -0.969 0.119 -0.077 -0.859 0.146 0.109 -0.849 0.033 -0.107 -0.533 0.043 0.098 -0.533 0.112 -0.042 -0.399 0.094 0.055 -0.398 
0.999 0.001 -0.029 0.017 0.997 -0.001 0.002 -0.073 0.149 -0.157 -0.970 0.157 0.156 -0.969 0.134 -0.068 -0.859 0.140 0.108 -0.853 0.034 -0.106 -0.533 0.033 0.102 -0.533 0.111 -0.040 -0.400 0.092 0.056 -0.398 
0.999 0.001 -0.028 0.017 0.997 -0.001 0.001 -0.072 0.147 -0.159 -0.970 0.155 0.154 -0.970 0.132 -0.069 -0.859 0.139 0.107 -0.853 0.033 -0.107 -0.533 0.032 0.101 -0.534 0.111 -0.041 -0.400 0.092 0.055 -0.399 
0.999 0.001 -0.028 0.017 0.997 0.001 -0.001 -0.072 0.141 -0.163 -0.971 0.152 0.151 -0.971 0.128 -0.072 -0.860 0.137 0.104 -0.853 0.029 -0.109 -0.533 0.030 0.099 -0.534 0.109 -0.043 -0.400 0.091 0.054 -0.399 
0.999 0.004 -0.032 0.009 0.998 -0.001 0.001 -0.066 0.140 -0.164 -0.970 0.153 0.149 -0.972 0.126 -0.071 -0.856 0.133 0.105 -0.855 0.028 -0.110 -0.533 0.037 0.097 -0.534 0.109 -0.042 -0.400 0.090 0.051 -0.400 
0.999 0.004 -0.032 0.009 0.998 0.001 0.001 -0.065 0.141 -0.167 -0.970 0.154 0.146 -0.973 0.126 -0.074 -0.855 0.133 0.103 -0.856 0.028 -0.111 -0.533 0.038 0.096 -0.534 0.109 -0.043 -0.400 0.090 0.049 -0.400 
1.000 0.004 -0.029 0.008 0.998 0.000 0.005 -0.069 0.151 -0.165 -0.968 0.159 0.150 -0.970 0.135 -0.072 -0.856 0.139 0.104 -0.853 0.031 -0.111 -0.533 0.034 0.100 -0.534 0.112 -0.043 -0.399 0.092 0.051 -0.399 
1.000 0.004 -0.029 0.008 0.998 -0.001 0.004 -0.070 0.149 -0.162 -0.968 0.156 0.153 -0.970 0.134 -0.070 -0.856 0.138 0.107 -0.853 0.030 -0.110 -0.533 0.033 0.102 -0.533 0.111 -0.042 -0.400 0.092 0.052 -0.399 
1.000 0.003 -0.026 0.006 0.998 -0.001 0.004 -0.069 0.146 -0.165 -0.969 0.151 0.160 -0.971 0.127 -0.069 -0.859 0.140 0.105 -0.853 0.028 -0.111 -0.533 0.037 0.103 -0.533 0.110 -0.042 -0.400 0.091 0.051 -0.399 
1.000 0.007 -0.025 0.006 0.998 -0.003 0.003 -0.066 0.136 -0.163 -0.971 0.149 0.167 -0.971 0.130 -0.062 -0.855 0.129 0.107 -0.854 0.024 -0.109 -0.533 0.038 0.107 -0.532 0.108 -0.041 -0.401 0.090 0.052 -0.400 
1.000 0.007 -0.025 0.006 0.998 -0.001 0.003 -0.065 0.137 -0.167 -0.970 0.151 0.163 -0.971 0.129 -0.066 -0.855 0.130 0.104 -0.854 0.025 -0.111 -0.533 0.039 0.105 -0.532 0.108 -0.042 -0.401 0.090 0.050 -0.400 
1.000 0.007 -0.025 0.006 0.998 -0.002 0.003 -0.066 0.138 -0.163 -0.971 0.151 0.166 -0.970 0.129 -0.063 -0.855 0.130 0.106 -0.854 0.025 -0.109 -0.533 0.039 0.106 -0.532 0.108 -0.041 -0.401 0.090 0.052 -0.400 
0.999 0.008 -0.034 0.010 0.998 -0.002 0.004 -0.069 0.157 -0.160 -0.967 0.162 0.164 -0.968 0.123 -0.066 -0.852 0.117 0.108 -0.853 0.031 -0.110 -0.533 0.041 0.106 -0.532 0.106 -0.040 -0.401 0.098 0.050 -0.398 
0.999 0.008 -0.034 0.010 0.998 -0.002 0.004 -0.069 0.159 -0.161 -0.966 0.164 0.164 -0.968 0.125 -0.067 -0.852 0.118 0.107 -0.853 0.032 -0.110 -0.533 0.042 0.106 -0.532 0.107 -0.040 -0.401 0.099 0.049 -0.398 
0.999 0.001 -0.049 -0.007 0.999 0.000 -0.014 -0.050 0.156 -0.169 -0.963 0.170 0.159 -0.968 0.061 -0.080 -0.855 0.092 0.098 -0.852 0.022 -0.114 -0.532 0.049 0.103 -0.532 0.096 -0.044 -0.403 0.096 0.043 -0.399 
0.998 0.001 -0.055 -0.005 0.998 -0.003 -0.020 -0.057 0.174 -0.167 -0.960 0.174 0.168 -0.966 0.048 -0.073 -0.854 0.065 0.104 -0.849 0.031 -0.113 -0.532 0.049 0.109 -0.531 0.094 -0.038 -0.405 0.086 0.048 -0.401 
0.998 0.005 -0.065 -0.010 0.998 -0.004 -0.031 -0.054 0.194 -0.162 -0.956 0.192 0.180 -0.961 0.023 -0.069 -0.849 0.041 0.106 -0.847 0.036 -0.110 -0.533 0.061 0.115 -0.528 0.086 -0.035 -0.407 0.096 0.047 -0.399 
0.997 0.003 -0.079 -0.010 0.997 -0.003 -0.051 -0.050 0.208 -0.182 -0.951 0.207 0.186 -0.956 -0.032 -0.074 -0.842 -0.016 0.101 -0.837 0.050 -0.119 -0.530 0.069 0.119 -0.526 0.082 -0.033 -0.407 0.086 0.046 -0.401 
0.995 0.004 -0.095 0.000 0.995 -0.006 -0.072 -0.064 0.233 -0.196 -0.943 0.239 0.222 -0.937 -0.079 -0.067 -0.826 -0.067 0.103 -0.823 0.065 -0.125 -0.526 0.071 0.139 -0.521 0.066 -0.026 -0.411 0.066 0.052 -0.404 
0.994 0.011 -0.113 -0.003 0.994 -0.005 -0.083 -0.067 0.286 -0.197 -0.924 0.295 0.229 -0.915 -0.107 -0.068 -0.813 -0.104 0.103 -0.816 0.082 -0.125 -0.524 0.089 0.146 -0.517 0.060 -0.025 -0.412 0.055 0.051 -0.406 
0.992 0.006 -0.129 -0.005 0.993 -0.003 -0.095 -0.063 0.314 -0.206 -0.911 0.293 0.227 -0.921 -0.138 -0.079 -0.796 -0.126 0.098 -0.802 0.093 -0.128 -0.522 0.102 0.139 -0.516 0.045 -0.029 -0.414 0.045 0.047 -0.408 
0.991 0.002 -0.134 -0.011 0.993 0.003 -0.104 -0.055 0.320 -0.236 -0.903 0.281 0.213 -0.931 -0.158 -0.089 -0.791 -0.139 0.086 -0.791 0.100 -0.140 -0.517 0.105 0.128 -0.518 0.033 -0.039 -0.414 0.037 0.039 -0.409 
0.990 -0.002 -0.140 -0.019 0.991 0.003 -0.118 -0.055 0.338 -0.236 -0.899 0.262 0.201 -0.939 -0.164 -0.085 -0.776 -0.164 0.082 -0.778 0.117 -0.136 -0.515 0.096 0.121 -0.521 0.038 -0.035 -0.414 0.025 0.037 -0.410 
0.988 -0.003 -0.155 -0.018 0.991 -0.001 -0.124 -0.057 0.357 -0.230 -0.893 0.266 0.200 -0.939 -0.180 -0.082 -0.772 -0.177 0.092 -0.770 0.127 -0.133 -0.513 0.100 0.119 -0.521 0.028 -0.033 -0.415 0.021 0.041 -0.410 
0.988 -0.003 -0.155 -0.018 0.990 -0.002 -0.125 -0.058 0.357 -0.228 -0.894 0.264 0.203 -0.939 -0.181 -0.081 -0.772 -0.177 0.094 -0.769 0.127 -0.132 -0.513 0.099 0.121 -0.521 0.027 -0.032 -0.415 0.020 0.042 -0.410 
0.986 -0.006 -0.169 -0.018 0.988 0.000 -0.140 -0.057 0.384 -0.217 -0.883 0.285 0.176 -0.933 -0.204 -0.084 -0.751 -0.205 0.087 -0.748 0.139 -0.126 -0.512 0.090 0.109 -0.525 0.023 -0.027 -0.415 0.016 0.041 -0.410 
0.983 -0.009 -0.182 -0.015 0.988 -0.011 -0.150 -0.032 0.367 -0.226 -0.883 0.286 0.198 -0.933 -0.234 -0.064 -0.747 -0.227 0.114 -0.732 0.115 -0.125 -0.518 0.108 0.114 -0.521 -0.004 -0.028 -0.416 -0.008 0.050 -0.410 
0.983 -0.009 -0.182 -0.015 0.988 -0.009 -0.150 -0.031 0.368 -0.231 -0.881 0.287 0.192 -0.933 -0.234 -0.067 -0.747 -0.226 0.111 -0.732 0.115 -0.128 -0.517 0.109 0.111 -0.521 -0.004 -0.030 -0.416 -0.008 0.048 -0.410 
0.982 -0.013 -0.188 -0.012 0.986 -0.019 -0.166 -0.022 0.352 -0.234 -0.886 0.285 0.226 -0.925 -0.263 -0.050 -0.733 -0.252 0.130 -0.709 0.105 -0.125 -0.520 0.102 0.123 -0.520 -0.025 -0.023 -0.416 -0.022 0.063 -0.407 
0.982 -0.013 -0.188 -0.012 0.985 -0.021 -0.168 -0.022 0.350 -0.231 -0.888 0.280 0.230 -0.925 -0.266 -0.048 -0.733 -0.255 0.133 -0.707 0.104 -0.123 -0.521 0.100 0.125 -0.520 -0.026 -0.021 -0.416 -0.023 0.065 -0.407 
0.979 -0.015 -0.205 -0.007 0.983 -0.024 -0.181 -0.016 0.385 -0.237 -0.871 0.329 0.236 -0.906 -0.290 -0.043 -0.711 -0.275 0.140 -0.684 0.124 -0.127 -0.515 0.120 0.126 -0.515 -0.033 -0.017 -0.415 -0.025 0.070 -0.406 
0.978 -0.016 -0.209 -0.007 0.983 -0.025 -0.180 -0.017 0.396 -0.235 -0.867 0.330 0.234 -0.907 -0.288 -0.043 -0.711 -0.275 0.143 -0.684 0.130 -0.126 -0.514 0.122 0.125 -0.515 -0.031 -0.017 -0.416 -0.024 0.071 -0.406 
0.978 -0.016 -0.208 -0.007 0.983 -0.026 -0.183 -0.017 0.392 -0.233 -0.869 0.325 0.236 -0.908 -0.291 -0.042 -0.710 -0.279 0.144 -0.682 0.128 -0.125 -0.515 0.120 0.126 -0.515 -0.033 -0.016 -0.415 -0.026 0.071 -0.406 
0.978 -0.018 -0.207 0.001 0.982 -0.021 -0.188 -0.018 0.383 -0.253 -0.865 0.302 0.231 -0.918 -0.319 -0.054 -0.709 -0.297 0.141 -0.687 0.119 -0.136 -0.514 0.108 0.122 -0.519 -0.051 -0.029 -0.413 -0.040 0.074 -0.404 
0.980 -0.013 -0.200 0.013 0.982 -0.022 -0.187 -0.025 0.377 -0.245 -0.867 0.292 0.250 -0.911 -0.322 -0.055 -0.716 -0.307 0.146 -0.693 0.109 -0.132 -0.517 0.088 0.130 -0.521 -0.054 -0.032 -0.412 -0.049 0.076 -0.403 
0.982 -0.016 -0.189 0.013 0.983 -0.025 -0.180 -0.017 0.367 -0.246 -0.871 0.285 0.254 -0.917 -0.313 -0.044 -0.732 -0.279 0.152 -0.717 0.103 -0.134 -0.518 0.098 0.133 -0.518 -0.059 -0.027 -0.412 -0.038 0.082 -0.403 
0.985 -0.014 -0.175 0.002 0.985 -0.023 -0.169 -0.019 0.366 -0.240 -0.875 0.263 0.245 -0.928 -0.281 -0.045 -0.747 -0.248 0.143 -0.735 0.107 -0.130 -0.518 0.093 0.131 -0.519 -0.049 -0.026 -0.413 -0.028 0.072 -0.405 
0.986 -0.011 -0.167 0.002 0.989 -0.017 -0.147 -0.024 0.372 -0.246 -0.871 0.304 0.237 -0.916 -0.244 -0.054 -0.765 -0.213 0.131 -0.753 0.109 -0.135 -0.517 0.112 0.128 -0.517 -0.023 -0.030 -0.415 -0.012 0.064 -0.407 
0.990 -0.001 -0.142 0.002 0.992 -0.014 -0.119 -0.025 0.349 -0.225 -0.891 0.261 0.231 -0.935 -0.176 -0.049 -0.789 -0.155 0.121 -0.779 0.106 -0.127 -0.519 0.109 0.129 -0.517 0.002 -0.033 -0.416 0.009 0.050 -0.410 
0.992 0.002 -0.128 0.005 0.994 -0.014 -0.105 -0.029 0.342 -0.200 -0.894 0.280 0.197 -0.934 -0.146 -0.052 -0.810 -0.121 0.116 -0.807 0.090 -0.126 -0.522 0.103 0.118 -0.521 0.026 -0.029 -0.415 0.029 0.047 -0.409 
0.995 0.008 -0.102 0.008 0.996 -0.010 -0.075 -0.039 0.326 -0.188 -0.903 0.288 0.196 -0.930 -0.084 -0.058 -0.833 -0.072 0.113 -0.832 0.083 -0.126 -0.524 0.100 0.123 -0.520 0.050 -0.031 -0.413 0.048 0.046 -0.407 
0.996 0.006 -0.088 0.002 0.997 -0.010 -0.063 -0.038 0.315 -0.183 -0.909 0.265 0.196 -0.939 -0.047 -0.061 -0.838 -0.026 0.110 -0.837 0.080 -0.124 -0.525 0.097 0.122 -0.521 0.063 -0.034 -0.411 0.062 0.044 -0.406 
0.997 -0.000 -0.079 -0.001 0.998 -0.006 -0.052 -0.031 0.302 -0.186 -0.908 0.265 0.183 -0.940 -0.036 -0.068 -0.849 0.001 0.106 -0.847 0.061 -0.131 -0.526 0.090 0.119 -0.523 0.066 -0.039 -0.410 0.068 0.042 -0.405 
0.999 -0.001 -0.041 0.001 0.999 -0.006 -0.019 -0.035 0.246 -0.188 -0.918 0.244 0.179 -0.940 0.038 -0.064 -0.871 0.079 0.111 -0.867 0.022 -0.148 -0.524 0.061 0.128 -0.525 0.091 -0.038 -0.405 0.096 0.049 -0.398 
0.999 -0.003 -0.033 0.005 0.999 -0.003 -0.006 -0.039 0.244 -0.190 -0.916 0.267 0.166 -0.931 0.067 -0.068 -0.876 0.097 0.107 -0.871 0.021 -0.157 -0.521 0.061 0.128 -0.525 0.104 -0.040 -0.402 0.107 0.047 -0.396 
1.000 -0.006 -0.018 0.011 0.999 -0.002 0.009 -0.048 0.223 -0.194 -0.924 0.259 0.169 -0.926 0.103 -0.068 -0.877 0.112 0.100 -0.876 0.017 -0.164 -0.519 0.044 0.134 -0.525 0.121 -0.039 -0.397 0.119 0.050 -0.392 
1.000 -0.009 -0.009 0.015 0.999 -0.005 0.016 -0.049 0.198 -0.191 -0.935 0.258 0.181 -0.925 0.122 -0.058 -0.878 0.135 0.115 -0.872 0.013 -0.161 -0.520 0.045 0.141 -0.523 0.127 -0.033 -0.396 0.125 0.060 -0.389 
1.000 -0.010 -0.002 0.014 0.999 -0.005 0.026 -0.046 0.177 -0.189 -0.944 0.252 0.177 -0.927 0.134 -0.057 -0.875 0.157 0.114 -0.866 0.011 -0.157 -0.522 0.043 0.140 -0.524 0.138 -0.032 -0.392 0.138 0.066 -0.383 
1.000 -0.010 0.003 0.020 0.998 -0.004 0.029 -0.048 0.161 -0.196 -0.948 0.259 0.175 -0.926 0.148 -0.059 -0.872 0.164 0.113 -0.866 0.010 -0.159 -0.521 0.046 0.138 -0.524 0.142 -0.033 -0.391 0.141 0.066 -0.382 
1.000 -0.016 0.005 0.017 0.998 -0.000 0.033 -0.046 0.149 -0.198 -0.951 0.248 0.171 -0.929 0.144 -0.063 -0.877 0.163 0.103 -0.864 0.006 -0.161 -0.521 0.039 0.137 -0.525 0.147 -0.036 -0.389 0.145 0.063 -0.381 
1.000 -0.012 0.007 0.016 0.998 -0.001 0.036 -0.044 0.150 -0.198 -0.949 0.246 0.175 -0.930 0.156 -0.060 -0.875 0.169 0.104 -0.864 0.001 -0.162 -0.520 0.040 0.140 -0.524 0.150 -0.037 -0.388 0.147 0.063 -0.380 
1.000 -0.009 0.009 0.019 0.998 -0.004 0.041 -0.049 0.166 -0.195 -0.948 0.245 0.186 -0.928 0.163 -0.053 -0.873 0.170 0.114 -0.863 0.015 -0.159 -0.521 0.040 0.146 -0.523 0.151 -0.032 -0.387 0.150 0.068 -0.378 
1.000 -0.007 0.004 0.019 0.998 -0.002 0.046 -0.048 0.170 -0.201 -0.943 0.259 0.180 -0.924 0.164 -0.058 -0.873 0.181 0.113 -0.858 0.010 -0.165 -0.519 0.044 0.144 -0.523 0.152 -0.034 -0.387 0.150 0.064 -0.379 
1.000 -0.004 0.001 0.020 0.998 -0.005 0.044 -0.050 0.176 -0.194 -0.943 0.252 0.190 -0.924 0.167 -0.050 -0.870 0.172 0.124 -0.859 0.011 -0.162 -0.520 0.041 0.149 -0.522 0.151 -0.030 -0.388 0.148 0.069 -0.379 
1.000 -0.006 -0.002 0.022 0.997 -0.007 0.050 -0.052 0.191 -0.185 -0.943 0.268 0.196 -0.917 0.172 -0.044 -0.872 0.170 0.127 -0.858 0.023 -0.155 -0.522 0.046 0.154 -0.520 0.156 -0.025 -0.386 0.151 0.073 -0.377 
1.000 -0.004 -0.004 0.021 0.998 -0.004 0.048 -0.050 0.190 -0.188 -0.943 0.268 0.196 -0.917 0.176 -0.048 -0.866 0.160 0.126 -0.862 0.022 -0.155 -0.522 0.048 0.154 -0.519 0.152 -0.027 -0.387 0.149 0.072 -0.378 
1.000 -0.006 -0.005 0.017 0.998 -0.002 0.053 -0.045 0.199 -0.193 -0.941 0.277 0.195 -0.917 0.184 -0.056 -0.864 0.179 0.122 -0.854 0.030 -0.157 -0.521 0.058 0.152 -0.519 0.158 -0.032 -0.385 0.157 0.068 -0.375 
1.000 -0.007 -0.004 0.018 0.997 -0.001 0.053 -0.048 0.212 -0.195 -0.939 0.272 0.195 -0.918 0.189 -0.058 -0.865 0.185 0.119 -0.854 0.039 -0.157 -0.520 0.055 0.152 -0.519 0.157 -0.032 -0.385 0.155 0.069 -0.376 
1.000 -0.006 -0.005 0.018 0.998 -0.003 0.052 -0.047 0.206 -0.191 -0.942 0.268 0.202 -0.919 0.179 -0.055 -0.866 0.181 0.123 -0.854 0.037 -0.154 -0.522 0.055 0.154 -0.519 0.156 -0.030 -0.385 0.153 0.070 -0.377 
1.000 -0.004 -0.007 0.019 0.998 -0.002 0.053 -0.043 0.223 -0.188 -0.935 0.281 0.198 -0.916 0.189 -0.058 -0.861 0.187 0.122 -0.852 0.038 -0.156 -0.521 0.062 0.153 -0.518 0.156 -0.036 -0.385 0.162 0.067 -0.374 
1.000 -0.003 -0.012 0.013 0.998 -0.008 0.043 -0.041 0.235 -0.180 -0.930 0.283 0.220 -0.912 0.169 -0.046 -0.863 0.162 0.132 -0.855 0.036 -0.152 -0.522 0.066 0.164 -0.514 0.146 -0.030 -0.389 0.158 0.072 -0.374 
1.000 -0.006 -0.024 0.009 0.999 -0.008 0.030 -0.039 0.264 -0.183 -0.915 0.305 0.220 -0.904 0.121 -0.049 -0.872 0.133 0.128 -0.854 0.040 -0.157 -0.520 0.076 0.166 -0.512 0.136 -0.031 -0.393 0.153 0.069 -0.377 
1.000 -0.004 -0.031 0.006 0.999 -0.011 0.022 -0.039 0.284 -0.187 -0.905 0.312 0.219 -0.901 0.110 -0.044 -0.869 0.111 0.132 -0.856 0.045 -0.158 -0.520 0.079 0.166 -0.512 0.133 -0.028 -0.394 0.149 0.070 -0.379 
0.999 -0.002 -0.036 0.004 0.999 -0.010 0.014 -0.036 0.301 -0.188 -0.895 0.314 0.231 -0.899 0.104 -0.044 -0.863 0.088 0.130 -0.857 0.045 -0.158 -0.520 0.083 0.170 -0.510 0.123 -0.030 -0.397 0.143 0.066 -0.382 
0.998 -0.010 -0.060 -0.008 0.999 -0.012 -0.016 -0.032 0.348 -0.210 -0.874 0.328 0.241 -0.894 0.026 -0.052 -0.860 0.037 0.127 -0.847 0.073 -0.162 -0.515 0.096 0.172 -0.507 0.107 -0.030 -0.402 0.119 0.063 -0.390 
0.997 -0.012 -0.070 -0.010 0.999 -0.010 -0.022 -0.031 0.374 -0.215 -0.859 0.350 0.248 -0.884 -0.003 -0.056 -0.856 0.018 0.123 -0.843 0.083 -0.162 -0.514 0.108 0.174 -0.504 0.099 -0.030 -0.404 0.114 0.061 -0.392 
0.995 -0.016 -0.097 -0.013 0.997 -0.009 -0.060 -0.038 0.411 -0.251 -0.839 0.367 0.259 -0.870 -0.104 -0.067 -0.833 -0.071 0.116 -0.820 0.114 -0.172 -0.504 0.109 0.175 -0.503 0.064 -0.031 -0.411 0.079 0.057 -0.401 
0.992 0.000 -0.123 -0.007 0.995 -0.012 -0.089 -0.049 0.465 -0.263 -0.802 0.385 0.283 -0.857 -0.134 -0.059 -0.813 -0.151 0.113 -0.800 0.139 -0.169 -0.499 0.122 0.184 -0.497 0.050 -0.030 -0.413 0.048 0.056 -0.406 
0.990 -0.006 -0.140 -0.024 0.991 -0.017 -0.123 -0.043 0.484 -0.310 -0.763 0.350 0.357 -0.825 -0.191 -0.059 -0.787 -0.222 0.118 -0.771 0.142 -0.174 -0.497 0.069 0.206 -0.499 0.011 -0.030 -0.416 0.009 0.058 -0.408 
0.988 -0.010 -0.151 -0.039 0.990 -0.020 -0.138 -0.032 0.489 -0.329 -0.758 0.279 0.409 -0.836 -0.228 -0.053 -0.768 -0.234 0.124 -0.750 0.154 -0.172 -0.494 0.040 0.224 -0.494 -0.008 -0.026 -0.416 -0.000 0.062 -0.408 
0.987 -0.000 -0.162 -0.009 0.987 -0.019 -0.149 -0.060 0.493 -0.331 -0.761 0.319 0.385 -0.815 -0.241 -0.061 -0.758 -0.281 0.113 -0.737 0.165 -0.174 -0.489 0.040 0.202 -0.504 -0.009 -0.026 -0.416 -0.023 0.068 -0.406 
0.982 -0.003 -0.187 -0.003 0.985 -0.021 -0.162 -0.055 0.445 -0.331 -0.788 0.468 0.360 -0.748 -0.279 -0.071 -0.740 -0.298 0.123 -0.717 0.130 -0.180 -0.497 0.129 0.189 -0.493 -0.019 -0.024 -0.416 -0.034 0.068 -0.406 
0.980 -0.000 -0.201 -0.003 0.982 -0.029 -0.181 -0.052 0.548 -0.310 -0.628 0.446 0.349 -0.662 -0.341 -0.063 -0.728 -0.373 0.142 -0.698 0.135 -0.172 -0.499 0.047 0.189 -0.508 -0.036 -0.024 -0.415 -0.049 0.078 -0.402 
0.978 -0.001 -0.210 -0.003 0.981 -0.027 -0.181 -0.063 0.597 -0.306 -0.610 0.476 0.327 -0.639 -0.359 -0.086 -0.733 -0.405 0.141 -0.698 0.177 -0.188 -0.480 0.061 0.194 -0.505 -0.036 -0.036 -0.414 -0.064 0.084 -0.399 
0.980 -0.004 -0.201 0.002 0.979 -0.037 -0.195 -0.046 0.546 -0.318 -0.621 0.415 0.407 -0.606 -0.390 -0.070 -0.719 -0.428 0.159 -0.679 0.127 -0.195 -0.493 0.017 0.209 -0.502 -0.059 -0.036 -0.411 -0.069 0.097 -0.395 
0.979 -0.004 -0.203 0.003 0.978 -0.035 -0.200 -0.044 0.544 -0.332 -0.623 0.429 0.417 -0.586 -0.396 -0.075 -0.711 -0.431 0.151 -0.677 0.129 -0.203 -0.489 0.030 0.215 -0.499 -0.057 -0.038 -0.411 -0.073 0.097 -0.395 
0.976 -0.017 -0.219 -0.003 0.975 -0.043 -0.217 -0.036 0.586 -0.296 -0.611 0.548 0.338 -0.592 -0.435 -0.059 -0.688 -0.467 0.180 -0.647 0.162 -0.189 -0.485 0.133 0.175 -0.498 -0.072 -0.030 -0.410 -0.089 0.111 -0.387 
0.974 -0.018 -0.228 0.001 0.974 -0.047 -0.218 -0.035 0.604 -0.289 -0.587 0.593 0.344 -0.531 -0.448 -0.055 -0.683 -0.481 0.179 -0.639 0.173 -0.187 -0.481 0.171 0.178 -0.485 -0.074 -0.028 -0.409 -0.095 0.113 -0.385 
0.972 -0.018 -0.236 0.011 0.972 -0.056 -0.225 -0.042 0.628 -0.270 -0.588 0.612 0.362 -0.483 -0.467 -0.047 -0.673 -0.502 0.199 -0.623 0.197 -0.178 -0.476 0.194 0.178 -0.476 -0.078 -0.018 -0.409 -0.116 0.125 -0.376 
0.971 -0.018 -0.236 0.011 0.972 -0.058 -0.224 -0.042 0.630 -0.267 -0.587 0.613 0.364 -0.480 -0.465 -0.044 -0.674 -0.500 0.202 -0.624 0.199 -0.177 -0.475 0.195 0.180 -0.475 -0.077 -0.016 -0.410 -0.115 0.127 -0.376 
0.970 -0.011 -0.244 0.000 0.971 -0.064 -0.227 -0.045 0.617 -0.261 -0.600 0.641 0.322 -0.527 -0.471 -0.031 -0.666 -0.546 0.215 -0.595 0.188 -0.164 -0.484 0.216 0.165 -0.471 -0.084 -0.016 -0.408 -0.137 0.130 -0.367 
0.972 -0.012 -0.235 -0.005 0.972 -0.059 -0.222 -0.048 0.605 -0.280 -0.593 0.598 0.344 -0.504 -0.475 -0.046 -0.671 -0.551 0.201 -0.600 0.176 -0.177 -0.484 0.174 0.178 -0.484 -0.080 -0.022 -0.409 -0.137 0.129 -0.368 
0.973 -0.008 -0.231 -0.009 0.976 -0.054 -0.202 -0.054 0.592 -0.285 -0.574 0.576 0.292 -0.548 -0.452 -0.050 -0.694 -0.535 0.209 -0.626 0.156 -0.190 -0.486 0.136 0.183 -0.494 -0.061 -0.029 -0.411 -0.124 0.124 -0.374 
0.976 -0.007 -0.216 -0.008 0.978 -0.048 -0.193 -0.060 0.582 -0.280 -0.620 0.568 0.314 -0.566 -0.449 -0.069 -0.706 -0.517 0.184 -0.648 0.158 -0.185 -0.487 0.133 0.201 -0.488 -0.061 -0.043 -0.410 -0.117 0.117 -0.378 
0.979 0.000 -0.204 -0.011 0.981 -0.045 -0.179 -0.063 0.569 -0.262 -0.643 0.582 0.325 -0.558 -0.435 -0.073 -0.723 -0.514 0.168 -0.667 0.148 -0.174 -0.495 0.146 0.216 -0.478 -0.056 -0.047 -0.410 -0.112 0.112 -0.381 
0.982 0.007 -0.189 0.005 0.985 -0.042 -0.148 -0.078 0.512 -0.261 -0.669 0.495 0.377 -0.526 -0.363 -0.075 -0.759 -0.446 0.147 -0.712 0.096 -0.183 -0.504 0.062 0.239 -0.485 -0.021 -0.043 -0.414 -0.073 0.099 -0.394 
0.985 -0.005 -0.170 0.006 0.990 -0.037 -0.120 -0.071 0.537 -0.228 -0.667 0.489 0.372 -0.569 -0.303 -0.075 -0.775 -0.367 0.110 -0.746 0.116 -0.167 -0.506 0.064 0.228 -0.490 0.009 -0.046 -0.414 -0.033 0.073 -0.405 
0.988 0.002 -0.156 -0.006 0.993 -0.035 -0.084 -0.080 0.569 -0.171 -0.680 0.563 0.255 -0.602 -0.271 -0.065 -0.789 -0.334 0.133 -0.769 0.150 -0.144 -0.503 0.125 0.191 -0.494 0.030 -0.037 -0.414 -0.004 0.064 -0.408 
0.991 -0.004 -0.131 -0.020 0.996 -0.033 -0.051 -0.060 0.574 -0.162 -0.747 0.457 0.244 -0.798 -0.201 -0.053 -0.803 -0.235 0.141 -0.788 0.199 -0.119 -0.493 0.117 0.183 -0.499 0.051 -0.026 -0.413 0.032 0.060 -0.407 
0.995 0.001 -0.094 -0.038 0.998 -0.038 -0.026 -0.038 0.505 -0.213 -0.807 0.355 0.253 -0.892 -0.129 -0.037 -0.829 -0.138 0.165 -0.809 0.185 -0.137 -0.494 0.141 0.166 -0.498 0.069 -0.031 -0.410 0.067 0.066 -0.402 
0.998 0.010 -0.056 0.000 0.997 -0.036 -0.007 -0.063 0.440 -0.169 -0.848 0.404 0.245 -0.855 0.028 -0.040 -0.870 0.009 0.159 -0.851 0.138 -0.133 -0.510 0.128 0.180 -0.497 0.103 -0.042 -0.402 0.092 0.079 -0.394 
0.999 -0.003 -0.032 -0.015 0.999 -0.029 0.003 -0.045 0.377 -0.189 -0.876 0.307 0.225 -0.910 0.060 -0.047 -0.881 0.077 0.138 -0.855 0.104 -0.144 -0.515 0.097 0.163 -0.510 0.104 -0.048 -0.401 0.113 0.066 -0.391 
1.000 0.001 -0.006 -0.012 0.998 -0.031 0.025 -0.055 0.328 -0.171 -0.902 0.233 0.213 -0.936 0.123 -0.037 -0.883 0.132 0.146 -0.855 0.082 -0.136 -0.521 0.058 0.157 -0.517 0.120 -0.044 -0.397 0.123 0.072 -0.387 
1.000 0.001 0.015 -0.002 0.997 -0.031 0.047 -0.052 0.269 -0.169 -0.929 0.174 0.213 -0.955 0.177 -0.034 -0.878 0.189 0.143 -0.845 0.065 -0.133 -0.525 0.044 0.145 -0.522 0.127 -0.045 -0.395 0.141 0.072 -0.381 
1.000 0.000 0.021 0.005 0.995 -0.030 0.070 -0.062 0.248 -0.164 -0.943 0.134 0.189 -0.966 0.225 -0.033 -0.868 0.228 0.150 -0.832 0.072 -0.125 -0.525 0.022 0.132 -0.527 0.145 -0.044 -0.388 0.155 0.076 -0.375 
1.000 -0.000 0.024 0.005 0.995 -0.032 0.073 -0.063 0.243 -0.160 -0.945 0.129 0.192 -0.966 0.226 -0.029 -0.868 0.228 0.154 -0.832 0.070 -0.122 -0.526 0.020 0.133 -0.527 0.145 -0.043 -0.389 0.154 0.079 -0.375 
0.999 0.001 0.027 0.028 0.993 -0.027 0.093 -0.069 0.214 -0.159 -0.955 0.160 0.159 -0.965 0.272 -0.037 -0.858 0.260 0.147 -0.826 0.066 -0.124 -0.526 0.027 0.115 -0.531 0.160 -0.045 -0.383 0.170 0.072 -0.369 
0.999 0.003 0.031 0.028 0.993 -0.029 0.096 -0.069 0.204 -0.152 -0.956 0.133 0.156 -0.971 0.279 -0.032 -0.856 0.265 0.150 -0.823 0.054 -0.124 -0.528 0.019 0.112 -0.532 0.162 -0.043 -0.382 0.175 0.074 -0.367 
0.999 0.003 0.031 0.028 0.993 -0.028 0.096 -0.068 0.205 -0.153 -0.956 0.135 0.154 -0.971 0.280 -0.033 -0.855 0.267 0.148 -0.823 0.055 -0.125 -0.528 0.020 0.111 -0.532 0.162 -0.044 -0.382 0.175 0.073 -0.366 
0.999 0.007 0.033 0.020 0.992 -0.032 0.103 -0.059 0.209 -0.136 -0.958 0.134 0.149 -0.976 0.286 -0.027 -0.853 0.276 0.155 -0.820 0.058 -0.113 -0.530 0.033 0.104 -0.533 0.166 -0.040 -0.380 0.188 0.077 -0.359 
0.999 0.007 0.033 0.020 0.993 -0.030 0.102 -0.057 0.208 -0.140 -0.958 0.133 0.145 -0.976 0.285 -0.031 -0.853 0.276 0.151 -0.821 0.057 -0.115 -0.530 0.033 0.102 -0.533 0.166 -0.042 -0.380 0.188 0.075 -0.360 
1.000 0.005 0.024 0.012 0.992 -0.032 0.110 -0.055 0.234 -0.122 -0.950 0.165 0.125 -0.967 0.279 -0.028 -0.858 0.276 0.154 -0.823 0.061 -0.113 -0.530 0.027 0.107 -0.533 0.178 -0.033 -0.376 0.192 0.081 -0.356 
1.000 0.005 0.024 0.012 0.992 -0.032 0.111 -0.055 0.236 -0.123 -0.949 0.167 0.124 -0.967 0.280 -0.029 -0.858 0.278 0.153 -0.823 0.062 -0.113 -0.530 0.028 0.107 -0.533 0.178 -0.033 -0.375 0.193 0.081 -0.356 
1.000 0.002 0.013 0.018 0.991 -0.034 0.116 -0.063 0.266 -0.106 -0.945 0.234 0.113 -0.944 0.281 -0.023 -0.855 0.267 0.165 -0.824 0.082 -0.104 -0.529 0.039 0.109 -0.531 0.180 -0.028 -0.375 0.188 0.088 -0.357 
1.000 0.001 0.012 0.022 0.991 -0.035 0.111 -0.070 0.272 -0.101 -0.943 0.231 0.118 -0.939 0.271 -0.019 -0.861 0.252 0.169 -0.830 0.085 -0.104 -0.528 0.026 0.112 -0.532 0.170 -0.027 -0.380 0.179 0.089 -0.361 
1.000 0.004 0.001 0.029 0.991 -0.035 0.108 -0.066 0.283 -0.103 -0.940 0.248 0.130 -0.935 0.250 -0.025 -0.865 0.228 0.163 -0.838 0.094 -0.104 -0.527 0.039 0.116 -0.530 0.172 -0.028 -0.379 0.177 0.088 -0.362 
0.999 0.009 0.001 0.036 0.994 -0.036 0.085 -0.057 0.248 -0.116 -0.947 0.245 0.159 -0.929 0.176 -0.035 -0.889 0.167 0.149 -0.858 0.068 -0.112 -0.529 0.031 0.129 -0.527 0.131 -0.035 -0.394 0.147 0.080 -0.377 
0.999 0.012 -0.004 0.043 0.995 -0.037 0.077 -0.058 0.245 -0.121 -0.948 0.255 0.153 -0.928 0.152 -0.038 -0.895 0.139 0.143 -0.862 0.070 -0.114 -0.528 0.035 0.122 -0.529 0.120 -0.034 -0.398 0.136 0.073 -0.383 
0.999 0.012 -0.006 0.043 0.995 -0.036 0.079 -0.057 0.261 -0.120 -0.944 0.269 0.150 -0.924 0.153 -0.040 -0.895 0.142 0.141 -0.862 0.078 -0.114 -0.527 0.043 0.121 -0.529 0.121 -0.036 -0.398 0.138 0.073 -0.382 
0.999 0.008 -0.015 0.041 0.995 -0.031 0.064 -0.066 0.266 -0.142 -0.942 0.267 0.148 -0.917 0.108 -0.068 -0.895 0.098 0.111 -0.878 0.089 -0.119 -0.524 0.026 0.117 -0.530 0.104 -0.043 -0.402 0.109 0.060 -0.394 
0.999 0.007 -0.021 0.040 0.995 -0.031 0.064 -0.065 0.278 -0.151 -0.937 0.267 0.152 -0.915 0.098 -0.073 -0.896 0.092 0.106 -0.879 0.095 -0.124 -0.522 0.025 0.120 -0.530 0.102 -0.044 -0.402 0.109 0.060 -0.393 
1.000 0.007 -0.016 0.019 0.998 -0.037 0.048 -0.026 0.231 -0.186 -0.945 0.248 0.140 -0.941 0.026 -0.077 -0.888 0.036 0.089 -0.882 0.069 -0.136 -0.523 0.053 0.111 -0.530 0.113 -0.042 -0.399 0.084 0.051 -0.401 
1.000 -0.002 -0.022 0.022 0.998 -0.034 0.048 -0.031 0.226 -0.195 -0.946 0.290 0.127 -0.916 0.025 -0.088 -0.873 0.036 0.078 -0.880 0.073 -0.143 -0.521 0.046 0.108 -0.531 0.144 -0.040 -0.389 0.080 0.047 -0.402 
1.000 0.005 -0.019 0.007 0.998 -0.033 0.050 -0.014 0.221 -0.195 -0.945 0.316 0.115 -0.901 0.030 -0.094 -0.868 0.029 0.074 -0.883 0.062 -0.146 -0.521 0.052 0.115 -0.529 0.170 -0.038 -0.379 0.082 0.044 -0.402 
1.000 0.010 -0.018 -0.010 0.998 -0.041 0.043 -0.017 0.187 -0.198 -0.953 0.288 0.123 -0.915 0.071 -0.062 -0.832 0.007 0.080 -0.882 0.048 -0.142 -0.524 0.048 0.126 -0.527 0.220 -0.028 -0.353 0.068 0.047 -0.404 
0.999 0.016 -0.018 -0.027 0.998 -0.046 0.045 0.006 0.155 -0.202 -0.961 0.282 0.140 -0.926 0.119 -0.049 -0.826 -0.003 0.093 -0.877 0.036 -0.135 -0.527 0.070 0.132 -0.523 0.225 -0.034 -0.349 0.068 0.049 -0.404 
0.999 0.022 -0.009 -0.047 0.998 -0.049 0.041 0.023 0.092 -0.184 -0.974 0.257 0.147 -0.935 0.221 -0.038 -0.827 -0.041 0.105 -0.876 0.006 -0.119 -0.532 0.066 0.142 -0.521 0.241 -0.031 -0.339 0.057 0.052 -0.405 
0.999 0.020 -0.002 -0.049 0.997 -0.049 0.043 0.030 0.063 -0.169 -0.979 0.260 0.147 -0.931 0.265 -0.056 -0.835 -0.042 0.107 -0.881 -0.011 -0.111 -0.534 0.064 0.148 -0.519 0.241 -0.034 -0.339 0.053 0.051 -0.406 
0.998 0.019 0.021 -0.056 0.998 -0.048 0.040 0.030 0.019 -0.169 -0.980 0.284 0.136 -0.899 0.369 -0.004 -0.833 -0.083 0.118 -0.886 -0.039 -0.114 -0.532 0.037 0.165 -0.516 0.231 -0.030 -0.346 0.028 0.054 -0.408 
0.998 0.023 0.014 -0.054 0.997 -0.044 0.049 0.031 0.013 -0.175 -0.979 0.268 0.139 -0.905 0.367 -0.007 -0.829 -0.092 0.119 -0.886 -0.042 -0.115 -0.531 0.030 0.165 -0.517 0.227 -0.027 -0.349 0.020 0.053 -0.409 
0.998 0.023 0.014 -0.054 0.997 -0.044 0.049 0.031 0.013 -0.175 -0.979 0.268 0.139 -0.905 0.367 -0.007 -0.829 -0.092 0.119 -0.886 -0.042 -0.115 -0.531 0.030 0.165 -0.517 0.227 -0.027 -0.349 0.020 0.053 -0.409 
0.998 0.032 0.011 -0.046 0.997 -0.045 0.054 0.031 0.009 -0.182 -0.978 0.265 0.172 -0.908 0.381 0.048 -0.799 -0.107 0.130 -0.876 -0.042 -0.117 -0.531 0.034 0.171 -0.515 0.228 -0.018 -0.349 0.019 0.055 -0.408 
0.998 0.043 0.003 -0.034 0.997 -0.048 0.058 0.019 0.011 -0.169 -0.981 0.248 0.200 -0.911 0.356 0.078 -0.787 -0.139 0.135 -0.873 -0.040 -0.110 -0.533 0.028 0.181 -0.512 0.231 -0.001 -0.347 0.016 0.056 -0.408 
0.998 0.035 0.012 -0.047 0.997 -0.038 0.055 0.039 -0.010 -0.185 -0.979 0.210 0.185 -0.928 0.354 0.060 -0.818 -0.159 0.124 -0.861 -0.048 -0.116 -0.531 0.015 0.172 -0.515 0.212 -0.004 -0.359 0.015 0.044 -0.410 
0.999 0.051 -0.005 -0.009 0.997 -0.037 0.062 0.027 0.020 -0.189 -0.978 0.191 0.209 -0.931 0.304 0.085 -0.804 -0.184 0.133 -0.843 -0.031 -0.123 -0.531 0.009 0.177 -0.514 0.214 0.025 -0.357 0.061 0.062 -0.403 
0.999 0.045 -0.009 -0.009 0.997 -0.031 0.063 0.035 0.042 -0.196 -0.974 0.171 0.201 -0.942 0.271 0.075 -0.809 -0.180 0.126 -0.823 -0.023 -0.130 -0.529 0.008 0.167 -0.517 0.210 0.020 -0.360 0.098 0.057 -0.397 
0.999 0.036 -0.005 -0.001 0.998 -0.022 0.059 0.026 0.070 -0.213 -0.970 0.131 0.202 -0.948 0.245 0.073 -0.816 -0.165 0.096 -0.797 -0.004 -0.140 -0.527 -0.017 0.165 -0.518 0.201 0.018 -0.365 0.131 0.048 -0.388 
0.999 0.032 -0.004 0.028 0.998 -0.016 0.068 0.009 0.173 -0.221 -0.952 0.110 0.199 -0.952 0.220 0.073 -0.819 -0.043 0.068 -0.794 0.047 -0.156 -0.520 -0.030 0.157 -0.520 0.193 0.025 -0.369 0.197 0.039 -0.360 
0.998 0.029 0.007 0.049 0.998 -0.014 0.063 0.002 0.203 -0.201 -0.950 0.084 0.183 -0.959 0.183 0.079 -0.832 0.025 0.038 -0.800 0.062 -0.151 -0.520 -0.044 0.140 -0.524 0.180 0.022 -0.375 0.213 0.036 -0.351 
0.997 0.019 0.005 0.075 0.998 -0.010 0.066 -0.018 0.307 -0.155 -0.920 0.054 0.170 -0.957 0.139 0.075 -0.843 0.170 0.057 -0.791 0.107 -0.154 -0.512 -0.079 0.130 -0.522 0.157 0.015 -0.386 0.260 0.056 -0.316 
0.996 0.001 0.016 0.083 0.998 0.001 0.063 -0.030 0.353 -0.165 -0.903 0.030 0.149 -0.961 0.125 0.061 -0.866 0.239 0.032 -0.773 0.136 -0.157 -0.504 -0.095 0.110 -0.524 0.140 0.000 -0.393 0.261 0.050 -0.315 
0.995 0.001 0.024 0.100 0.997 -0.001 0.069 -0.025 0.425 -0.106 -0.874 0.030 0.153 -0.965 0.065 0.062 -0.876 0.290 0.034 -0.789 0.171 -0.141 -0.498 -0.087 0.108 -0.526 0.119 -0.002 -0.400 0.265 0.040 -0.314 
0.994 0.001 0.031 0.105 0.997 -0.010 0.069 -0.023 0.475 -0.052 -0.834 0.032 0.150 -0.967 0.017 0.070 -0.875 0.438 0.022 -0.774 0.182 -0.134 -0.496 -0.082 0.105 -0.527 0.101 0.004 -0.405 0.251 0.030 -0.326 
0.994 -0.007 0.048 0.098 0.998 -0.009 0.052 -0.019 0.470 -0.044 -0.832 -0.008 0.152 -0.967 -0.050 0.072 -0.890 0.502 -0.004 -0.753 0.172 -0.132 -0.500 -0.105 0.105 -0.523 0.072 0.005 -0.411 0.225 0.012 -0.346 
0.992 -0.002 0.062 0.111 0.999 -0.013 0.038 -0.024 0.463 -0.023 -0.831 -0.033 0.152 -0.969 -0.114 0.079 -0.891 0.472 -0.016 -0.779 0.164 -0.126 -0.504 -0.112 0.106 -0.522 0.060 0.008 -0.413 0.207 0.008 -0.357 
0.993 0.006 0.046 0.106 0.999 -0.022 0.044 -0.022 0.485 -0.015 -0.826 -0.025 0.164 -0.969 -0.031 0.076 -0.875 0.477 -0.023 -0.765 0.176 -0.107 -0.505 -0.102 0.113 -0.522 0.087 0.011 -0.408 0.207 0.005 -0.357 
0.993 0.015 0.053 0.109 0.998 -0.040 0.032 -0.034 0.490 0.021 -0.821 0.008 0.162 -0.966 -0.051 0.098 -0.841 0.457 -0.023 -0.777 0.180 -0.088 -0.507 -0.091 0.117 -0.523 0.135 0.037 -0.393 0.175 0.009 -0.373 
0.993 0.012 0.064 0.099 0.999 -0.037 0.026 -0.015 0.478 0.010 -0.826 0.038 0.168 -0.964 -0.055 0.098 -0.838 0.445 -0.046 -0.785 0.168 -0.095 -0.510 -0.076 0.125 -0.524 0.147 0.032 -0.389 0.159 0.003 -0.381 
0.993 0.013 0.065 0.100 0.998 -0.039 0.038 -0.008 0.514 0.023 -0.802 0.122 0.168 -0.957 -0.014 0.109 -0.852 0.440 -0.047 -0.793 0.190 -0.089 -0.503 -0.029 0.126 -0.528 0.151 0.037 -0.387 0.162 0.002 -0.379 
0.992 0.029 0.116 0.050 0.998 -0.044 -0.005 0.045 0.452 -0.049 -0.846 0.113 0.158 -0.940 0.202 0.118 -0.866 0.376 -0.056 -0.831 0.153 -0.116 -0.510 -0.058 0.156 -0.517 0.213 0.029 -0.357 0.082 -0.002 -0.404 
0.990 0.032 0.136 0.024 0.996 -0.040 -0.011 0.076 0.442 -0.075 -0.860 0.096 0.126 -0.947 0.356 0.086 -0.860 0.413 -0.034 -0.807 0.154 -0.116 -0.510 -0.063 0.146 -0.520 0.193 0.011 -0.370 0.071 -0.013 -0.406 
0.989 0.042 0.140 0.021 0.995 -0.042 -0.008 0.087 0.482 -0.077 -0.823 0.154 0.121 -0.932 0.449 0.071 -0.816 0.456 -0.050 -0.769 0.159 -0.124 -0.507 -0.040 0.152 -0.520 0.188 0.009 -0.372 0.070 -0.029 -0.406 
0.990 0.034 0.134 0.016 0.995 -0.040 0.005 0.092 0.508 -0.093 -0.812 0.156 0.111 -0.934 0.493 0.055 -0.786 0.481 -0.015 -0.752 0.181 -0.131 -0.498 -0.039 0.143 -0.523 0.191 0.005 -0.371 0.088 -0.024 -0.403 
0.991 0.035 0.129 0.026 0.995 -0.036 0.011 0.094 0.540 -0.099 -0.791 0.204 0.109 -0.915 0.485 0.016 -0.796 0.450 -0.008 -0.767 0.204 -0.137 -0.487 -0.029 0.142 -0.523 0.174 -0.007 -0.379 0.062 -0.026 -0.407 
0.991 0.039 0.115 0.049 0.993 -0.032 0.025 0.107 0.589 -0.106 -0.750 0.273 0.129 -0.883 0.495 0.012 -0.783 0.466 -0.004 -0.760 0.232 -0.148 -0.471 -0.006 0.147 -0.523 0.191 -0.012 -0.371 0.095 -0.030 -0.401 
0.989 0.036 0.121 0.080 0.993 -0.024 0.034 0.107 0.525 -0.118 -0.823 0.287 0.140 -0.873 0.499 0.009 -0.773 0.477 -0.039 -0.774 0.236 -0.140 -0.472 -0.010 0.135 -0.526 0.183 -0.013 -0.375 0.137 -0.038 -0.387 
0.987 0.049 0.107 0.107 0.992 -0.034 0.069 0.103 0.657 -0.049 -0.731 0.351 0.170 -0.837 0.518 0.025 -0.749 0.515 0.009 -0.734 0.315 -0.097 -0.435 0.021 0.143 -0.523 0.193 -0.001 -0.370 0.154 -0.031 -0.382 
0.993 0.033 0.070 0.087 0.981 -0.027 0.153 0.114 0.801 -0.060 -0.530 0.497 0.121 -0.745 0.530 -0.031 -0.733 0.546 0.058 -0.701 0.383 -0.130 -0.366 0.100 0.119 -0.520 0.183 -0.008 -0.375 0.170 -0.029 -0.375 
0.993 0.014 0.075 0.090 0.974 -0.029 0.185 0.129 0.746 -0.030 -0.591 0.549 0.167 -0.704 0.467 -0.056 -0.792 0.495 0.096 -0.753 0.350 -0.139 -0.395 0.139 0.139 -0.506 0.149 -0.017 -0.389 0.143 -0.004 -0.387 
0.995 0.011 0.053 0.083 0.965 -0.022 0.217 0.145 0.785 -0.019 -0.551 0.599 0.149 -0.674 0.440 -0.065 -0.807 0.472 0.069 -0.775 0.380 -0.122 -0.372 0.180 0.129 -0.496 0.154 -0.026 -0.387 0.149 -0.008 -0.385 
0.998 0.028 0.038 0.045 0.942 -0.027 0.284 0.177 0.865 -0.151 -0.369 0.671 0.120 -0.662 0.448 -0.009 -0.781 0.520 0.007 -0.730 0.415 -0.175 -0.308 0.263 0.128 -0.458 0.169 -0.004 -0.381 0.168 -0.037 -0.375 
0.999 0.023 0.018 0.035 0.936 -0.030 0.304 0.177 0.871 -0.147 -0.348 0.685 0.107 -0.658 0.383 0.024 -0.817 0.484 -0.012 -0.760 0.419 -0.170 -0.305 0.279 0.117 -0.451 0.149 0.007 -0.389 0.160 -0.037 -0.379 
0.998 0.059 0.019 0.032 0.931 -0.050 0.313 0.180 0.849 -0.138 -0.369 0.686 0.049 -0.668 0.429 -0.004 -0.741 0.479 -0.077 -0.753 0.397 -0.173 -0.331 0.297 0.118 -0.439 0.297 -0.059 -0.287 0.184 -0.048 -0.367 
0.996 0.031 0.003 0.083 0.944 -0.059 0.309 0.102 0.845 0.019 -0.390 0.701 0.163 -0.614 0.320 0.026 -0.855 0.457 -0.065 -0.790 0.406 -0.094 -0.352 0.278 0.148 -0.443 0.126 0.008 -0.397 0.166 -0.045 -0.375 
0.998 0.045 0.012 0.053 0.938 -0.064 0.315 0.132 0.838 -0.061 -0.394 0.730 0.082 -0.615 0.288 0.052 -0.864 0.467 -0.073 -0.788 0.388 -0.117 -0.365 0.314 0.109 -0.430 0.102 0.016 -0.404 0.161 -0.050 -0.377 
0.996 0.041 0.007 0.073 0.947 -0.066 0.294 0.110 0.813 -0.018 -0.442 0.704 0.121 -0.636 0.201 0.040 -0.893 0.423 -0.074 -0.817 0.366 -0.091 -0.394 0.290 0.117 -0.444 0.036 0.011 -0.415 0.130 -0.048 -0.389 
0.994 0.058 0.024 0.087 0.952 -0.089 0.279 0.089 0.804 0.044 -0.454 0.685 0.137 -0.653 0.201 0.053 -0.894 0.444 -0.042 -0.815 0.363 -0.053 -0.404 0.278 0.131 -0.448 0.030 0.015 -0.416 0.131 -0.035 -0.390 
0.995 0.057 0.029 0.080 0.952 -0.091 0.281 0.082 0.807 0.056 -0.443 0.672 0.130 -0.667 0.223 0.039 -0.890 0.468 -0.048 -0.807 0.367 -0.050 -0.400 0.269 0.135 -0.452 0.045 0.011 -0.414 0.154 -0.033 -0.382 
0.995 0.055 0.034 0.081 0.955 -0.087 0.273 0.080 0.801 0.055 -0.455 0.658 0.125 -0.687 0.221 0.032 -0.891 0.470 -0.060 -0.806 0.363 -0.053 -0.404 0.264 0.133 -0.456 0.048 0.009 -0.414 0.159 -0.035 -0.379 
0.996 0.052 0.031 0.071 0.953 -0.085 0.279 0.082 0.814 0.049 -0.445 0.676 0.123 -0.673 0.241 0.029 -0.886 0.481 -0.060 -0.799 0.374 -0.055 -0.393 0.280 0.134 -0.445 0.063 0.007 -0.412 0.172 -0.033 -0.374 
0.995 0.051 0.033 0.073 0.955 -0.080 0.273 0.088 0.803 0.039 -0.461 0.667 0.108 -0.685 0.236 0.026 -0.887 0.475 -0.067 -0.802 0.364 -0.062 -0.401 0.276 0.125 -0.451 0.061 0.007 -0.413 0.168 -0.036 -0.375 
0.995 0.053 0.038 0.072 0.956 -0.085 0.266 0.086 0.793 0.053 -0.471 0.664 0.107 -0.689 0.238 0.035 -0.889 0.484 -0.055 -0.800 0.356 -0.056 -0.409 0.274 0.124 -0.452 0.059 0.008 -0.413 0.170 -0.031 -0.375 
0.995 0.053 0.039 0.072 0.958 -0.085 0.260 0.086 0.788 0.054 -0.481 0.655 0.108 -0.697 0.227 0.037 -0.892 0.474 -0.054 -0.806 0.352 -0.055 -0.413 0.269 0.125 -0.455 0.055 0.009 -0.413 0.166 -0.030 -0.377 
0.995 0.053 0.038 0.072 0.956 -0.085 0.266 0.087 0.793 0.051 -0.472 0.663 0.105 -0.690 0.237 0.033 -0.890 0.483 -0.057 -0.800 0.356 -0.057 -0.409 0.274 0.123 -0.452 0.059 0.008 -0.413 0.170 -0.032 -0.375 
0.995 0.053 0.039 0.072 0.957 -0.085 0.262 0.087 0.790 0.052 -0.478 0.659 0.106 -0.694 0.231 0.035 -0.891 0.477 -0.056 -0.804 0.353 -0.056 -0.412 0.271 0.124 -0.454 0.056 0.008 -0.413 0.167 -0.031 -0.376 
0.995 0.053 0.039 0.072 0.957 -0.084 0.264 0.088 0.792 0.050 -0.475 0.661 0.104 -0.692 0.234 0.033 -0.890 0.480 -0.058 -0.802 0.355 -0.057 -0.411 0.273 0.123 -0.453 0.058 0.008 -0.413 0.169 -0.032 -0.375 
0.993 0.040 0.030 0.107 0.958 -0.077 0.275 0.025 0.788 0.140 -0.459 0.633 0.146 -0.717 0.225 0.005 -0.888 0.514 -0.057 -0.775 0.365 -0.017 -0.405 0.254 0.124 -0.464 0.034 0.006 -0.416 0.171 -0.036 -0.374 
0.993 0.040 0.028 0.104 0.960 -0.081 0.265 0.033 0.774 0.139 -0.494 0.619 0.142 -0.728 0.213 0.014 -0.891 0.504 -0.052 -0.782 0.354 -0.016 -0.415 0.242 0.122 -0.471 0.032 0.007 -0.416 0.171 -0.034 -0.374 
0.993 0.039 0.030 0.104 0.961 -0.082 0.264 0.031 0.772 0.143 -0.499 0.615 0.143 -0.731 0.216 0.020 -0.889 0.506 -0.046 -0.780 0.354 -0.014 -0.415 0.240 0.121 -0.472 0.032 0.009 -0.416 0.171 -0.033 -0.374 
0.993 0.038 0.031 0.103 0.960 -0.080 0.268 0.032 0.764 0.141 -0.507 0.621 0.133 -0.727 0.224 0.021 -0.887 0.513 -0.051 -0.776 0.347 -0.018 -0.420 0.243 0.117 -0.472 0.035 0.010 -0.415 0.174 -0.035 -0.373 
0.995 0.019 0.048 0.088 0.961 -0.066 0.269 0.021 0.698 0.168 -0.655 0.534 0.079 -0.822 0.274 0.005 -0.876 0.505 -0.056 -0.775 0.342 0.005 -0.424 0.222 0.080 -0.490 0.149 -0.007 -0.389 0.239 -0.017 -0.336 
0.995 0.019 0.053 0.084 0.960 -0.065 0.271 0.025 0.682 0.130 -0.695 0.508 0.077 -0.843 0.304 0.011 -0.859 0.500 -0.041 -0.771 0.340 -0.001 -0.426 0.214 0.077 -0.494 0.176 -0.005 -0.378 0.248 -0.008 -0.330 
0.994 0.022 0.060 0.090 0.962 -0.072 0.265 0.011 0.662 0.141 -0.720 0.489 0.092 -0.855 0.319 0.026 -0.848 0.498 -0.017 -0.767 0.336 0.016 -0.429 0.208 0.083 -0.495 0.193 0.001 -0.370 0.254 0.006 -0.325 
0.992 0.022 0.064 0.105 0.961 -0.075 0.265 -0.002 0.651 0.141 -0.734 0.482 0.107 -0.856 0.334 0.027 -0.843 0.507 -0.011 -0.761 0.335 0.021 -0.429 0.202 0.089 -0.497 0.195 0.001 -0.368 0.256 0.008 -0.324 
0.993 0.017 0.065 0.101 0.962 -0.074 0.263 0.005 0.641 0.126 -0.745 0.531 0.219 -0.796 0.340 0.016 -0.840 0.488 -0.011 -0.766 0.328 0.013 -0.435 0.216 0.165 -0.471 0.193 -0.003 -0.370 0.259 0.015 -0.321 
