1.000 -0.013 -0.014 0.010 0.996 -0.003 -0.016 -0.090 0.089 -0.198 -0.965 0.137 0.210 -0.954 0.073 -0.061 -0.887 0.097 0.091 -0.873 -0.017 -0.136 -0.527 -0.004 0.140 -0.526 0.075 -0.038 -0.408 0.076 0.058 -0.402 
1.000 -0.013 -0.017 0.005 0.996 -0.004 -0.018 -0.088 0.091 -0.200 -0.964 0.139 0.213 -0.953 0.068 -0.060 -0.886 0.104 0.087 -0.870 -0.019 -0.137 -0.527 -0.003 0.143 -0.525 0.077 -0.036 -0.408 0.076 0.056 -0.402 
1.000 -0.013 -0.017 0.005 0.996 -0.003 -0.018 -0.088 0.090 -0.201 -0.964 0.140 0.213 -0.953 0.067 -0.061 -0.886 0.104 0.086 -0.870 -0.019 -0.137 -0.527 -0.003 0.142 -0.525 0.076 -0.036 -0.408 0.076 0.056 -0.402 
1.000 -0.010 -0.014 0.008 0.996 -0.007 -0.015 -0.084 0.077 -0.197 -0.965 0.134 0.222 -0.954 0.077 -0.053 -0.882 0.121 0.089 -0.866 -0.029 -0.136 -0.527 -0.001 0.146 -0.524 0.081 -0.031 -0.408 0.079 0.058 -0.401 
1.000 -0.009 -0.012 0.009 0.996 -0.008 -0.015 -0.084 0.081 -0.199 -0.963 0.129 0.220 -0.956 0.080 -0.050 -0.882 0.123 0.090 -0.867 -0.029 -0.138 -0.526 -0.002 0.145 -0.525 0.080 -0.030 -0.408 0.079 0.058 -0.401 
1.000 -0.009 -0.012 0.009 0.996 -0.006 -0.016 -0.083 0.078 -0.202 -0.963 0.126 0.217 -0.957 0.080 -0.052 -0.882 0.123 0.087 -0.867 -0.031 -0.140 -0.526 -0.003 0.143 -0.525 0.080 -0.031 -0.408 0.079 0.057 -0.401 
1.000 -0.009 -0.014 0.006 0.997 -0.009 -0.011 -0.082 0.088 -0.212 -0.961 0.128 0.222 -0.957 0.090 -0.042 -0.876 0.132 0.096 -0.860 -0.020 -0.142 -0.525 0.005 0.144 -0.525 0.088 -0.024 -0.407 0.089 0.064 -0.398 
1.000 -0.009 -0.015 0.006 0.997 -0.009 -0.013 -0.082 0.091 -0.211 -0.961 0.127 0.222 -0.958 0.088 -0.042 -0.876 0.133 0.097 -0.859 -0.019 -0.142 -0.526 0.004 0.144 -0.525 0.087 -0.023 -0.407 0.088 0.064 -0.398 
1.000 -0.009 -0.015 0.006 0.997 -0.008 -0.014 -0.082 0.088 -0.212 -0.961 0.124 0.220 -0.958 0.085 -0.043 -0.876 0.130 0.096 -0.859 -0.021 -0.143 -0.525 0.003 0.143 -0.525 0.086 -0.024 -0.407 0.087 0.063 -0.399 
1.000 -0.008 -0.012 0.009 0.997 -0.008 -0.009 -0.078 0.087 -0.210 -0.962 0.134 0.216 -0.958 0.096 -0.043 -0.873 0.147 0.093 -0.855 -0.021 -0.142 -0.526 0.009 0.140 -0.526 0.092 -0.024 -0.406 0.091 0.062 -0.398 
1.000 -0.009 -0.013 0.004 0.997 -0.006 -0.014 -0.072 0.082 -0.213 -0.961 0.138 0.205 -0.960 0.085 -0.049 -0.876 0.148 0.088 -0.855 -0.026 -0.144 -0.525 0.011 0.135 -0.527 0.086 -0.027 -0.407 0.088 0.060 -0.399 
1.000 -0.009 -0.012 0.004 0.997 -0.008 -0.016 -0.073 0.077 -0.214 -0.961 0.125 0.201 -0.963 0.090 -0.045 -0.874 0.139 0.093 -0.858 -0.029 -0.144 -0.525 0.005 0.132 -0.528 0.085 -0.026 -0.407 0.084 0.062 -0.399 
1.000 -0.008 -0.012 0.004 0.997 -0.008 -0.013 -0.074 0.086 -0.212 -0.961 0.130 0.205 -0.962 0.094 -0.044 -0.874 0.143 0.093 -0.857 -0.024 -0.143 -0.525 0.008 0.134 -0.527 0.087 -0.025 -0.407 0.086 0.062 -0.399 
1.000 -0.008 -0.012 0.004 0.997 -0.008 -0.016 -0.074 0.081 -0.212 -0.961 0.125 0.205 -0.962 0.090 -0.044 -0.874 0.138 0.093 -0.858 -0.027 -0.143 -0.525 0.006 0.134 -0.527 0.085 -0.025 -0.407 0.084 0.062 -0.399 
1.000 -0.010 -0.011 0.004 0.997 -0.006 -0.012 -0.071 0.094 -0.219 -0.955 0.126 0.206 -0.961 0.090 -0.044 -0.876 0.138 0.089 -0.859 -0.029 -0.150 -0.523 0.003 0.136 -0.527 0.085 -0.027 -0.407 0.088 0.060 -0.399 
1.000 -0.010 -0.010 0.005 0.997 -0.005 -0.011 -0.076 0.089 -0.220 -0.957 0.122 0.210 -0.960 0.095 -0.042 -0.874 0.140 0.089 -0.859 -0.027 -0.149 -0.523 -0.000 0.138 -0.526 0.087 -0.024 -0.407 0.087 0.060 -0.399 
1.000 -0.010 -0.010 0.004 0.997 -0.005 -0.011 -0.076 0.089 -0.220 -0.957 0.122 0.211 -0.960 0.093 -0.042 -0.875 0.137 0.089 -0.859 -0.027 -0.149 -0.523 0.000 0.139 -0.526 0.086 -0.023 -0.407 0.086 0.061 -0.399 
1.000 -0.010 -0.010 0.004 0.997 -0.008 -0.010 -0.078 0.092 -0.214 -0.958 0.123 0.218 -0.959 0.095 -0.036 -0.875 0.138 0.095 -0.858 -0.025 -0.146 -0.524 0.001 0.142 -0.525 0.087 -0.021 -0.407 0.087 0.063 -0.398 
1.000 -0.010 -0.010 0.004 0.997 -0.005 -0.009 -0.076 0.092 -0.220 -0.957 0.125 0.212 -0.960 0.096 -0.041 -0.874 0.140 0.089 -0.859 -0.025 -0.149 -0.523 0.002 0.139 -0.526 0.088 -0.023 -0.407 0.088 0.061 -0.399 
1.000 -0.010 -0.010 0.004 0.997 -0.007 -0.009 -0.077 0.094 -0.217 -0.957 0.126 0.214 -0.959 0.097 -0.039 -0.874 0.141 0.092 -0.858 -0.024 -0.147 -0.524 0.002 0.141 -0.526 0.088 -0.022 -0.407 0.088 0.062 -0.398 
1.000 -0.020 -0.016 0.005 0.997 -0.009 -0.008 -0.073 0.078 -0.239 -0.952 0.134 0.212 -0.956 0.086 -0.038 -0.876 0.136 0.094 -0.855 -0.037 -0.161 -0.519 0.001 0.139 -0.526 0.086 -0.022 -0.407 0.086 0.062 -0.399 
1.000 -0.020 -0.016 0.005 0.997 -0.010 -0.008 -0.074 0.078 -0.237 -0.952 0.135 0.215 -0.956 0.087 -0.035 -0.876 0.136 0.097 -0.854 -0.037 -0.160 -0.519 0.001 0.141 -0.525 0.086 -0.021 -0.407 0.086 0.063 -0.399 
0.999 -0.037 -0.014 0.006 0.998 -0.025 -0.008 -0.055 0.046 -0.252 -0.946 0.144 0.217 -0.953 0.077 -0.008 -0.886 0.143 0.123 -0.846 -0.066 -0.172 -0.513 0.004 0.142 -0.525 0.079 -0.009 -0.409 0.082 0.076 -0.397 
0.999 -0.037 -0.014 0.006 0.998 -0.027 -0.007 -0.056 0.047 -0.250 -0.947 0.145 0.221 -0.952 0.078 -0.004 -0.886 0.143 0.126 -0.845 -0.066 -0.171 -0.513 0.004 0.144 -0.525 0.079 -0.007 -0.409 0.082 0.078 -0.397 
0.999 -0.047 -0.006 -0.000 0.998 -0.046 -0.004 -0.043 0.017 -0.287 -0.937 0.166 0.240 -0.943 0.083 0.037 -0.889 0.152 0.164 -0.835 -0.083 -0.191 -0.504 0.012 0.154 -0.521 0.078 0.010 -0.410 0.081 0.095 -0.394 
0.999 -0.044 0.009 -0.003 0.996 -0.080 0.001 -0.040 -0.027 -0.280 -0.942 0.171 0.264 -0.938 0.089 0.100 -0.883 0.162 0.214 -0.820 -0.099 -0.185 -0.503 0.024 0.166 -0.517 0.084 0.041 -0.406 0.084 0.125 -0.384 
0.998 -0.054 0.014 -0.009 0.995 -0.089 0.002 -0.035 -0.038 -0.287 -0.938 0.168 0.267 -0.938 0.084 0.116 -0.886 0.172 0.227 -0.815 -0.106 -0.190 -0.500 0.022 0.168 -0.517 0.081 0.047 -0.407 0.086 0.128 -0.383 
0.998 -0.055 0.014 -0.009 0.995 -0.089 0.005 -0.034 -0.033 -0.293 -0.937 0.169 0.267 -0.938 0.090 0.115 -0.885 0.181 0.225 -0.813 -0.104 -0.192 -0.499 0.023 0.168 -0.517 0.084 0.046 -0.406 0.089 0.127 -0.383 
0.998 -0.068 0.000 0.009 0.995 -0.092 -0.005 -0.041 -0.037 -0.320 -0.931 0.151 0.260 -0.944 0.064 0.116 -0.892 0.154 0.236 -0.818 -0.098 -0.207 -0.494 0.015 0.160 -0.520 0.074 0.046 -0.408 0.075 0.130 -0.385 
0.997 -0.068 0.024 0.003 0.993 -0.117 0.019 -0.019 -0.062 -0.328 -0.920 0.218 0.277 -0.923 0.107 0.158 -0.889 0.205 0.271 -0.794 -0.125 -0.222 -0.482 0.046 0.175 -0.513 0.098 0.058 -0.401 0.111 0.143 -0.371 
0.996 -0.080 0.026 0.002 0.992 -0.126 0.021 -0.010 -0.084 -0.339 -0.916 0.212 0.280 -0.924 0.103 0.171 -0.888 0.205 0.283 -0.784 -0.132 -0.226 -0.478 0.045 0.175 -0.513 0.099 0.064 -0.400 0.117 0.151 -0.366 
0.995 -0.092 0.030 0.007 0.990 -0.136 0.023 -0.018 -0.074 -0.370 -0.905 0.189 0.287 -0.924 0.102 0.190 -0.891 0.208 0.300 -0.775 -0.124 -0.246 -0.471 0.025 0.178 -0.513 0.099 0.070 -0.399 0.115 0.161 -0.362 
0.995 -0.095 0.032 0.002 0.989 -0.146 0.030 -0.015 -0.064 -0.385 -0.899 0.198 0.308 -0.916 0.119 0.208 -0.882 0.220 0.316 -0.763 -0.121 -0.253 -0.468 0.030 0.188 -0.509 0.101 0.080 -0.397 0.123 0.169 -0.356 
0.995 -0.097 0.031 0.008 0.987 -0.154 0.034 -0.014 -0.071 -0.392 -0.897 0.202 0.316 -0.914 0.134 0.218 -0.877 0.230 0.326 -0.752 -0.122 -0.257 -0.465 0.035 0.188 -0.509 0.104 0.085 -0.395 0.124 0.175 -0.352 
0.993 -0.108 0.034 0.014 0.986 -0.163 0.041 -0.011 -0.077 -0.404 -0.888 0.207 0.318 -0.912 0.136 0.233 -0.876 0.238 0.337 -0.740 -0.129 -0.267 -0.457 0.036 0.186 -0.510 0.106 0.089 -0.393 0.129 0.182 -0.347 
0.994 -0.108 0.031 0.006 0.983 -0.176 0.045 -0.006 -0.063 -0.412 -0.885 0.193 0.333 -0.912 0.144 0.250 -0.869 0.246 0.356 -0.731 -0.124 -0.271 -0.456 0.036 0.191 -0.507 0.105 0.095 -0.392 0.137 0.186 -0.342 
0.993 -0.118 0.022 0.010 0.983 -0.178 0.050 -0.005 -0.042 -0.417 -0.882 0.185 0.327 -0.913 0.148 0.253 -0.870 0.252 0.359 -0.724 -0.117 -0.276 -0.456 0.024 0.187 -0.510 0.105 0.097 -0.392 0.138 0.187 -0.341 
0.993 -0.118 0.019 0.018 0.981 -0.184 0.055 -0.004 -0.058 -0.416 -0.884 0.193 0.330 -0.911 0.156 0.261 -0.866 0.253 0.369 -0.718 -0.120 -0.275 -0.456 0.031 0.187 -0.510 0.108 0.101 -0.390 0.142 0.191 -0.337 
0.992 -0.120 0.035 0.016 0.978 -0.200 0.064 0.013 -0.101 -0.409 -0.883 0.205 0.334 -0.908 0.181 0.287 -0.857 0.278 0.384 -0.699 -0.141 -0.273 -0.451 0.043 0.192 -0.507 0.119 0.111 -0.384 0.165 0.196 -0.323 
0.991 -0.126 0.034 0.014 0.976 -0.205 0.071 0.019 -0.108 -0.413 -0.882 0.212 0.336 -0.907 0.189 0.291 -0.852 0.292 0.382 -0.692 -0.142 -0.274 -0.450 0.051 0.191 -0.506 0.123 0.112 -0.382 0.174 0.196 -0.318 
0.991 -0.124 0.039 0.022 0.975 -0.210 0.073 0.026 -0.139 -0.408 -0.879 0.212 0.334 -0.909 0.189 0.297 -0.853 0.310 0.385 -0.679 -0.160 -0.273 -0.445 0.055 0.190 -0.506 0.122 0.115 -0.382 0.178 0.199 -0.315 
0.991 -0.127 0.040 0.014 0.973 -0.216 0.074 0.025 -0.139 -0.414 -0.875 0.206 0.352 -0.904 0.194 0.310 -0.848 0.300 0.399 -0.676 -0.163 -0.276 -0.442 0.053 0.201 -0.502 0.125 0.121 -0.379 0.181 0.205 -0.309 
0.991 -0.127 0.042 0.013 0.973 -0.218 0.077 0.025 -0.143 -0.420 -0.873 0.207 0.363 -0.897 0.191 0.314 -0.848 0.301 0.400 -0.679 -0.162 -0.278 -0.441 0.045 0.208 -0.500 0.127 0.121 -0.378 0.182 0.206 -0.307 
0.990 -0.128 0.047 0.017 0.971 -0.224 0.076 0.027 -0.170 -0.422 -0.868 0.212 0.367 -0.896 0.192 0.328 -0.844 0.303 0.410 -0.672 -0.173 -0.279 -0.436 0.053 0.209 -0.499 0.125 0.128 -0.376 0.183 0.211 -0.303 
0.990 -0.131 0.051 0.017 0.971 -0.221 0.080 0.031 -0.206 -0.431 -0.855 0.210 0.365 -0.898 0.201 0.321 -0.846 0.307 0.405 -0.673 -0.192 -0.284 -0.425 0.055 0.208 -0.499 0.128 0.123 -0.377 0.183 0.209 -0.305 
0.989 -0.135 0.058 0.004 0.970 -0.224 0.087 0.043 -0.206 -0.441 -0.846 0.236 0.364 -0.890 0.216 0.317 -0.842 0.330 0.405 -0.666 -0.200 -0.291 -0.416 0.065 0.212 -0.496 0.134 0.128 -0.373 0.194 0.210 -0.297 
0.989 -0.135 0.052 0.014 0.969 -0.226 0.092 0.036 -0.190 -0.448 -0.843 0.245 0.367 -0.887 0.217 0.319 -0.838 0.336 0.404 -0.659 -0.196 -0.299 -0.413 0.073 0.211 -0.495 0.140 0.128 -0.371 0.194 0.213 -0.294 
0.989 -0.135 0.053 0.014 0.970 -0.222 0.092 0.039 -0.195 -0.453 -0.839 0.247 0.359 -0.890 0.216 0.313 -0.841 0.336 0.399 -0.664 -0.199 -0.301 -0.410 0.074 0.207 -0.496 0.139 0.125 -0.372 0.194 0.210 -0.297 
0.989 -0.135 0.053 0.013 0.970 -0.224 0.091 0.036 -0.191 -0.449 -0.842 0.246 0.365 -0.888 0.214 0.318 -0.840 0.334 0.404 -0.661 -0.197 -0.300 -0.412 0.073 0.210 -0.495 0.138 0.128 -0.372 0.193 0.212 -0.295 
0.989 -0.134 0.052 0.013 0.970 -0.222 0.092 0.037 -0.183 -0.448 -0.845 0.249 0.361 -0.888 0.215 0.316 -0.841 0.334 0.402 -0.663 -0.192 -0.300 -0.414 0.075 0.208 -0.496 0.138 0.126 -0.372 0.193 0.211 -0.296 
0.989 -0.134 0.052 0.013 0.970 -0.223 0.092 0.035 -0.181 -0.445 -0.846 0.248 0.365 -0.887 0.214 0.319 -0.840 0.333 0.405 -0.661 -0.191 -0.299 -0.415 0.075 0.210 -0.495 0.138 0.128 -0.372 0.193 0.213 -0.295 
0.992 -0.112 0.052 0.008 0.977 -0.194 0.085 0.008 -0.110 -0.428 -0.876 0.201 0.341 -0.907 0.207 0.269 -0.852 0.321 0.370 -0.704 -0.136 -0.284 -0.446 0.044 0.204 -0.502 0.139 0.108 -0.378 0.178 0.197 -0.316 
0.994 -0.097 0.049 0.005 0.980 -0.182 0.080 0.018 -0.112 -0.388 -0.891 0.203 0.342 -0.908 0.201 0.251 -0.859 0.318 0.352 -0.718 -0.146 -0.264 -0.455 0.053 0.205 -0.500 0.136 0.100 -0.381 0.178 0.188 -0.321 
0.994 -0.101 0.041 0.024 0.981 -0.173 0.081 0.016 -0.096 -0.386 -0.894 0.213 0.323 -0.911 0.204 0.235 -0.864 0.323 0.338 -0.722 -0.135 -0.266 -0.457 0.051 0.193 -0.505 0.137 0.092 -0.383 0.176 0.181 -0.326 
0.995 -0.092 0.030 0.005 0.985 -0.156 0.079 0.002 -0.051 -0.380 -0.899 0.179 0.315 -0.920 0.209 0.198 -0.867 0.308 0.312 -0.742 -0.116 -0.260 -0.465 0.027 0.193 -0.507 0.137 0.075 -0.387 0.170 0.165 -0.338 
0.997 -0.071 0.020 0.010 0.987 -0.143 0.068 0.003 -0.045 -0.351 -0.906 0.175 0.320 -0.921 0.185 0.175 -0.874 0.286 0.293 -0.763 -0.124 -0.248 -0.470 0.033 0.195 -0.506 0.127 0.064 -0.392 0.167 0.152 -0.345 
0.998 -0.058 0.008 0.019 0.990 -0.128 0.061 -0.009 -0.006 -0.326 -0.915 0.182 0.309 -0.922 0.173 0.144 -0.880 0.271 0.268 -0.785 -0.107 -0.235 -0.481 0.031 0.191 -0.508 0.124 0.053 -0.395 0.161 0.138 -0.354 
0.999 -0.049 -0.008 0.017 0.993 -0.096 0.062 -0.023 0.035 -0.283 -0.935 0.168 0.273 -0.936 0.178 0.088 -0.882 0.270 0.221 -0.800 -0.073 -0.203 -0.501 0.022 0.173 -0.515 0.123 0.031 -0.397 0.160 0.108 -0.365 
1.000 -0.024 0.002 0.003 0.994 -0.093 0.051 -0.017 0.044 -0.257 -0.943 0.167 0.283 -0.924 0.161 0.200 -0.860 0.145 0.066 -0.883 -0.069 -0.185 -0.508 0.002 0.194 -0.508 0.086 0.101 -0.395 0.113 0.038 -0.395 
0.999 -0.007 -0.029 0.033 0.994 -0.075 0.056 -0.050 0.094 -0.235 -0.950 0.204 0.286 -0.917 0.142 0.103 -0.868 0.097 0.084 -0.877 -0.030 -0.170 -0.517 0.022 0.185 -0.511 0.102 0.065 -0.399 0.087 0.044 -0.401 
0.999 0.006 -0.025 0.043 0.994 -0.063 0.049 -0.069 0.124 -0.213 -0.950 0.178 0.261 -0.923 0.173 0.067 -0.865 0.053 0.114 -0.871 -0.016 -0.162 -0.520 -0.008 0.175 -0.515 0.126 0.028 -0.397 0.111 0.054 -0.394 
0.999 -0.009 -0.031 0.022 0.997 -0.030 0.048 -0.049 0.133 -0.230 -0.947 0.190 0.236 -0.940 0.167 -0.027 -0.870 0.220 0.099 -0.833 -0.004 -0.168 -0.518 0.028 0.153 -0.521 0.119 -0.019 -0.399 0.138 0.044 -0.386 
0.999 -0.006 -0.027 0.023 0.998 -0.024 0.041 -0.047 0.121 -0.222 -0.950 0.181 0.236 -0.941 0.150 -0.036 -0.871 0.218 0.090 -0.844 -0.012 -0.164 -0.520 0.022 0.153 -0.521 0.114 -0.022 -0.401 0.133 0.045 -0.388 
0.999 -0.004 -0.029 0.024 0.998 -0.021 0.038 -0.046 0.122 -0.223 -0.950 0.180 0.235 -0.942 0.144 -0.042 -0.871 0.213 0.086 -0.846 -0.012 -0.164 -0.520 0.022 0.153 -0.522 0.112 -0.025 -0.401 0.131 0.043 -0.389 
0.999 -0.004 -0.030 0.024 0.998 -0.023 0.040 -0.048 0.128 -0.217 -0.951 0.186 0.242 -0.939 0.149 -0.038 -0.871 0.217 0.090 -0.845 -0.008 -0.161 -0.521 0.026 0.156 -0.520 0.114 -0.023 -0.400 0.133 0.045 -0.388 
0.999 0.002 -0.029 0.042 0.998 -0.008 0.031 -0.060 0.123 -0.219 -0.957 0.183 0.232 -0.940 0.131 -0.056 -0.874 0.197 0.075 -0.851 0.005 -0.155 -0.522 0.017 0.148 -0.523 0.107 -0.027 -0.402 0.116 0.044 -0.393 
0.999 0.008 -0.024 0.048 0.997 -0.006 0.020 -0.071 0.117 -0.209 -0.961 0.178 0.244 -0.938 0.117 -0.059 -0.875 0.171 0.073 -0.859 0.007 -0.147 -0.525 0.012 0.154 -0.522 0.099 -0.026 -0.404 0.100 0.049 -0.397 
0.999 0.008 -0.025 0.041 0.998 0.002 0.022 -0.063 0.115 -0.216 -0.961 0.171 0.221 -0.946 0.116 -0.068 -0.870 0.171 0.063 -0.859 0.008 -0.148 -0.524 0.013 0.142 -0.525 0.102 -0.029 -0.403 0.101 0.045 -0.398 
0.999 0.005 -0.025 0.032 0.998 0.001 0.018 -0.060 0.111 -0.210 -0.961 0.173 0.224 -0.944 0.105 -0.067 -0.870 0.165 0.064 -0.861 -0.001 -0.146 -0.525 0.014 0.145 -0.524 0.094 -0.030 -0.405 0.096 0.046 -0.399 
0.999 0.004 -0.025 0.024 0.998 0.004 0.013 -0.055 0.098 -0.208 -0.963 0.171 0.223 -0.947 0.094 -0.071 -0.871 0.165 0.060 -0.858 -0.008 -0.142 -0.526 0.018 0.144 -0.524 0.091 -0.028 -0.406 0.094 0.046 -0.399 
0.999 0.006 -0.025 0.030 0.998 0.004 0.015 -0.063 0.108 -0.210 -0.962 0.176 0.229 -0.944 0.108 -0.065 -0.869 0.159 0.064 -0.859 -0.001 -0.142 -0.526 0.018 0.147 -0.523 0.095 -0.025 -0.405 0.093 0.049 -0.399 
0.999 0.006 -0.021 0.025 0.998 0.007 0.010 -0.056 0.083 -0.212 -0.965 0.169 0.226 -0.947 0.093 -0.070 -0.871 0.158 0.058 -0.860 -0.012 -0.142 -0.526 0.019 0.145 -0.524 0.090 -0.027 -0.406 0.088 0.046 -0.400 
0.999 0.003 -0.019 0.027 0.998 0.006 0.010 -0.062 0.089 -0.205 -0.967 0.162 0.231 -0.947 0.092 -0.067 -0.873 0.156 0.060 -0.860 -0.005 -0.138 -0.527 0.013 0.149 -0.523 0.093 -0.025 -0.406 0.089 0.048 -0.400 
0.999 0.003 -0.019 0.027 0.998 0.005 0.010 -0.062 0.083 -0.206 -0.967 0.160 0.231 -0.947 0.092 -0.066 -0.872 0.155 0.060 -0.860 -0.008 -0.139 -0.527 0.012 0.149 -0.523 0.093 -0.024 -0.406 0.089 0.048 -0.400 
0.999 0.006 -0.020 0.027 0.998 0.006 0.009 -0.060 0.079 -0.211 -0.968 0.166 0.234 -0.947 0.088 -0.066 -0.872 0.147 0.059 -0.862 -0.006 -0.139 -0.527 0.019 0.149 -0.523 0.090 -0.025 -0.406 0.083 0.048 -0.401 
0.999 0.005 -0.019 0.027 0.998 0.005 0.009 -0.061 0.077 -0.212 -0.968 0.159 0.234 -0.948 0.088 -0.064 -0.872 0.147 0.062 -0.862 -0.007 -0.139 -0.527 0.016 0.148 -0.523 0.090 -0.024 -0.407 0.083 0.049 -0.401 
0.999 0.005 -0.020 0.030 0.998 0.007 0.011 -0.065 0.086 -0.225 -0.964 0.148 0.225 -0.952 0.090 -0.067 -0.870 0.149 0.061 -0.859 0.000 -0.145 -0.525 0.010 0.142 -0.525 0.093 -0.026 -0.406 0.082 0.048 -0.402 
0.999 0.004 -0.020 0.029 0.998 0.006 0.010 -0.066 0.090 -0.229 -0.963 0.137 0.223 -0.955 0.090 -0.065 -0.869 0.147 0.063 -0.857 0.001 -0.148 -0.524 0.006 0.141 -0.525 0.094 -0.025 -0.405 0.082 0.049 -0.401 
0.999 0.004 -0.020 0.029 0.998 0.008 0.009 -0.065 0.088 -0.233 -0.962 0.135 0.219 -0.956 0.088 -0.068 -0.869 0.146 0.060 -0.857 -0.000 -0.150 -0.524 0.005 0.139 -0.526 0.093 -0.027 -0.406 0.082 0.047 -0.402 
0.999 0.000 -0.020 0.030 0.998 0.007 0.007 -0.068 0.083 -0.247 -0.959 0.122 0.223 -0.956 0.084 -0.063 -0.870 0.145 0.062 -0.856 -0.002 -0.157 -0.522 -0.005 0.141 -0.525 0.092 -0.025 -0.406 0.079 0.048 -0.402 
0.999 -0.003 -0.024 0.029 0.998 0.008 0.010 -0.063 0.085 -0.243 -0.960 0.126 0.224 -0.955 0.086 -0.065 -0.869 0.151 0.059 -0.853 -0.001 -0.156 -0.522 -0.003 0.141 -0.525 0.096 -0.025 -0.405 0.089 0.045 -0.400 
0.999 -0.004 -0.022 0.026 0.998 0.007 0.009 -0.061 0.082 -0.240 -0.961 0.125 0.225 -0.956 0.095 -0.061 -0.869 0.141 0.062 -0.857 -0.001 -0.153 -0.523 -0.002 0.142 -0.525 0.090 -0.024 -0.406 0.087 0.047 -0.401 
0.999 -0.003 -0.025 0.028 0.998 0.007 0.011 -0.062 0.087 -0.238 -0.961 0.128 0.223 -0.955 0.092 -0.064 -0.868 0.147 0.060 -0.856 -0.000 -0.153 -0.523 -0.003 0.141 -0.525 0.093 -0.025 -0.406 0.087 0.045 -0.401 
0.999 -0.005 -0.027 0.033 0.998 0.005 0.013 -0.062 0.086 -0.238 -0.960 0.128 0.226 -0.955 0.097 -0.061 -0.867 0.148 0.064 -0.854 -0.003 -0.155 -0.522 -0.002 0.141 -0.525 0.092 -0.024 -0.406 0.088 0.045 -0.401 
0.999 -0.005 -0.026 0.027 0.998 0.007 0.009 -0.056 0.085 -0.242 -0.958 0.129 0.225 -0.954 0.091 -0.062 -0.869 0.145 0.060 -0.856 -0.011 -0.159 -0.521 -0.003 0.143 -0.525 0.086 -0.025 -0.407 0.086 0.044 -0.401 
0.999 -0.007 -0.027 0.027 0.998 0.003 0.013 -0.056 0.094 -0.241 -0.957 0.139 0.227 -0.952 0.094 -0.058 -0.869 0.147 0.066 -0.856 -0.006 -0.158 -0.521 0.003 0.143 -0.525 0.089 -0.023 -0.407 0.088 0.047 -0.400 
0.999 -0.018 -0.031 0.023 0.999 -0.001 0.015 -0.052 0.098 -0.251 -0.956 0.146 0.225 -0.953 0.092 -0.051 -0.872 0.150 0.076 -0.853 0.003 -0.161 -0.521 0.009 0.143 -0.525 0.093 -0.020 -0.406 0.091 0.050 -0.399 
0.999 -0.021 -0.021 0.034 0.998 -0.024 0.015 -0.053 0.075 -0.257 -0.956 0.153 0.252 -0.945 0.082 -0.008 -0.878 0.152 0.120 -0.843 -0.009 -0.166 -0.519 0.012 0.155 -0.521 0.091 -0.003 -0.407 0.083 0.074 -0.397 
0.999 -0.020 -0.018 0.031 0.998 -0.036 0.015 -0.043 0.050 -0.250 -0.958 0.171 0.261 -0.938 0.078 0.013 -0.882 0.156 0.140 -0.839 -0.030 -0.166 -0.518 0.021 0.161 -0.519 0.090 0.007 -0.407 0.087 0.086 -0.394 
0.999 -0.027 -0.009 0.044 0.998 -0.054 0.020 -0.036 0.027 -0.259 -0.956 0.201 0.268 -0.932 0.088 0.042 -0.883 0.168 0.171 -0.830 -0.044 -0.173 -0.515 0.043 0.161 -0.518 0.091 0.016 -0.407 0.086 0.100 -0.391 
0.998 -0.034 -0.005 0.044 0.997 -0.062 0.016 -0.036 0.017 -0.261 -0.955 0.180 0.272 -0.935 0.078 0.058 -0.889 0.171 0.188 -0.826 -0.049 -0.175 -0.514 0.030 0.164 -0.518 0.086 0.021 -0.408 0.086 0.109 -0.389 
0.998 -0.041 -0.006 0.043 0.997 -0.070 0.021 -0.035 0.018 -0.281 -0.950 0.186 0.263 -0.936 0.089 0.071 -0.888 0.168 0.199 -0.823 -0.047 -0.185 -0.511 0.032 0.159 -0.519 0.088 0.026 -0.407 0.084 0.115 -0.387 
0.997 -0.053 -0.000 0.048 0.996 -0.081 0.022 -0.042 0.019 -0.316 -0.938 0.166 0.258 -0.940 0.089 0.093 -0.891 0.171 0.220 -0.815 -0.049 -0.206 -0.502 0.018 0.155 -0.521 0.089 0.035 -0.406 0.082 0.124 -0.385 
0.997 -0.057 -0.004 0.053 0.995 -0.088 0.023 -0.044 0.023 -0.331 -0.933 0.156 0.266 -0.939 0.090 0.106 -0.890 0.166 0.233 -0.810 -0.045 -0.215 -0.499 0.010 0.157 -0.521 0.092 0.040 -0.405 0.083 0.129 -0.383 
0.997 -0.058 -0.001 0.054 0.994 -0.099 0.025 -0.036 0.013 -0.369 -0.920 0.176 0.287 -0.930 0.092 0.130 -0.885 0.172 0.252 -0.799 -0.047 -0.234 -0.490 0.023 0.167 -0.517 0.089 0.051 -0.404 0.089 0.137 -0.379 
0.996 -0.070 0.004 0.056 0.992 -0.120 0.034 -0.023 -0.001 -0.406 -0.899 0.188 0.302 -0.926 0.105 0.162 -0.882 0.192 0.275 -0.777 -0.068 -0.263 -0.473 0.039 0.171 -0.515 0.090 0.061 -0.403 0.107 0.147 -0.370 
0.996 -0.065 0.008 0.059 0.991 -0.131 0.033 -0.021 -0.016 -0.433 -0.884 0.191 0.320 -0.919 0.100 0.178 -0.880 0.187 0.293 -0.769 -0.080 -0.279 -0.461 0.042 0.180 -0.511 0.089 0.069 -0.402 0.103 0.157 -0.368 
0.995 -0.079 0.006 0.058 0.989 -0.141 0.038 -0.014 -0.018 -0.464 -0.865 0.191 0.327 -0.917 0.099 0.194 -0.876 0.197 0.308 -0.757 -0.087 -0.299 -0.447 0.044 0.181 -0.511 0.088 0.076 -0.400 0.110 0.164 -0.362 
0.995 -0.088 0.010 0.042 0.987 -0.157 0.040 0.003 -0.042 -0.469 -0.857 0.190 0.362 -0.904 0.104 0.226 -0.869 0.206 0.334 -0.743 -0.111 -0.304 -0.439 0.044 0.199 -0.504 0.088 0.093 -0.397 0.117 0.180 -0.352 
0.994 -0.099 0.006 0.050 0.984 -0.167 0.054 0.004 -0.037 -0.468 -0.854 0.230 0.368 -0.891 0.132 0.244 -0.862 0.232 0.352 -0.722 -0.115 -0.308 -0.435 0.062 0.200 -0.502 0.100 0.100 -0.392 0.131 0.187 -0.344 
0.994 -0.100 0.009 0.054 0.983 -0.175 0.055 0.004 -0.043 -0.471 -0.853 0.219 0.375 -0.891 0.133 0.259 -0.860 0.227 0.365 -0.718 -0.115 -0.310 -0.434 0.055 0.203 -0.501 0.099 0.106 -0.391 0.133 0.193 -0.339 
0.993 -0.105 0.013 0.052 0.981 -0.185 0.052 0.005 -0.045 -0.493 -0.839 0.212 0.387 -0.888 0.130 0.282 -0.854 0.228 0.386 -0.704 -0.118 -0.324 -0.423 0.052 0.209 -0.499 0.101 0.113 -0.389 0.139 0.204 -0.331 
0.993 -0.103 0.013 0.049 0.980 -0.192 0.051 -0.002 -0.032 -0.490 -0.842 0.201 0.403 -0.883 0.129 0.295 -0.851 0.221 0.396 -0.703 -0.110 -0.322 -0.426 0.045 0.217 -0.496 0.104 0.119 -0.386 0.139 0.206 -0.329 
0.993 -0.107 0.016 0.043 0.980 -0.194 0.054 0.007 -0.051 -0.502 -0.835 0.211 0.398 -0.883 0.136 0.299 -0.850 0.235 0.396 -0.698 -0.119 -0.327 -0.420 0.052 0.215 -0.496 0.104 0.120 -0.385 0.148 0.203 -0.327 
0.993 -0.108 0.017 0.043 0.979 -0.195 0.056 0.007 -0.053 -0.505 -0.833 0.213 0.398 -0.882 0.137 0.300 -0.849 0.238 0.396 -0.696 -0.120 -0.328 -0.419 0.053 0.215 -0.496 0.105 0.121 -0.385 0.149 0.203 -0.327 
0.992 -0.112 0.018 0.047 0.978 -0.199 0.055 0.005 -0.059 -0.511 -0.830 0.216 0.401 -0.880 0.138 0.309 -0.846 0.236 0.400 -0.692 -0.121 -0.332 -0.416 0.052 0.215 -0.496 0.103 0.125 -0.384 0.150 0.206 -0.325 
0.991 -0.121 0.019 0.055 0.977 -0.204 0.063 0.012 -0.075 -0.522 -0.824 0.248 0.400 -0.872 0.153 0.319 -0.840 0.246 0.407 -0.683 -0.125 -0.336 -0.411 0.075 0.215 -0.493 0.112 0.131 -0.380 0.161 0.208 -0.317 
0.991 -0.130 0.018 0.032 0.976 -0.206 0.068 0.031 -0.032 -0.490 -0.817 0.270 0.395 -0.866 0.166 0.316 -0.845 0.274 0.409 -0.684 -0.146 -0.335 -0.405 0.079 0.219 -0.491 0.118 0.128 -0.379 0.182 0.201 -0.310 
0.990 -0.135 0.025 0.031 0.974 -0.212 0.073 0.039 -0.107 -0.523 -0.811 0.287 0.398 -0.861 0.177 0.326 -0.835 0.287 0.414 -0.669 -0.157 -0.340 -0.397 0.098 0.220 -0.487 0.127 0.135 -0.373 0.193 0.206 -0.300 
0.990 -0.133 0.025 0.031 0.974 -0.213 0.069 0.041 -0.111 -0.521 -0.810 0.285 0.398 -0.861 0.166 0.329 -0.837 0.276 0.418 -0.671 -0.161 -0.340 -0.396 0.092 0.220 -0.488 0.123 0.136 -0.374 0.189 0.207 -0.302 
0.990 -0.133 0.024 0.033 0.973 -0.214 0.074 0.040 -0.112 -0.518 -0.811 0.289 0.396 -0.859 0.173 0.330 -0.836 0.287 0.418 -0.667 -0.163 -0.339 -0.396 0.092 0.220 -0.488 0.127 0.136 -0.373 0.196 0.206 -0.298 
0.990 -0.132 0.022 0.038 0.973 -0.215 0.073 0.040 -0.110 -0.518 -0.810 0.289 0.395 -0.860 0.169 0.334 -0.837 0.284 0.420 -0.666 -0.163 -0.339 -0.395 0.092 0.219 -0.488 0.123 0.137 -0.374 0.195 0.207 -0.298 
0.990 -0.134 0.022 0.037 0.972 -0.218 0.075 0.046 -0.104 -0.523 -0.810 0.295 0.404 -0.853 0.168 0.345 -0.835 0.288 0.426 -0.660 -0.158 -0.341 -0.395 0.095 0.224 -0.485 0.124 0.143 -0.371 0.200 0.207 -0.295 
0.990 -0.134 0.023 0.035 0.972 -0.221 0.073 0.046 -0.104 -0.520 -0.811 0.291 0.407 -0.854 0.165 0.349 -0.834 0.289 0.429 -0.658 -0.159 -0.341 -0.396 0.093 0.226 -0.485 0.125 0.144 -0.370 0.203 0.208 -0.292 
0.990 -0.137 0.026 0.030 0.971 -0.221 0.074 0.048 -0.089 -0.528 -0.801 0.281 0.402 -0.859 0.159 0.354 -0.836 0.298 0.425 -0.655 -0.159 -0.349 -0.388 0.088 0.224 -0.487 0.126 0.143 -0.370 0.205 0.207 -0.291 
0.990 -0.139 0.023 0.030 0.971 -0.219 0.076 0.053 -0.094 -0.528 -0.802 0.299 0.396 -0.856 0.171 0.348 -0.835 0.299 0.424 -0.654 -0.160 -0.348 -0.390 0.099 0.220 -0.486 0.128 0.142 -0.370 0.207 0.205 -0.291 
0.990 -0.139 0.021 0.030 0.971 -0.219 0.075 0.053 -0.088 -0.528 -0.803 0.289 0.399 -0.859 0.168 0.345 -0.835 0.299 0.424 -0.656 -0.157 -0.348 -0.390 0.094 0.221 -0.487 0.126 0.142 -0.371 0.206 0.204 -0.292 
0.989 -0.140 0.021 0.031 0.972 -0.217 0.077 0.054 -0.085 -0.531 -0.802 0.295 0.394 -0.858 0.176 0.342 -0.835 0.304 0.422 -0.656 -0.156 -0.349 -0.390 0.095 0.218 -0.488 0.129 0.140 -0.370 0.207 0.203 -0.292 
0.989 -0.140 0.021 0.031 0.971 -0.220 0.074 0.050 -0.085 -0.527 -0.804 0.287 0.402 -0.857 0.169 0.348 -0.834 0.297 0.429 -0.655 -0.155 -0.348 -0.391 0.091 0.222 -0.487 0.126 0.144 -0.370 0.204 0.207 -0.292 
0.990 -0.139 0.020 0.031 0.972 -0.220 0.067 0.048 -0.071 -0.535 -0.802 0.270 0.404 -0.863 0.155 0.346 -0.836 0.287 0.427 -0.657 -0.144 -0.351 -0.392 0.085 0.222 -0.489 0.118 0.142 -0.374 0.200 0.207 -0.295 
0.990 -0.139 0.020 0.031 0.972 -0.220 0.067 0.048 -0.071 -0.535 -0.802 0.270 0.404 -0.863 0.155 0.346 -0.836 0.287 0.427 -0.657 -0.144 -0.351 -0.392 0.085 0.222 -0.489 0.118 0.142 -0.374 0.200 0.207 -0.295 
0.990 -0.138 0.019 0.031 0.972 -0.220 0.068 0.048 -0.067 -0.532 -0.804 0.264 0.409 -0.863 0.161 0.346 -0.834 0.289 0.427 -0.656 -0.143 -0.350 -0.394 0.083 0.224 -0.488 0.120 0.142 -0.373 0.200 0.208 -0.295 
0.990 -0.133 0.006 0.045 0.974 -0.213 0.071 0.039 -0.044 -0.519 -0.812 0.280 0.405 -0.860 0.156 0.332 -0.840 0.282 0.418 -0.662 -0.134 -0.346 -0.401 0.093 0.219 -0.488 0.118 0.133 -0.377 0.192 0.204 -0.302 
0.990 -0.131 0.004 0.057 0.975 -0.206 0.069 0.042 -0.051 -0.505 -0.818 0.283 0.391 -0.864 0.148 0.323 -0.849 0.285 0.405 -0.672 -0.140 -0.343 -0.402 0.091 0.212 -0.492 0.117 0.126 -0.380 0.193 0.196 -0.307 
0.991 -0.128 -0.007 0.041 0.978 -0.191 0.074 0.046 0.048 -0.422 -0.843 0.287 0.370 -0.873 0.155 0.289 -0.863 0.291 0.378 -0.693 -0.118 -0.310 -0.434 0.093 0.205 -0.494 0.121 0.104 -0.385 0.200 0.174 -0.316 
0.991 -0.114 -0.014 0.071 0.981 -0.182 0.061 0.023 -0.018 -0.458 -0.861 0.258 0.364 -0.884 0.125 0.269 -0.868 0.250 0.366 -0.707 -0.099 -0.310 -0.438 0.079 0.193 -0.502 0.107 0.096 -0.391 0.172 0.173 -0.332 
0.993 -0.096 -0.022 0.064 0.984 -0.168 0.053 -0.003 0.060 -0.451 -0.864 0.219 0.365 -0.894 0.118 0.240 -0.867 0.216 0.350 -0.722 -0.057 -0.303 -0.450 0.054 0.194 -0.505 0.100 0.086 -0.396 0.151 0.166 -0.346 
0.994 -0.073 -0.027 0.076 0.987 -0.152 0.043 -0.013 0.079 -0.430 -0.869 0.211 0.359 -0.899 0.104 0.209 -0.875 0.186 0.324 -0.751 -0.053 -0.295 -0.456 0.049 0.193 -0.506 0.092 0.071 -0.401 0.132 0.156 -0.358 
0.995 -0.063 -0.027 0.071 0.989 -0.142 0.039 -0.018 0.092 -0.409 -0.881 0.214 0.358 -0.899 0.102 0.195 -0.878 0.185 0.310 -0.763 -0.041 -0.280 -0.466 0.050 0.196 -0.505 0.090 0.070 -0.401 0.126 0.148 -0.364 
0.997 -0.046 -0.033 0.060 0.992 -0.120 0.035 -0.030 0.131 -0.375 -0.894 0.197 0.336 -0.911 0.097 0.151 -0.880 0.175 0.269 -0.783 -0.018 -0.255 -0.481 0.040 0.188 -0.509 0.089 0.053 -0.404 0.120 0.127 -0.374 
0.996 -0.048 -0.034 0.062 0.993 -0.107 0.031 -0.033 0.142 -0.369 -0.898 0.194 0.320 -0.915 0.092 0.123 -0.884 0.167 0.246 -0.798 -0.005 -0.250 -0.484 0.032 0.180 -0.512 0.088 0.047 -0.405 0.112 0.121 -0.379 
0.997 -0.027 -0.040 0.065 0.995 -0.078 0.030 -0.047 0.171 -0.339 -0.903 0.192 0.294 -0.922 0.101 0.073 -0.881 0.163 0.198 -0.814 0.008 -0.234 -0.492 0.023 0.170 -0.516 0.095 0.028 -0.405 0.110 0.097 -0.386 
0.997 -0.016 -0.040 0.069 0.996 -0.065 0.022 -0.050 0.153 -0.331 -0.903 0.191 0.304 -0.917 0.083 0.043 -0.888 0.150 0.172 -0.831 -0.013 -0.237 -0.491 0.019 0.177 -0.514 0.080 0.012 -0.409 0.101 0.082 -0.392 
0.997 -0.007 -0.045 0.070 0.997 -0.057 0.026 -0.055 0.165 -0.320 -0.910 0.202 0.302 -0.919 0.089 0.026 -0.882 0.154 0.164 -0.833 0.003 -0.226 -0.496 0.034 0.174 -0.514 0.079 0.004 -0.410 0.103 0.073 -0.393 
1.000 -0.003 -0.021 0.001 0.999 -0.043 -0.001 0.014 0.078 -0.311 -0.923 0.199 0.243 -0.933 0.110 -0.036 -0.884 0.116 0.128 -0.876 -0.057 -0.205 -0.502 0.027 0.159 -0.519 0.081 -0.010 -0.409 0.027 0.064 -0.407 
0.998 0.001 -0.031 0.050 0.998 -0.021 0.018 -0.060 0.175 -0.320 -0.912 0.159 0.281 -0.929 0.091 -0.052 -0.879 0.167 0.102 -0.857 0.015 -0.216 -0.500 -0.002 0.169 -0.517 0.074 -0.025 -0.410 0.086 0.054 -0.400 
0.998 0.011 -0.029 0.049 0.998 -0.021 0.017 -0.061 0.170 -0.304 -0.920 0.156 0.297 -0.930 0.082 -0.048 -0.879 0.153 0.098 -0.859 0.014 -0.205 -0.505 0.009 0.177 -0.514 0.067 -0.025 -0.411 0.085 0.053 -0.400 
0.999 0.003 -0.032 0.042 0.998 -0.007 0.019 -0.055 0.174 -0.308 -0.917 0.158 0.292 -0.927 0.074 -0.079 -0.878 0.149 0.068 -0.862 0.013 -0.208 -0.503 0.001 0.176 -0.515 0.061 -0.042 -0.410 0.089 0.037 -0.401 
0.998 0.010 -0.030 0.052 0.998 -0.007 0.021 -0.062 0.179 -0.294 -0.920 0.162 0.301 -0.922 0.084 -0.078 -0.877 0.133 0.070 -0.864 0.016 -0.201 -0.506 -0.001 0.181 -0.513 0.062 -0.042 -0.410 0.087 0.038 -0.402 
0.998 0.011 -0.030 0.054 0.998 -0.005 0.025 -0.064 0.182 -0.270 -0.929 0.163 0.305 -0.920 0.086 -0.082 -0.879 0.131 0.065 -0.863 0.025 -0.185 -0.512 -0.002 0.184 -0.512 0.059 -0.043 -0.411 0.090 0.035 -0.401 
0.998 0.010 -0.033 0.059 0.997 -0.005 0.026 -0.070 0.181 -0.258 -0.932 0.157 0.311 -0.918 0.079 -0.083 -0.882 0.130 0.066 -0.862 0.022 -0.181 -0.513 -0.009 0.187 -0.511 0.057 -0.042 -0.411 0.089 0.035 -0.401 
0.998 0.013 -0.028 0.062 0.997 -0.006 0.026 -0.067 0.168 -0.258 -0.935 0.157 0.315 -0.917 0.078 -0.084 -0.883 0.128 0.064 -0.866 0.017 -0.181 -0.514 -0.009 0.189 -0.510 0.053 -0.044 -0.411 0.089 0.035 -0.401 
0.998 0.013 -0.030 0.062 0.997 -0.011 0.029 -0.067 0.165 -0.248 -0.937 0.140 0.316 -0.920 0.065 -0.080 -0.885 0.114 0.070 -0.867 0.012 -0.176 -0.515 -0.017 0.187 -0.511 0.034 -0.045 -0.413 0.083 0.034 -0.403 
0.997 0.013 -0.033 0.071 0.997 -0.010 0.031 -0.072 0.170 -0.260 -0.935 0.161 0.325 -0.904 0.068 -0.088 -0.886 0.109 0.054 -0.867 0.020 -0.181 -0.513 -0.024 0.191 -0.509 0.040 -0.046 -0.412 0.079 0.032 -0.404 
0.997 0.005 -0.037 0.074 0.997 -0.011 0.038 -0.063 0.177 -0.283 -0.927 0.171 0.304 -0.907 0.048 -0.093 -0.886 0.106 0.047 -0.862 0.023 -0.195 -0.508 -0.025 0.178 -0.514 0.042 -0.049 -0.412 0.079 0.028 -0.404 
0.998 0.003 -0.041 0.057 0.998 -0.013 0.038 -0.043 0.151 -0.294 -0.928 0.167 0.288 -0.920 0.024 -0.097 -0.877 0.099 0.031 -0.858 0.009 -0.199 -0.507 -0.010 0.174 -0.515 0.072 -0.047 -0.408 0.077 0.022 -0.405 
0.998 -0.003 -0.049 0.039 0.998 -0.017 0.048 -0.035 0.157 -0.302 -0.930 0.193 0.276 -0.920 0.047 -0.097 -0.851 0.091 0.023 -0.845 0.027 -0.196 -0.508 0.007 0.174 -0.515 0.133 -0.040 -0.393 0.083 0.018 -0.404 
0.999 -0.001 -0.040 0.011 0.998 -0.022 0.047 -0.018 0.131 -0.297 -0.933 0.158 0.249 -0.938 0.070 -0.086 -0.831 0.093 0.024 -0.847 0.002 -0.197 -0.508 0.003 0.170 -0.516 0.183 -0.033 -0.373 0.088 0.016 -0.403 
0.999 0.016 -0.037 -0.004 0.997 -0.035 0.060 -0.013 0.127 -0.269 -0.942 0.174 0.268 -0.933 0.172 -0.050 -0.806 0.080 0.050 -0.845 -0.003 -0.176 -0.516 0.022 0.186 -0.511 0.228 -0.034 -0.348 0.089 0.028 -0.402 
0.999 0.015 -0.019 -0.032 0.998 -0.040 0.058 -0.001 0.086 -0.247 -0.950 0.138 0.254 -0.938 0.287 -0.033 -0.813 0.064 0.063 -0.855 -0.032 -0.163 -0.519 -0.003 0.193 -0.508 0.243 -0.032 -0.337 0.077 0.030 -0.404 
0.998 0.015 -0.007 -0.052 0.997 -0.041 0.059 0.002 0.059 -0.242 -0.958 0.110 0.255 -0.940 0.385 -0.035 -0.795 0.039 0.063 -0.860 -0.037 -0.152 -0.522 -0.018 0.199 -0.506 0.244 -0.033 -0.337 0.049 0.030 -0.409 
0.998 0.022 -0.002 -0.056 0.997 -0.040 0.068 0.016 0.035 -0.236 -0.959 0.158 0.259 -0.928 0.435 0.005 -0.758 0.019 0.075 -0.862 -0.056 -0.147 -0.522 0.000 0.204 -0.504 0.246 -0.026 -0.336 0.042 0.033 -0.409 
0.998 0.034 -0.020 -0.039 0.996 -0.039 0.077 -0.001 0.035 -0.224 -0.966 0.166 0.273 -0.926 0.372 0.031 -0.760 -0.059 0.078 -0.860 -0.042 -0.139 -0.526 0.007 0.203 -0.504 0.243 -0.010 -0.339 0.042 0.033 -0.409 
0.999 0.044 -0.014 -0.028 0.997 -0.037 0.071 0.023 -0.010 -0.207 -0.970 0.182 0.263 -0.922 0.360 0.072 -0.774 -0.124 0.089 -0.851 -0.067 -0.131 -0.525 0.008 0.200 -0.505 0.222 0.008 -0.353 0.043 0.030 -0.409 
0.998 0.059 -0.007 0.012 0.997 -0.035 0.067 0.010 -0.005 -0.195 -0.975 0.166 0.256 -0.920 0.329 0.105 -0.784 -0.163 0.089 -0.829 -0.052 -0.131 -0.527 -0.016 0.198 -0.506 0.216 0.027 -0.356 0.092 0.031 -0.401 
0.998 0.053 0.014 0.034 0.998 -0.027 0.053 0.006 0.018 -0.195 -0.974 0.116 0.243 -0.930 0.255 0.121 -0.822 -0.151 0.074 -0.806 -0.036 -0.138 -0.526 -0.048 0.188 -0.508 0.188 0.034 -0.370 0.143 0.024 -0.386 
0.997 0.033 0.002 0.065 0.998 -0.021 0.059 -0.011 0.127 -0.205 -0.962 0.103 0.215 -0.944 0.202 0.109 -0.833 0.001 0.057 -0.797 0.021 -0.156 -0.522 -0.052 0.155 -0.519 0.171 0.031 -0.379 0.210 0.027 -0.354 
0.993 0.011 0.001 0.119 0.997 -0.010 0.070 -0.044 0.133 -0.235 -0.962 0.080 0.198 -0.959 0.169 0.071 -0.839 0.171 0.021 -0.770 0.061 -0.144 -0.522 -0.050 0.121 -0.528 0.153 0.024 -0.387 0.251 0.041 -0.325 
0.989 -0.012 0.002 0.145 0.995 -0.006 0.073 -0.074 0.249 -0.198 -0.944 0.034 0.190 -0.960 0.116 0.061 -0.874 0.291 0.081 -0.756 0.115 -0.142 -0.513 -0.083 0.108 -0.527 0.127 0.017 -0.397 0.256 0.064 -0.318 
0.989 -0.016 -0.005 0.149 0.994 -0.009 0.081 -0.070 0.310 -0.138 -0.931 0.028 0.175 -0.969 0.083 0.038 -0.870 0.385 0.084 -0.761 0.133 -0.132 -0.512 -0.070 0.100 -0.530 0.114 0.011 -0.401 0.246 0.053 -0.327 
0.990 -0.015 0.000 0.138 0.995 -0.022 0.072 -0.068 0.352 -0.102 -0.916 -0.002 0.177 -0.971 0.067 0.057 -0.873 0.399 0.083 -0.773 0.145 -0.121 -0.511 -0.082 0.104 -0.528 0.100 0.020 -0.405 0.222 0.045 -0.345 
0.994 -0.023 0.008 0.106 0.996 -0.021 0.071 -0.045 0.382 -0.091 -0.898 0.008 0.168 -0.974 0.060 0.065 -0.858 0.430 0.036 -0.764 0.148 -0.125 -0.509 -0.070 0.108 -0.528 0.141 0.025 -0.392 0.223 0.024 -0.346 
0.996 -0.018 0.040 0.078 0.998 -0.027 0.051 -0.020 0.405 -0.080 -0.886 0.008 0.169 -0.977 0.178 0.072 -0.835 0.457 0.016 -0.758 0.155 -0.120 -0.509 -0.057 0.116 -0.528 0.215 0.015 -0.357 0.180 0.012 -0.371 
0.995 -0.013 0.062 0.074 0.998 -0.028 0.048 -0.007 0.432 -0.066 -0.873 0.073 0.160 -0.973 0.270 0.078 -0.818 0.476 0.004 -0.741 0.170 -0.117 -0.505 -0.028 0.117 -0.530 0.249 0.007 -0.335 0.154 0.004 -0.383 
0.994 0.001 0.112 0.017 0.998 -0.027 0.028 0.057 0.431 -0.084 -0.868 0.140 0.142 -0.961 0.338 0.015 -0.863 0.437 -0.040 -0.798 0.155 -0.122 -0.509 -0.002 0.131 -0.527 0.197 -0.016 -0.367 0.108 -0.009 -0.398 
0.994 0.003 0.107 0.030 0.996 -0.027 0.051 0.067 0.470 -0.088 -0.847 0.271 0.134 -0.925 0.397 0.009 -0.844 0.447 -0.026 -0.794 0.183 -0.131 -0.497 0.055 0.135 -0.523 0.198 -0.013 -0.367 0.113 -0.011 -0.397 
0.993 0.011 0.107 0.048 0.995 -0.025 0.065 0.072 0.559 -0.075 -0.791 0.360 0.140 -0.887 0.421 0.012 -0.830 0.458 -0.034 -0.787 0.241 -0.131 -0.472 0.093 0.139 -0.517 0.206 -0.015 -0.363 0.123 -0.019 -0.393 
0.993 0.009 0.104 0.046 0.992 -0.019 0.085 0.087 0.627 -0.104 -0.733 0.421 0.114 -0.859 0.472 -0.011 -0.794 0.501 -0.021 -0.761 0.282 -0.154 -0.441 0.123 0.127 -0.514 0.228 -0.030 -0.348 0.167 -0.018 -0.377 
0.992 0.024 0.106 0.057 0.988 -0.013 0.105 0.114 0.708 -0.130 -0.644 0.483 0.069 -0.832 0.473 -0.008 -0.787 0.514 0.023 -0.746 0.327 -0.176 -0.400 0.163 0.102 -0.508 0.252 -0.040 -0.330 0.165 -0.009 -0.378 
0.990 0.018 0.111 0.084 0.984 -0.014 0.142 0.109 0.719 -0.091 -0.648 0.577 0.133 -0.751 0.490 0.009 -0.778 0.527 0.078 -0.736 0.353 -0.155 -0.386 0.207 0.134 -0.484 0.260 -0.031 -0.325 0.183 0.018 -0.369 
0.991 0.012 0.093 0.096 0.974 -0.019 0.195 0.112 0.778 -0.065 -0.575 0.699 0.136 -0.622 0.488 0.027 -0.774 0.520 0.146 -0.732 0.397 -0.150 -0.343 0.278 0.137 -0.446 0.270 -0.023 -0.317 0.197 0.049 -0.359 
0.996 0.018 0.074 0.040 0.961 -0.016 0.233 0.151 0.869 -0.207 -0.398 0.771 0.056 -0.554 0.517 -0.014 -0.749 0.489 0.131 -0.735 0.434 -0.198 -0.264 0.339 0.098 -0.413 0.280 -0.044 -0.306 0.152 0.014 -0.383 
0.998 0.024 0.058 0.012 0.944 -0.012 0.275 0.180 0.863 -0.295 -0.319 0.849 -0.002 -0.468 0.476 -0.029 -0.749 0.467 0.131 -0.753 0.416 -0.255 -0.245 0.417 0.073 -0.341 0.291 -0.066 -0.291 0.162 0.032 -0.378 
0.996 0.051 0.065 0.025 0.937 -0.028 0.312 0.155 0.901 -0.251 -0.219 0.868 -0.018 -0.464 0.485 -0.000 -0.705 0.517 0.058 -0.729 0.446 -0.236 -0.207 0.447 0.056 -0.303 0.322 -0.061 -0.258 0.196 0.015 -0.363 
0.996 0.058 0.059 0.027 0.936 -0.040 0.321 0.139 0.907 -0.208 -0.215 0.875 -0.029 -0.445 0.457 0.055 -0.701 0.520 0.014 -0.735 0.452 -0.213 -0.219 0.454 0.060 -0.293 0.331 -0.033 -0.252 0.217 0.014 -0.350 
0.997 0.059 0.049 0.004 0.926 -0.033 0.340 0.164 0.863 -0.222 -0.224 0.845 -0.091 -0.474 0.453 0.024 -0.722 0.513 -0.032 -0.747 0.411 -0.237 -0.269 0.437 0.044 -0.320 0.318 -0.051 -0.265 0.205 -0.012 -0.358 
0.996 0.061 0.054 0.026 0.924 -0.032 0.351 0.148 0.850 -0.181 -0.235 0.844 0.093 -0.376 0.455 -0.005 -0.735 0.489 -0.051 -0.767 0.401 -0.229 -0.291 0.413 0.211 -0.283 0.309 -0.060 -0.274 0.221 -0.004 -0.349 
0.991 0.040 0.055 0.115 0.945 -0.067 0.310 0.085 0.807 -0.026 -0.509 0.732 0.348 -0.421 0.320 0.016 -0.861 0.375 0.024 -0.837 0.393 -0.133 -0.354 0.285 0.314 -0.338 0.182 -0.006 -0.375 0.201 0.033 -0.359 
0.990 0.034 0.057 0.124 0.948 -0.078 0.302 0.063 0.779 -0.005 -0.578 0.700 0.408 -0.456 0.298 -0.007 -0.868 0.380 0.016 -0.823 0.385 -0.101 -0.374 0.266 0.328 -0.340 0.154 -0.013 -0.387 0.227 0.038 -0.342 
0.990 0.035 0.059 0.124 0.948 -0.081 0.303 0.059 0.768 0.004 -0.593 0.693 0.416 -0.460 0.295 -0.001 -0.869 0.377 0.023 -0.824 0.378 -0.096 -0.381 0.261 0.332 -0.341 0.152 -0.010 -0.388 0.225 0.042 -0.343 
0.994 0.022 0.056 0.089 0.945 -0.071 0.313 0.067 0.723 -0.029 -0.644 0.670 0.378 -0.555 0.308 -0.022 -0.863 0.397 -0.015 -0.818 0.340 -0.110 -0.412 0.259 0.296 -0.374 0.141 -0.016 -0.392 0.223 0.018 -0.346 
0.997 0.008 0.044 0.066 0.941 -0.065 0.326 0.065 0.702 -0.030 -0.669 0.635 0.339 -0.634 0.313 -0.023 -0.859 0.396 -0.015 -0.820 0.327 -0.105 -0.424 0.246 0.261 -0.408 0.142 -0.014 -0.392 0.214 0.011 -0.353 
0.996 0.012 0.041 0.080 0.938 -0.075 0.333 0.056 0.658 -0.010 -0.712 0.607 0.334 -0.655 0.305 -0.019 -0.866 0.398 0.003 -0.823 0.299 -0.094 -0.447 0.223 0.258 -0.421 0.131 -0.009 -0.396 0.214 0.018 -0.352 
0.998 0.010 0.025 0.053 0.943 -0.067 0.313 0.086 0.659 -0.119 -0.716 0.606 0.320 -0.686 0.242 -0.021 -0.875 0.332 -0.005 -0.842 0.300 -0.127 -0.437 0.239 0.236 -0.428 0.100 -0.010 -0.405 0.176 0.010 -0.373 
1.000 0.012 0.007 0.016 0.940 -0.056 0.315 0.121 0.652 -0.173 -0.708 0.639 0.268 -0.683 0.227 -0.034 -0.875 0.292 -0.017 -0.851 0.286 -0.149 -0.440 0.268 0.213 -0.423 0.107 -0.017 -0.403 0.165 0.002 -0.378 
0.996 0.010 -0.006 -0.086 0.926 -0.020 0.319 0.199 0.676 -0.267 -0.492 0.686 0.175 -0.648 0.165 -0.046 -0.897 0.258 -0.030 -0.890 0.230 -0.186 -0.458 0.301 0.204 -0.404 0.061 -0.016 -0.412 0.108 -0.004 -0.398 
0.997 0.012 -0.004 -0.082 0.918 -0.013 0.342 0.203 0.685 -0.284 -0.476 0.713 0.151 -0.622 0.201 -0.073 -0.889 0.294 -0.057 -0.879 0.239 -0.197 -0.452 0.319 0.190 -0.394 0.077 -0.028 -0.409 0.123 -0.017 -0.394 
0.996 0.011 -0.005 -0.086 0.927 -0.026 0.321 0.190 0.675 -0.244 -0.506 0.682 0.197 -0.646 0.168 -0.035 -0.897 0.261 -0.017 -0.890 0.228 -0.173 -0.464 0.297 0.215 -0.403 0.062 -0.011 -0.412 0.108 0.001 -0.398 
0.996 0.012 -0.004 -0.083 0.920 -0.022 0.341 0.191 0.693 -0.258 -0.478 0.708 0.179 -0.620 0.203 -0.057 -0.890 0.296 -0.039 -0.879 0.245 -0.185 -0.453 0.313 0.204 -0.392 0.078 -0.021 -0.409 0.124 -0.009 -0.394 
