0.999 0.010 -0.040 0.004 0.996 -0.014 -0.015 -0.087 0.103 -0.169 -0.964 0.163 0.257 -0.941 0.107 -0.034 -0.866 0.104 0.121 -0.848 -0.026 -0.121 -0.531 0.018 0.168 -0.517 0.096 -0.022 -0.405 0.100 0.060 -0.396 
0.999 0.010 -0.039 0.003 0.996 -0.012 -0.016 -0.086 0.096 -0.175 -0.964 0.161 0.253 -0.942 0.109 -0.037 -0.866 0.105 0.117 -0.848 -0.029 -0.124 -0.530 0.017 0.166 -0.518 0.096 -0.023 -0.405 0.099 0.058 -0.396 
0.999 0.010 -0.037 0.005 0.996 -0.011 -0.013 -0.087 0.087 -0.179 -0.966 0.160 0.253 -0.941 0.115 -0.038 -0.866 0.111 0.118 -0.851 -0.029 -0.125 -0.530 0.011 0.166 -0.518 0.096 -0.024 -0.405 0.097 0.058 -0.397 
0.999 0.010 -0.038 0.004 0.996 -0.012 -0.010 -0.085 0.077 -0.180 -0.968 0.163 0.250 -0.941 0.126 -0.035 -0.864 0.119 0.123 -0.846 -0.030 -0.125 -0.529 0.013 0.165 -0.518 0.102 -0.022 -0.404 0.100 0.059 -0.396 
0.999 0.009 -0.034 0.004 0.996 -0.013 -0.010 -0.084 0.080 -0.185 -0.966 0.155 0.256 -0.943 0.121 -0.032 -0.866 0.126 0.121 -0.844 -0.031 -0.128 -0.529 0.014 0.167 -0.518 0.100 -0.022 -0.404 0.101 0.059 -0.396 
0.999 0.009 -0.034 0.004 0.996 -0.014 -0.009 -0.085 0.081 -0.182 -0.966 0.155 0.259 -0.942 0.123 -0.030 -0.866 0.127 0.124 -0.844 -0.031 -0.127 -0.529 0.014 0.168 -0.518 0.100 -0.020 -0.404 0.102 0.060 -0.396 
0.999 0.008 -0.032 0.005 0.996 -0.011 -0.007 -0.087 0.079 -0.190 -0.966 0.160 0.252 -0.943 0.132 -0.036 -0.861 0.124 0.123 -0.848 -0.027 -0.131 -0.528 0.015 0.165 -0.518 0.101 -0.023 -0.404 0.104 0.059 -0.395 
0.999 0.008 -0.033 0.005 0.996 -0.009 -0.008 -0.086 0.079 -0.195 -0.965 0.162 0.247 -0.943 0.131 -0.040 -0.861 0.123 0.119 -0.849 -0.027 -0.134 -0.527 0.016 0.162 -0.519 0.101 -0.025 -0.404 0.103 0.057 -0.396 
0.999 0.007 -0.034 0.001 0.996 -0.009 -0.006 -0.088 0.092 -0.193 -0.965 0.153 0.236 -0.946 0.133 -0.038 -0.861 0.129 0.119 -0.846 -0.018 -0.132 -0.528 0.008 0.158 -0.521 0.106 -0.024 -0.403 0.103 0.057 -0.396 
0.999 0.007 -0.034 0.001 0.996 -0.009 -0.006 -0.088 0.093 -0.193 -0.965 0.154 0.236 -0.946 0.134 -0.038 -0.861 0.130 0.120 -0.846 -0.017 -0.132 -0.528 0.009 0.158 -0.521 0.106 -0.024 -0.403 0.103 0.057 -0.396 
0.999 0.007 -0.034 0.001 0.996 -0.009 -0.006 -0.088 0.094 -0.196 -0.965 0.157 0.238 -0.945 0.130 -0.040 -0.862 0.129 0.118 -0.847 -0.016 -0.133 -0.528 0.011 0.159 -0.520 0.105 -0.024 -0.403 0.103 0.056 -0.396 
0.999 0.007 -0.034 0.002 0.996 -0.011 -0.005 -0.089 0.097 -0.192 -0.965 0.159 0.243 -0.944 0.132 -0.036 -0.862 0.130 0.122 -0.846 -0.014 -0.131 -0.529 0.011 0.161 -0.520 0.106 -0.022 -0.403 0.104 0.058 -0.395 
0.999 0.007 -0.036 0.010 0.996 -0.012 -0.007 -0.093 0.092 -0.200 -0.964 0.153 0.249 -0.943 0.126 -0.035 -0.864 0.120 0.124 -0.848 -0.017 -0.136 -0.527 0.006 0.163 -0.519 0.102 -0.022 -0.404 0.097 0.058 -0.397 
0.999 0.007 -0.036 0.010 0.996 -0.011 -0.009 -0.092 0.088 -0.202 -0.964 0.150 0.247 -0.944 0.123 -0.037 -0.864 0.117 0.122 -0.848 -0.019 -0.137 -0.527 0.004 0.162 -0.519 0.100 -0.023 -0.404 0.095 0.057 -0.397 
0.999 0.007 -0.036 0.010 0.995 -0.014 -0.006 -0.094 0.095 -0.196 -0.965 0.154 0.253 -0.942 0.128 -0.030 -0.864 0.121 0.128 -0.847 -0.015 -0.134 -0.528 0.006 0.165 -0.519 0.103 -0.019 -0.404 0.097 0.060 -0.397 
0.999 0.006 -0.039 0.007 0.996 -0.012 -0.004 -0.085 0.079 -0.197 -0.966 0.144 0.259 -0.944 0.123 -0.035 -0.866 0.124 0.123 -0.846 -0.024 -0.133 -0.528 0.009 0.166 -0.518 0.100 -0.023 -0.404 0.100 0.057 -0.396 
0.999 0.006 -0.038 0.006 0.996 -0.010 -0.003 -0.083 0.077 -0.203 -0.965 0.150 0.256 -0.944 0.124 -0.040 -0.866 0.127 0.118 -0.846 -0.025 -0.137 -0.527 0.013 0.165 -0.518 0.101 -0.025 -0.404 0.101 0.054 -0.397 
0.999 0.002 -0.032 -0.005 0.996 -0.010 -0.006 -0.089 0.060 -0.214 -0.965 0.158 0.267 -0.941 0.122 -0.036 -0.865 0.122 0.121 -0.846 -0.031 -0.140 -0.526 0.021 0.172 -0.516 0.101 -0.023 -0.404 0.099 0.057 -0.397 
0.999 0.001 -0.035 -0.018 0.995 -0.009 -0.003 -0.095 0.053 -0.225 -0.962 0.173 0.275 -0.936 0.121 -0.038 -0.867 0.119 0.121 -0.843 -0.039 -0.145 -0.524 0.030 0.179 -0.513 0.105 -0.024 -0.403 0.098 0.058 -0.397 
0.999 -0.000 -0.034 -0.021 0.995 -0.011 -0.005 -0.101 0.036 -0.225 -0.961 0.203 0.289 -0.924 0.120 -0.030 -0.867 0.104 0.122 -0.847 -0.051 -0.145 -0.523 0.041 0.188 -0.509 0.099 -0.021 -0.404 0.093 0.060 -0.398 
0.998 -0.003 -0.037 -0.041 0.994 -0.011 -0.003 -0.109 0.019 -0.236 -0.956 0.238 0.282 -0.917 0.122 -0.033 -0.867 0.104 0.127 -0.847 -0.071 -0.150 -0.519 0.059 0.190 -0.507 0.100 -0.020 -0.404 0.092 0.062 -0.398 
0.998 0.000 -0.036 -0.049 0.992 -0.012 0.001 -0.125 -0.011 -0.238 -0.951 0.276 0.283 -0.906 0.140 -0.025 -0.866 0.105 0.133 -0.847 -0.098 -0.151 -0.514 0.081 0.193 -0.503 0.106 -0.016 -0.403 0.089 0.067 -0.398 
0.998 -0.004 -0.038 -0.055 0.991 -0.010 0.006 -0.134 -0.017 -0.254 -0.947 0.302 0.281 -0.898 0.154 -0.028 -0.866 0.116 0.133 -0.842 -0.101 -0.158 -0.511 0.094 0.193 -0.501 0.110 -0.018 -0.402 0.092 0.065 -0.397 
0.998 -0.005 -0.036 -0.055 0.989 -0.012 0.001 -0.147 -0.044 -0.250 -0.946 0.311 0.286 -0.892 0.149 -0.025 -0.868 0.097 0.135 -0.844 -0.119 -0.156 -0.508 0.098 0.196 -0.499 0.105 -0.021 -0.403 0.080 0.066 -0.400 
0.997 -0.002 -0.038 -0.068 0.990 -0.008 0.007 -0.144 -0.056 -0.248 -0.942 0.352 0.264 -0.887 0.161 -0.030 -0.865 0.105 0.129 -0.840 -0.134 -0.152 -0.505 0.130 0.183 -0.496 0.107 -0.026 -0.402 0.087 0.063 -0.399 
0.996 -0.006 -0.035 -0.078 0.989 -0.007 0.005 -0.146 -0.081 -0.256 -0.943 0.357 0.261 -0.893 0.163 -0.029 -0.859 0.110 0.125 -0.838 -0.138 -0.151 -0.505 0.153 0.168 -0.495 0.100 -0.028 -0.404 0.083 0.061 -0.400 
0.995 -0.012 -0.033 -0.096 0.988 -0.009 0.001 -0.157 -0.145 -0.255 -0.937 0.392 0.240 -0.886 0.152 -0.025 -0.865 0.107 0.129 -0.838 -0.168 -0.145 -0.497 0.183 0.152 -0.490 0.092 -0.024 -0.406 0.075 0.066 -0.401 
0.994 -0.010 -0.037 -0.098 0.985 -0.012 -0.000 -0.174 -0.185 -0.256 -0.935 0.397 0.251 -0.882 0.146 -0.016 -0.861 0.077 0.137 -0.841 -0.177 -0.143 -0.495 0.190 0.155 -0.486 0.088 -0.017 -0.407 0.064 0.072 -0.402 
0.995 -0.006 -0.036 -0.094 0.980 -0.012 0.003 -0.200 -0.160 -0.261 -0.936 0.406 0.267 -0.872 0.163 -0.008 -0.860 0.071 0.138 -0.838 -0.166 -0.146 -0.497 0.187 0.167 -0.484 0.096 -0.015 -0.405 0.056 0.073 -0.403 
0.995 -0.006 -0.036 -0.094 0.979 -0.014 0.003 -0.201 -0.163 -0.259 -0.937 0.409 0.267 -0.870 0.163 -0.005 -0.860 0.071 0.141 -0.838 -0.167 -0.145 -0.497 0.188 0.168 -0.483 0.096 -0.014 -0.406 0.056 0.074 -0.403 
0.994 -0.003 -0.035 -0.099 0.976 -0.006 0.000 -0.216 -0.219 -0.291 -0.912 0.434 0.247 -0.867 0.160 -0.017 -0.855 0.064 0.135 -0.836 -0.206 -0.157 -0.479 0.220 0.145 -0.476 0.087 -0.024 -0.407 0.052 0.068 -0.404 
0.994 -0.010 -0.032 -0.105 0.972 -0.005 -0.004 -0.234 -0.256 -0.294 -0.905 0.468 0.203 -0.860 0.160 -0.009 -0.861 0.049 0.132 -0.840 -0.216 -0.159 -0.473 0.236 0.123 -0.475 0.085 -0.020 -0.408 0.038 0.069 -0.405 
0.993 -0.010 -0.030 -0.112 0.968 -0.010 -0.000 -0.252 -0.255 -0.270 -0.915 0.462 0.211 -0.863 0.165 0.009 -0.860 0.042 0.149 -0.838 -0.206 -0.145 -0.482 0.241 0.122 -0.473 0.082 -0.011 -0.409 0.035 0.079 -0.404 
0.992 -0.011 -0.032 -0.125 0.963 -0.010 -0.003 -0.269 -0.242 -0.270 -0.902 0.464 0.201 -0.863 0.164 0.015 -0.865 0.027 0.155 -0.843 -0.240 -0.135 -0.469 0.233 0.125 -0.476 0.076 -0.008 -0.410 0.028 0.075 -0.405 
0.991 -0.013 -0.027 -0.131 0.952 -0.016 -0.011 -0.305 -0.307 -0.229 -0.893 0.433 0.187 -0.883 0.148 0.031 -0.874 0.006 0.167 -0.848 -0.276 -0.112 -0.456 0.225 0.111 -0.484 0.063 0.001 -0.412 0.010 0.080 -0.405 
0.990 -0.017 -0.027 -0.140 0.951 -0.017 -0.007 -0.308 -0.260 -0.208 -0.917 0.460 0.169 -0.873 0.156 0.034 -0.876 0.006 0.168 -0.855 -0.244 -0.102 -0.476 0.237 0.103 -0.479 0.061 0.003 -0.413 0.015 0.082 -0.405 
0.989 -0.017 -0.027 -0.141 0.951 -0.017 -0.006 -0.309 -0.263 -0.204 -0.916 0.465 0.169 -0.870 0.158 0.036 -0.876 0.008 0.170 -0.855 -0.245 -0.100 -0.475 0.240 0.103 -0.478 0.062 0.004 -0.412 0.016 0.083 -0.405 
0.994 -0.005 -0.046 -0.099 0.954 -0.010 0.002 -0.298 -0.335 -0.128 -0.914 0.521 0.072 -0.851 0.187 0.030 -0.864 0.044 0.157 -0.853 -0.267 -0.078 -0.468 0.272 0.047 -0.469 0.080 0.008 -0.409 0.043 0.078 -0.404 
0.995 -0.035 -0.051 -0.077 0.948 0.010 0.006 -0.318 -0.353 -0.165 -0.914 0.340 -0.163 -0.924 0.218 0.010 -0.854 0.074 0.127 -0.860 -0.235 -0.104 -0.480 0.184 -0.088 -0.503 0.109 -0.000 -0.403 0.069 0.061 -0.403 
0.997 -0.036 -0.046 -0.051 0.937 0.015 0.008 -0.350 -0.316 -0.196 -0.925 0.350 -0.242 -0.901 0.238 0.028 -0.860 0.070 0.127 -0.863 -0.180 -0.111 -0.501 0.191 -0.132 -0.490 0.127 0.004 -0.397 0.069 0.063 -0.403 
0.994 -0.060 -0.034 -0.088 0.933 0.022 0.002 -0.358 -0.242 -0.309 -0.913 0.331 -0.296 -0.892 0.234 0.011 -0.857 0.060 0.105 -0.867 -0.165 -0.181 -0.485 0.190 -0.164 -0.480 0.122 -0.008 -0.399 0.064 0.054 -0.405 
0.994 -0.060 -0.034 -0.088 0.934 0.024 0.003 -0.357 -0.240 -0.310 -0.912 0.333 -0.299 -0.890 0.237 0.008 -0.857 0.063 0.102 -0.867 -0.164 -0.182 -0.485 0.191 -0.166 -0.479 0.123 -0.010 -0.398 0.066 0.052 -0.405 
0.992 -0.065 -0.034 -0.098 0.933 0.024 -0.000 -0.359 -0.178 -0.329 -0.920 0.378 -0.349 -0.854 0.230 0.006 -0.858 0.054 0.101 -0.870 -0.134 -0.192 -0.490 0.211 -0.191 -0.461 0.120 -0.011 -0.399 0.063 0.053 -0.405 
0.992 -0.066 -0.034 -0.101 0.933 0.024 0.001 -0.359 -0.164 -0.330 -0.922 0.396 -0.353 -0.843 0.231 0.009 -0.857 0.055 0.103 -0.871 -0.126 -0.193 -0.492 0.221 -0.194 -0.455 0.121 -0.010 -0.399 0.063 0.054 -0.405 
0.992 -0.066 -0.034 -0.101 0.933 0.022 -0.000 -0.360 -0.166 -0.329 -0.922 0.394 -0.351 -0.845 0.229 0.010 -0.858 0.052 0.104 -0.870 -0.127 -0.192 -0.492 0.220 -0.192 -0.456 0.120 -0.009 -0.399 0.062 0.054 -0.405 
0.992 -0.066 -0.034 -0.103 0.933 0.024 0.001 -0.360 -0.150 -0.332 -0.923 0.407 -0.354 -0.837 0.231 0.007 -0.858 0.059 0.105 -0.870 -0.119 -0.194 -0.493 0.227 -0.194 -0.451 0.121 -0.011 -0.399 0.064 0.054 -0.405 
0.961 -0.073 0.003 -0.268 0.927 0.005 -0.014 -0.375 -0.176 -0.439 -0.819 0.383 -0.202 -0.899 0.201 0.031 -0.869 0.027 0.127 -0.866 -0.243 -0.192 -0.446 0.204 -0.103 -0.492 0.106 -0.012 -0.403 0.037 0.060 -0.407 
0.960 -0.074 0.005 -0.269 0.927 0.005 -0.014 -0.375 -0.183 -0.434 -0.822 0.374 -0.202 -0.903 0.198 0.030 -0.870 0.024 0.125 -0.865 -0.244 -0.190 -0.447 0.199 -0.103 -0.494 0.105 -0.012 -0.403 0.036 0.059 -0.407 
0.965 -0.057 0.003 -0.254 0.934 0.002 -0.002 -0.358 -0.229 -0.376 -0.844 0.448 -0.032 -0.893 0.213 0.035 -0.860 0.038 0.135 -0.859 -0.260 -0.153 -0.452 0.238 -0.007 -0.489 0.108 -0.012 -0.402 0.048 0.061 -0.406 
0.973 -0.054 0.002 -0.226 0.938 0.001 -0.004 -0.347 -0.279 -0.404 -0.834 0.496 0.006 -0.868 0.207 0.025 -0.862 0.044 0.131 -0.858 -0.262 -0.181 -0.440 0.268 0.006 -0.473 0.109 -0.015 -0.402 0.049 0.059 -0.406 
0.972 -0.052 -0.003 -0.227 0.949 -0.000 0.003 -0.316 -0.274 -0.320 -0.871 0.505 -0.011 -0.863 0.212 0.026 -0.858 0.070 0.141 -0.854 -0.262 -0.139 -0.456 0.273 -0.003 -0.470 0.106 -0.012 -0.403 0.058 0.068 -0.404 
0.976 -0.048 -0.016 -0.210 0.960 -0.003 0.009 -0.280 -0.323 -0.213 -0.855 0.502 -0.015 -0.864 0.201 0.011 -0.869 0.091 0.146 -0.858 -0.336 -0.081 -0.421 0.266 0.001 -0.474 0.097 -0.010 -0.405 0.060 0.067 -0.403 
0.989 -0.020 -0.034 -0.144 0.959 -0.018 0.004 -0.281 -0.201 -0.210 -0.933 0.513 0.067 -0.856 0.162 0.040 -0.874 0.040 0.175 -0.859 -0.209 -0.111 -0.490 0.266 0.049 -0.472 0.077 0.009 -0.410 0.041 0.087 -0.402 
0.996 -0.002 -0.032 -0.085 0.956 -0.025 -0.000 -0.291 -0.194 -0.283 -0.931 0.494 0.174 -0.851 0.149 0.057 -0.875 0.020 0.179 -0.851 -0.154 -0.160 -0.497 0.242 0.113 -0.475 0.079 0.019 -0.409 0.025 0.090 -0.403 
0.995 -0.007 -0.042 -0.085 0.973 -0.019 0.007 -0.231 -0.148 -0.280 -0.931 0.481 0.147 -0.865 0.168 0.031 -0.870 0.071 0.170 -0.842 -0.162 -0.163 -0.493 0.252 0.087 -0.475 0.093 0.003 -0.407 0.064 0.081 -0.400 
0.995 -0.006 -0.045 -0.087 0.982 -0.019 0.011 -0.190 -0.068 -0.275 -0.930 0.490 0.203 -0.848 0.172 0.016 -0.864 0.097 0.169 -0.839 -0.149 -0.160 -0.498 0.246 0.126 -0.469 0.097 -0.005 -0.406 0.083 0.074 -0.398 
0.996 -0.012 -0.049 -0.080 0.985 -0.011 0.012 -0.174 -0.045 -0.277 -0.930 0.502 0.207 -0.837 0.162 -0.006 -0.862 0.107 0.149 -0.839 -0.139 -0.163 -0.500 0.241 0.135 -0.469 0.096 -0.014 -0.406 0.085 0.066 -0.399 
0.997 -0.006 -0.041 -0.068 0.987 -0.015 0.004 -0.162 -0.011 -0.297 -0.927 0.459 0.255 -0.844 0.146 -0.007 -0.870 0.087 0.138 -0.846 -0.115 -0.177 -0.502 0.200 0.169 -0.477 0.094 -0.016 -0.406 0.076 0.064 -0.401 
0.997 -0.004 -0.040 -0.058 0.990 -0.014 0.001 -0.142 0.044 -0.288 -0.926 0.412 0.254 -0.864 0.136 -0.017 -0.871 0.087 0.131 -0.853 -0.092 -0.179 -0.506 0.164 0.173 -0.489 0.089 -0.024 -0.407 0.075 0.057 -0.402 
0.998 -0.004 -0.034 -0.045 0.990 -0.016 -0.003 -0.140 0.058 -0.280 -0.931 0.366 0.255 -0.881 0.122 -0.015 -0.878 0.079 0.129 -0.857 -0.075 -0.179 -0.509 0.128 0.177 -0.499 0.079 -0.024 -0.409 0.072 0.058 -0.402 
0.999 -0.005 -0.034 -0.040 0.994 -0.010 -0.004 -0.105 0.098 -0.304 -0.916 0.363 0.291 -0.870 0.118 -0.036 -0.875 0.089 0.117 -0.857 -0.061 -0.192 -0.506 0.125 0.193 -0.493 0.068 -0.033 -0.410 0.073 0.053 -0.403 
0.999 -0.005 -0.033 -0.024 0.996 -0.011 -0.007 -0.085 0.138 -0.289 -0.916 0.324 0.306 -0.879 0.100 -0.046 -0.884 0.095 0.108 -0.863 -0.039 -0.189 -0.509 0.097 0.199 -0.497 0.053 -0.035 -0.412 0.075 0.051 -0.403 
0.999 -0.004 -0.035 -0.013 0.998 -0.012 -0.008 -0.064 0.167 -0.298 -0.913 0.287 0.326 -0.886 0.086 -0.055 -0.879 0.093 0.106 -0.862 -0.012 -0.195 -0.508 0.077 0.205 -0.498 0.045 -0.036 -0.413 0.075 0.050 -0.403 
0.999 -0.004 -0.036 -0.011 0.999 -0.004 -0.008 -0.045 0.207 -0.302 -0.906 0.251 0.322 -0.893 0.085 -0.079 -0.880 0.099 0.088 -0.867 0.015 -0.198 -0.507 0.048 0.206 -0.501 0.044 -0.042 -0.413 0.078 0.038 -0.403 
0.999 0.005 -0.034 0.011 0.999 -0.005 -0.009 -0.040 0.257 -0.294 -0.895 0.207 0.341 -0.894 0.082 -0.077 -0.880 0.096 0.092 -0.868 0.041 -0.196 -0.507 0.014 0.214 -0.500 0.038 -0.043 -0.413 0.075 0.041 -0.404 
0.999 0.006 -0.032 0.022 0.999 -0.003 -0.014 -0.030 0.294 -0.297 -0.884 0.179 0.361 -0.890 0.064 -0.081 -0.883 0.091 0.082 -0.868 0.066 -0.197 -0.504 -0.007 0.222 -0.497 0.030 -0.047 -0.413 0.068 0.037 -0.405 
0.999 0.003 -0.030 0.027 1.000 -0.002 -0.015 -0.012 0.327 -0.288 -0.879 0.153 0.362 -0.894 0.061 -0.082 -0.884 0.098 0.079 -0.867 0.092 -0.192 -0.502 -0.022 0.221 -0.497 0.026 -0.042 -0.414 0.075 0.040 -0.404 
0.999 0.005 -0.027 0.034 1.000 -0.003 -0.018 -0.010 0.334 -0.286 -0.882 0.132 0.370 -0.894 0.048 -0.081 -0.882 0.096 0.078 -0.868 0.107 -0.189 -0.500 -0.033 0.223 -0.495 0.025 -0.044 -0.414 0.075 0.041 -0.404 
0.999 0.008 -0.028 0.041 1.000 -0.006 -0.016 -0.013 0.359 -0.281 -0.876 0.120 0.378 -0.889 0.060 -0.076 -0.880 0.093 0.086 -0.869 0.126 -0.186 -0.497 -0.046 0.225 -0.493 0.030 -0.040 -0.414 0.071 0.045 -0.404 
0.998 0.003 -0.024 0.056 1.000 -0.002 -0.017 -0.009 0.373 -0.267 -0.877 0.099 0.375 -0.891 0.052 -0.082 -0.885 0.098 0.074 -0.867 0.142 -0.179 -0.495 -0.062 0.219 -0.494 0.029 -0.044 -0.414 0.071 0.041 -0.404 
0.998 0.007 -0.027 0.057 1.000 -0.002 -0.018 -0.001 0.391 -0.241 -0.874 0.087 0.363 -0.895 0.053 -0.085 -0.883 0.095 0.078 -0.873 0.147 -0.167 -0.498 -0.074 0.213 -0.495 0.024 -0.044 -0.414 0.069 0.041 -0.405 
0.998 0.004 -0.027 0.057 1.000 -0.002 -0.017 0.012 0.401 -0.226 -0.873 0.086 0.363 -0.894 0.049 -0.085 -0.886 0.097 0.075 -0.872 0.152 -0.159 -0.499 -0.075 0.215 -0.494 0.026 -0.044 -0.414 0.070 0.039 -0.405 
0.998 -0.001 -0.025 0.053 1.000 0.003 -0.017 0.019 0.403 -0.230 -0.872 0.082 0.346 -0.903 0.041 -0.094 -0.888 0.106 0.064 -0.874 0.154 -0.162 -0.498 -0.073 0.207 -0.497 0.024 -0.049 -0.413 0.070 0.034 -0.405 
0.998 0.001 -0.027 0.055 1.000 0.001 -0.014 0.017 0.409 -0.222 -0.872 0.086 0.348 -0.902 0.053 -0.088 -0.885 0.106 0.070 -0.872 0.159 -0.157 -0.497 -0.071 0.208 -0.497 0.031 -0.047 -0.413 0.077 0.036 -0.404 
0.998 0.003 -0.032 0.055 1.000 -0.002 -0.012 0.015 0.416 -0.207 -0.870 0.099 0.345 -0.904 0.059 -0.086 -0.881 0.113 0.077 -0.870 0.158 -0.151 -0.500 -0.061 0.207 -0.499 0.035 -0.045 -0.413 0.083 0.038 -0.402 
0.998 0.000 -0.031 0.050 1.000 0.000 -0.011 0.024 0.402 -0.219 -0.875 0.110 0.338 -0.906 0.059 -0.090 -0.881 0.118 0.069 -0.868 0.152 -0.156 -0.500 -0.052 0.205 -0.501 0.040 -0.047 -0.413 0.085 0.035 -0.402 
0.999 -0.002 -0.034 0.042 1.000 -0.003 -0.008 0.022 0.396 -0.217 -0.877 0.122 0.327 -0.908 0.057 -0.080 -0.884 0.122 0.081 -0.868 0.146 -0.156 -0.502 -0.046 0.202 -0.503 0.044 -0.043 -0.412 0.086 0.041 -0.401 
0.998 -0.001 -0.035 0.045 1.000 -0.004 -0.010 0.019 0.393 -0.216 -0.879 0.122 0.332 -0.905 0.058 -0.076 -0.884 0.116 0.087 -0.867 0.146 -0.155 -0.502 -0.048 0.205 -0.501 0.042 -0.038 -0.413 0.085 0.045 -0.401 
0.998 -0.003 -0.033 0.045 1.000 -0.003 -0.010 0.014 0.384 -0.215 -0.883 0.119 0.328 -0.908 0.055 -0.079 -0.886 0.114 0.084 -0.869 0.141 -0.154 -0.504 -0.049 0.202 -0.502 0.041 -0.040 -0.413 0.082 0.044 -0.402 
0.998 -0.003 -0.035 0.049 1.000 -0.005 -0.009 0.011 0.382 -0.212 -0.885 0.121 0.329 -0.906 0.062 -0.075 -0.883 0.114 0.090 -0.868 0.140 -0.153 -0.504 -0.049 0.201 -0.503 0.044 -0.038 -0.413 0.084 0.046 -0.401 
0.998 -0.002 -0.036 0.048 1.000 -0.006 -0.005 0.007 0.378 -0.225 -0.884 0.142 0.335 -0.900 0.071 -0.071 -0.884 0.124 0.094 -0.863 0.140 -0.158 -0.503 -0.040 0.206 -0.502 0.048 -0.034 -0.413 0.087 0.049 -0.400 
0.999 -0.004 -0.037 0.036 1.000 -0.009 -0.004 0.012 0.373 -0.225 -0.884 0.149 0.342 -0.897 0.064 -0.067 -0.883 0.124 0.099 -0.860 0.130 -0.160 -0.505 -0.033 0.211 -0.500 0.048 -0.035 -0.413 0.087 0.051 -0.400 
0.999 -0.006 -0.035 0.037 1.000 -0.009 -0.001 0.009 0.365 -0.224 -0.887 0.148 0.339 -0.899 0.077 -0.065 -0.883 0.127 0.101 -0.864 0.126 -0.160 -0.506 -0.032 0.210 -0.501 0.051 -0.034 -0.412 0.092 0.052 -0.399 
0.999 -0.003 -0.031 0.033 1.000 -0.010 -0.006 0.010 0.345 -0.232 -0.891 0.146 0.344 -0.900 0.074 -0.066 -0.882 0.115 0.102 -0.866 0.109 -0.166 -0.508 -0.028 0.213 -0.499 0.048 -0.038 -0.413 0.087 0.052 -0.400 
0.999 -0.004 -0.033 0.025 1.000 -0.010 -0.003 0.007 0.339 -0.231 -0.894 0.166 0.350 -0.894 0.074 -0.065 -0.884 0.127 0.102 -0.864 0.106 -0.163 -0.509 -0.018 0.217 -0.498 0.049 -0.036 -0.413 0.088 0.053 -0.400 
0.999 -0.006 -0.033 0.020 1.000 -0.007 -0.002 0.009 0.330 -0.243 -0.891 0.181 0.336 -0.895 0.072 -0.071 -0.884 0.129 0.094 -0.864 0.092 -0.171 -0.510 -0.011 0.211 -0.501 0.046 -0.039 -0.413 0.086 0.050 -0.400 
0.999 -0.006 -0.032 0.018 1.000 -0.007 -0.003 0.008 0.316 -0.246 -0.895 0.190 0.337 -0.893 0.078 -0.070 -0.883 0.128 0.095 -0.864 0.086 -0.171 -0.511 -0.006 0.213 -0.500 0.047 -0.038 -0.413 0.086 0.051 -0.400 
0.999 -0.007 -0.032 -0.006 1.000 -0.006 -0.002 -0.005 0.305 -0.265 -0.892 0.185 0.321 -0.903 0.078 -0.067 -0.884 0.118 0.095 -0.867 0.075 -0.177 -0.510 -0.002 0.210 -0.501 0.052 -0.038 -0.412 0.081 0.052 -0.401 
0.999 -0.010 -0.034 -0.025 1.000 -0.003 0.001 -0.015 0.277 -0.280 -0.895 0.203 0.301 -0.907 0.091 -0.076 -0.882 0.123 0.091 -0.864 0.055 -0.183 -0.510 0.014 0.205 -0.503 0.067 -0.041 -0.410 0.086 0.049 -0.401 
0.999 -0.013 -0.036 -0.036 1.000 -0.006 0.003 -0.021 0.261 -0.277 -0.898 0.224 0.297 -0.904 0.094 -0.070 -0.884 0.132 0.096 -0.861 0.040 -0.181 -0.513 0.027 0.205 -0.503 0.069 -0.038 -0.410 0.092 0.052 -0.399 
0.998 -0.013 -0.037 -0.050 0.999 -0.005 0.003 -0.040 0.212 -0.281 -0.905 0.242 0.288 -0.909 0.101 -0.068 -0.881 0.121 0.099 -0.863 0.002 -0.181 -0.514 0.052 0.199 -0.503 0.076 -0.037 -0.408 0.091 0.053 -0.399 
0.998 -0.012 -0.033 -0.049 0.998 -0.007 0.004 -0.057 0.193 -0.289 -0.905 0.262 0.292 -0.899 0.110 -0.055 -0.880 0.118 0.111 -0.863 -0.010 -0.185 -0.512 0.057 0.204 -0.501 0.080 -0.033 -0.408 0.088 0.063 -0.398 
0.997 -0.009 -0.032 -0.065 0.997 -0.008 0.002 -0.081 0.138 -0.303 -0.906 0.280 0.296 -0.896 0.105 -0.050 -0.880 0.108 0.116 -0.863 -0.051 -0.186 -0.509 0.076 0.208 -0.497 0.084 -0.034 -0.407 0.079 0.062 -0.400 
0.996 -0.015 -0.031 -0.079 0.995 -0.012 0.002 -0.099 0.065 -0.300 -0.909 0.324 0.296 -0.879 0.108 -0.033 -0.885 0.095 0.133 -0.863 -0.102 -0.180 -0.504 0.098 0.213 -0.491 0.083 -0.023 -0.408 0.072 0.073 -0.400 
0.996 -0.017 -0.032 -0.088 0.994 -0.011 -0.000 -0.106 0.024 -0.292 -0.914 0.358 0.296 -0.867 0.108 -0.034 -0.883 0.091 0.131 -0.862 -0.125 -0.172 -0.501 0.119 0.212 -0.487 0.080 -0.023 -0.409 0.069 0.070 -0.401 
0.994 -0.009 -0.034 -0.102 0.992 -0.016 0.004 -0.125 -0.024 -0.285 -0.903 0.401 0.289 -0.855 0.114 -0.020 -0.883 0.101 0.154 -0.856 -0.170 -0.159 -0.492 0.153 0.208 -0.480 0.078 -0.018 -0.409 0.069 0.075 -0.400 
0.994 -0.007 -0.036 -0.103 0.989 -0.017 0.005 -0.147 -0.041 -0.278 -0.911 0.419 0.290 -0.845 0.133 -0.011 -0.878 0.084 0.157 -0.856 -0.171 -0.154 -0.494 0.164 0.209 -0.476 0.084 -0.013 -0.408 0.064 0.079 -0.400 
0.995 -0.006 -0.036 -0.097 0.987 -0.018 0.007 -0.157 -0.095 -0.250 -0.922 0.450 0.277 -0.836 0.134 -0.013 -0.883 0.087 0.157 -0.852 -0.187 -0.142 -0.491 0.183 0.198 -0.474 0.083 -0.016 -0.408 0.064 0.076 -0.401 
0.994 -0.009 -0.031 -0.108 0.986 -0.017 0.004 -0.164 -0.120 -0.252 -0.923 0.456 0.280 -0.836 0.142 -0.008 -0.880 0.086 0.155 -0.849 -0.194 -0.137 -0.490 0.198 0.192 -0.470 0.081 -0.016 -0.409 0.063 0.077 -0.401 
0.991 -0.013 -0.031 -0.129 0.982 -0.015 0.005 -0.191 -0.158 -0.276 -0.914 0.458 0.251 -0.847 0.141 -0.007 -0.876 0.063 0.151 -0.850 -0.206 -0.141 -0.483 0.208 0.172 -0.473 0.082 -0.016 -0.408 0.051 0.076 -0.403 
0.989 -0.012 -0.032 -0.146 0.979 -0.010 0.004 -0.203 -0.170 -0.289 -0.899 0.466 0.250 -0.842 0.152 -0.012 -0.871 0.062 0.146 -0.847 -0.227 -0.135 -0.476 0.213 0.174 -0.470 0.088 -0.019 -0.407 0.047 0.071 -0.404 
0.986 -0.013 -0.031 -0.163 0.977 -0.009 0.004 -0.213 -0.171 -0.281 -0.899 0.473 0.220 -0.849 0.154 -0.004 -0.869 0.057 0.146 -0.848 -0.231 -0.123 -0.478 0.221 0.155 -0.473 0.086 -0.018 -0.408 0.043 0.071 -0.405 
0.985 -0.014 -0.030 -0.171 0.971 -0.011 0.001 -0.239 -0.194 -0.238 -0.893 0.488 0.190 -0.847 0.149 0.008 -0.877 0.039 0.156 -0.855 -0.261 -0.095 -0.468 0.230 0.142 -0.473 0.080 -0.008 -0.409 0.029 0.075 -0.406 
0.987 -0.009 -0.031 -0.160 0.963 -0.014 -0.001 -0.270 -0.209 -0.192 -0.908 0.474 0.198 -0.852 0.144 0.021 -0.880 0.007 0.161 -0.860 -0.260 -0.079 -0.472 0.220 0.148 -0.476 0.075 -0.001 -0.410 0.015 0.078 -0.406 
0.982 -0.019 -0.039 -0.184 0.960 -0.015 0.007 -0.280 0.011 -0.105 -0.959 0.501 0.140 -0.853 0.149 0.021 -0.886 0.027 0.168 -0.867 -0.121 -0.033 -0.530 0.255 0.101 -0.471 0.081 0.004 -0.409 0.023 0.083 -0.404 
0.977 -0.018 -0.039 -0.209 0.961 -0.015 0.006 -0.277 0.022 -0.061 -0.948 0.499 0.107 -0.859 0.150 0.024 -0.884 0.022 0.168 -0.875 -0.137 0.007 -0.528 0.257 0.083 -0.472 0.074 0.002 -0.410 0.029 0.083 -0.404 
0.979 -0.012 -0.047 -0.200 0.963 -0.010 0.017 -0.269 0.025 0.008 -0.949 0.514 0.055 -0.855 0.181 0.019 -0.878 0.060 0.170 -0.870 -0.138 0.042 -0.526 0.269 0.050 -0.471 0.093 0.001 -0.407 0.052 0.083 -0.402 
0.979 -0.033 -0.047 -0.193 0.965 0.003 0.013 -0.261 0.248 -0.045 -0.957 0.454 -0.140 -0.877 0.189 -0.001 -0.874 0.081 0.145 -0.880 0.071 -0.012 -0.540 0.257 -0.092 -0.469 0.102 -0.004 -0.404 0.063 0.069 -0.403 
0.979 -0.046 -0.036 -0.195 0.962 0.005 0.009 -0.271 0.283 -0.052 -0.955 0.463 -0.204 -0.860 0.187 0.005 -0.879 0.074 0.132 -0.881 0.124 -0.024 -0.530 0.261 -0.123 -0.460 0.097 -0.004 -0.406 0.057 0.065 -0.404 
0.979 -0.047 -0.036 -0.197 0.962 0.007 0.010 -0.272 0.332 -0.067 -0.938 0.461 -0.220 -0.856 0.192 0.005 -0.878 0.078 0.132 -0.882 0.154 -0.032 -0.522 0.260 -0.133 -0.457 0.098 -0.005 -0.405 0.059 0.064 -0.404 
0.979 -0.047 -0.036 -0.197 0.962 0.006 0.009 -0.273 0.330 -0.065 -0.939 0.459 -0.219 -0.858 0.190 0.006 -0.878 0.075 0.133 -0.882 0.153 -0.031 -0.522 0.259 -0.132 -0.458 0.097 -0.004 -0.406 0.057 0.064 -0.404 
0.979 -0.051 -0.040 -0.191 0.959 0.011 0.006 -0.284 0.362 -0.075 -0.927 0.486 -0.231 -0.840 0.189 -0.002 -0.882 0.070 0.129 -0.884 0.180 -0.039 -0.513 0.272 -0.136 -0.449 0.097 -0.007 -0.406 0.057 0.062 -0.404 
0.978 -0.055 -0.038 -0.196 0.958 0.011 0.007 -0.286 0.388 -0.110 -0.913 0.471 -0.257 -0.841 0.194 0.000 -0.880 0.070 0.132 -0.884 0.194 -0.058 -0.506 0.264 -0.150 -0.449 0.097 -0.007 -0.405 0.057 0.063 -0.404 
0.982 -0.069 -0.021 -0.173 0.944 0.016 -0.003 -0.329 0.349 -0.432 -0.821 0.491 -0.259 -0.827 0.196 0.015 -0.875 0.048 0.127 -0.881 0.147 -0.242 -0.462 0.281 -0.152 -0.438 0.100 -0.008 -0.405 0.043 0.058 -0.407 
0.977 -0.072 -0.016 -0.202 0.941 0.012 -0.006 -0.339 0.215 -0.441 -0.859 0.511 -0.220 -0.828 0.192 0.020 -0.870 0.034 0.129 -0.876 0.060 -0.241 -0.483 0.290 -0.132 -0.439 0.097 -0.010 -0.405 0.040 0.059 -0.407 
0.973 -0.068 -0.045 -0.218 0.917 0.016 0.016 -0.399 0.284 -0.521 -0.751 0.563 -0.136 -0.812 0.239 0.070 -0.839 0.038 0.147 -0.833 0.035 -0.272 -0.468 0.298 -0.063 -0.450 0.149 -0.005 -0.389 0.048 0.070 -0.405 
0.974 -0.067 -0.044 -0.212 0.910 0.014 0.020 -0.413 0.292 -0.559 -0.714 0.565 -0.118 -0.815 0.232 0.076 -0.835 0.047 0.158 -0.829 0.034 -0.295 -0.452 0.303 -0.059 -0.447 0.156 -0.011 -0.386 0.053 0.071 -0.404 
0.973 -0.065 -0.017 -0.223 0.904 0.009 0.010 -0.427 0.235 -0.625 -0.672 0.523 -0.102 -0.845 0.241 0.063 -0.847 0.031 0.164 -0.843 -0.003 -0.323 -0.434 0.280 -0.051 -0.462 0.129 -0.024 -0.395 0.036 0.063 -0.407 
0.966 -0.074 -0.016 -0.249 0.916 0.013 0.015 -0.402 0.232 -0.635 -0.653 0.525 -0.140 -0.837 0.253 0.042 -0.857 0.049 0.156 -0.855 -0.013 -0.328 -0.429 0.279 -0.066 -0.461 0.131 -0.011 -0.396 0.048 0.059 -0.407 
0.959 -0.071 -0.011 -0.275 0.925 0.010 0.010 -0.380 0.157 -0.589 -0.682 0.501 -0.145 -0.851 0.244 0.032 -0.859 0.046 0.148 -0.862 -0.083 -0.276 -0.459 0.269 -0.072 -0.466 0.125 -0.017 -0.397 0.051 0.056 -0.406 
0.959 -0.072 -0.010 -0.274 0.925 0.009 0.010 -0.380 0.140 -0.577 -0.696 0.498 -0.138 -0.854 0.235 0.022 -0.863 0.060 0.153 -0.858 -0.094 -0.268 -0.462 0.268 -0.068 -0.468 0.122 -0.021 -0.398 0.052 0.057 -0.406 
0.954 -0.070 -0.005 -0.290 0.926 0.007 0.011 -0.378 0.158 -0.552 -0.688 0.497 -0.105 -0.859 0.242 0.031 -0.863 0.063 0.157 -0.861 -0.094 -0.241 -0.477 0.261 -0.035 -0.475 0.116 -0.022 -0.400 0.052 0.059 -0.406 
0.951 -0.070 0.015 -0.300 0.933 0.002 -0.007 -0.359 -0.050 -0.501 -0.756 0.456 -0.095 -0.883 0.206 0.030 -0.872 0.029 0.139 -0.874 -0.207 -0.191 -0.465 0.240 -0.033 -0.486 0.103 -0.026 -0.403 0.036 0.058 -0.408 
0.955 -0.065 0.014 -0.290 0.932 0.000 -0.003 -0.362 -0.124 -0.428 -0.793 0.465 -0.072 -0.880 0.212 0.036 -0.869 0.040 0.150 -0.865 -0.246 -0.145 -0.462 0.244 -0.018 -0.485 0.105 -0.024 -0.403 0.038 0.061 -0.407 
0.962 -0.054 0.009 -0.266 0.933 -0.002 0.003 -0.360 -0.179 -0.368 -0.861 0.470 -0.046 -0.881 0.221 0.047 -0.863 0.048 0.156 -0.859 -0.232 -0.147 -0.469 0.251 -0.015 -0.482 0.113 -0.011 -0.401 0.045 0.068 -0.405 
0.968 -0.047 0.003 -0.247 0.933 -0.003 0.005 -0.359 -0.182 -0.337 -0.879 0.475 -0.042 -0.878 0.225 0.049 -0.862 0.057 0.161 -0.856 -0.226 -0.139 -0.474 0.258 -0.023 -0.478 0.115 -0.008 -0.401 0.048 0.070 -0.405 
0.972 -0.043 -0.007 -0.233 0.939 -0.000 0.009 -0.343 -0.149 -0.296 -0.899 0.485 -0.036 -0.873 0.228 0.038 -0.862 0.071 0.156 -0.860 -0.213 -0.126 -0.484 0.260 -0.013 -0.477 0.115 -0.009 -0.401 0.055 0.065 -0.405 
0.971 -0.040 -0.011 -0.236 0.947 0.003 0.005 -0.321 -0.162 -0.276 -0.895 0.482 -0.048 -0.874 0.219 0.012 -0.865 0.079 0.140 -0.862 -0.233 -0.110 -0.479 0.257 -0.015 -0.479 0.116 -0.015 -0.400 0.058 0.060 -0.405 
0.975 -0.033 -0.022 -0.218 0.959 -0.002 0.016 -0.284 -0.242 -0.187 -0.875 0.502 -0.030 -0.863 0.221 0.014 -0.863 0.093 0.148 -0.865 -0.308 -0.062 -0.445 0.262 0.004 -0.477 0.113 -0.009 -0.401 0.069 0.068 -0.402 
0.978 -0.020 -0.030 -0.204 0.964 -0.005 0.014 -0.265 -0.150 -0.112 -0.933 0.495 -0.019 -0.868 0.207 0.010 -0.865 0.099 0.149 -0.868 -0.231 -0.035 -0.492 0.268 -0.008 -0.473 0.104 -0.010 -0.404 0.069 0.069 -0.401 
0.981 -0.017 -0.037 -0.189 0.968 -0.009 0.019 -0.251 -0.067 -0.043 -0.945 0.510 -0.013 -0.858 0.204 0.021 -0.874 0.098 0.161 -0.872 -0.192 -0.002 -0.510 0.266 0.014 -0.474 0.101 0.002 -0.405 0.069 0.077 -0.400 
0.986 -0.019 -0.042 -0.158 0.969 -0.007 0.015 -0.247 0.046 -0.060 -0.973 0.484 0.009 -0.872 0.190 0.013 -0.880 0.088 0.154 -0.870 -0.083 -0.025 -0.538 0.243 0.029 -0.485 0.092 0.002 -0.407 0.060 0.073 -0.402 
0.992 -0.010 -0.048 -0.114 0.964 -0.007 0.016 -0.266 0.162 -0.034 -0.982 0.474 0.044 -0.877 0.186 0.011 -0.883 0.076 0.148 -0.878 0.046 -0.021 -0.543 0.234 0.046 -0.489 0.099 0.001 -0.405 0.048 0.067 -0.405 
0.997 -0.012 -0.045 -0.062 0.968 -0.006 0.009 -0.250 0.161 0.003 -0.987 0.490 0.048 -0.868 0.171 -0.012 -0.899 0.062 0.126 -0.884 0.086 0.001 -0.538 0.240 0.045 -0.486 0.090 -0.007 -0.407 0.046 0.061 -0.406 
0.997 -0.012 -0.043 -0.060 0.975 -0.008 0.011 -0.221 0.095 -0.047 -0.993 0.514 0.094 -0.852 0.171 -0.012 -0.890 0.086 0.135 -0.867 0.068 -0.021 -0.540 0.262 0.063 -0.472 0.096 -0.005 -0.406 0.062 0.068 -0.403 
0.996 -0.001 -0.042 -0.082 0.980 -0.013 0.018 -0.200 -0.097 -0.144 -0.974 0.461 0.137 -0.875 0.186 -0.002 -0.874 0.101 0.144 -0.852 -0.121 -0.091 -0.523 0.228 0.093 -0.486 0.108 -0.006 -0.403 0.076 0.069 -0.400 
0.995 -0.003 -0.042 -0.094 0.985 -0.010 0.016 -0.172 -0.087 -0.180 -0.957 0.443 0.151 -0.882 0.175 -0.016 -0.872 0.116 0.140 -0.848 -0.149 -0.110 -0.512 0.218 0.102 -0.488 0.109 -0.016 -0.402 0.083 0.064 -0.400 
0.996 -0.003 -0.032 -0.077 0.989 -0.011 0.014 -0.150 -0.064 -0.186 -0.954 0.424 0.170 -0.883 0.173 -0.014 -0.873 0.125 0.140 -0.853 -0.143 -0.121 -0.511 0.187 0.126 -0.495 0.107 -0.018 -0.403 0.086 0.063 -0.399 
0.997 -0.001 -0.034 -0.070 0.991 -0.010 0.011 -0.136 -0.040 -0.198 -0.951 0.418 0.200 -0.880 0.163 -0.019 -0.871 0.126 0.132 -0.851 -0.134 -0.127 -0.512 0.184 0.140 -0.493 0.103 -0.021 -0.403 0.086 0.059 -0.400 
0.998 -0.005 -0.032 -0.062 0.994 -0.009 0.005 -0.110 -0.001 -0.234 -0.943 0.394 0.226 -0.877 0.143 -0.031 -0.880 0.121 0.122 -0.860 -0.114 -0.152 -0.510 0.149 0.165 -0.497 0.099 -0.024 -0.404 0.082 0.057 -0.400 
0.999 -0.004 -0.029 -0.044 0.996 -0.009 0.002 -0.089 0.055 -0.241 -0.946 0.331 0.250 -0.896 0.133 -0.027 -0.882 0.123 0.122 -0.862 -0.070 -0.157 -0.517 0.111 0.176 -0.503 0.089 -0.017 -0.407 0.080 0.059 -0.401 
0.999 0.005 -0.033 -0.016 0.997 -0.009 0.003 -0.076 0.085 -0.223 -0.952 0.264 0.258 -0.910 0.123 -0.032 -0.882 0.124 0.121 -0.862 -0.043 -0.148 -0.523 0.058 0.181 -0.510 0.078 -0.019 -0.409 0.078 0.058 -0.401 
0.999 0.000 -0.032 -0.004 0.998 -0.009 0.002 -0.059 0.099 -0.224 -0.948 0.278 0.304 -0.895 0.114 -0.035 -0.881 0.131 0.118 -0.860 -0.039 -0.154 -0.521 0.071 0.199 -0.501 0.076 -0.017 -0.410 0.085 0.059 -0.399 
0.999 0.005 -0.030 0.011 0.999 -0.012 -0.003 -0.048 0.134 -0.218 -0.949 0.214 0.318 -0.901 0.100 -0.031 -0.885 0.116 0.121 -0.864 -0.010 -0.150 -0.524 0.021 0.207 -0.503 0.065 -0.016 -0.412 0.080 0.061 -0.400 
0.999 0.007 -0.029 0.035 0.999 -0.010 -0.008 -0.045 0.161 -0.225 -0.946 0.199 0.334 -0.896 0.086 -0.034 -0.887 0.111 0.117 -0.866 0.012 -0.157 -0.522 0.006 0.209 -0.502 0.058 -0.019 -0.413 0.069 0.061 -0.402 
0.999 0.010 -0.027 0.043 0.999 -0.011 -0.005 -0.043 0.181 -0.215 -0.946 0.178 0.345 -0.896 0.093 -0.031 -0.884 0.115 0.121 -0.864 0.027 -0.152 -0.523 -0.008 0.213 -0.501 0.060 -0.017 -0.412 0.074 0.062 -0.401 
0.998 0.009 -0.033 0.059 1.000 -0.003 -0.006 -0.016 0.206 -0.211 -0.943 0.152 0.345 -0.894 0.079 -0.050 -0.884 0.113 0.103 -0.863 0.045 -0.150 -0.522 -0.034 0.210 -0.501 0.050 -0.024 -0.413 0.079 0.055 -0.401 
0.997 0.005 -0.027 0.078 1.000 -0.004 -0.010 -0.011 0.266 -0.201 -0.929 0.088 0.363 -0.891 0.059 -0.042 -0.889 0.102 0.108 -0.869 0.078 -0.150 -0.518 -0.080 0.214 -0.493 0.034 -0.018 -0.415 0.072 0.061 -0.402 
0.995 0.005 -0.020 0.095 1.000 -0.003 -0.013 -0.010 0.311 -0.211 -0.919 0.025 0.359 -0.895 0.058 -0.041 -0.889 0.097 0.105 -0.870 0.120 -0.148 -0.511 -0.117 0.204 -0.490 0.035 -0.020 -0.415 0.069 0.063 -0.402 
0.995 0.003 -0.022 0.102 1.000 -0.003 -0.011 -0.006 0.324 -0.215 -0.913 0.011 0.354 -0.898 0.054 -0.042 -0.888 0.089 0.106 -0.870 0.129 -0.152 -0.508 -0.123 0.197 -0.491 0.032 -0.020 -0.415 0.070 0.062 -0.402 
0.993 0.003 -0.027 0.111 1.000 -0.004 -0.011 -0.000 0.346 -0.205 -0.909 -0.016 0.327 -0.910 0.049 -0.039 -0.886 0.094 0.116 -0.867 0.147 -0.145 -0.505 -0.136 0.178 -0.495 0.030 -0.018 -0.416 0.071 0.064 -0.401 
0.992 0.009 -0.030 0.125 1.000 -0.000 -0.007 0.007 0.362 -0.186 -0.908 -0.023 0.325 -0.912 0.054 -0.051 -0.884 0.095 0.110 -0.866 0.161 -0.131 -0.504 -0.136 0.174 -0.497 0.032 -0.022 -0.415 0.074 0.059 -0.402 
0.992 0.009 -0.029 0.126 1.000 -0.003 -0.007 0.005 0.366 -0.177 -0.909 -0.027 0.331 -0.910 0.054 -0.045 -0.884 0.094 0.116 -0.866 0.163 -0.127 -0.505 -0.137 0.176 -0.496 0.032 -0.019 -0.415 0.074 0.062 -0.401 
0.991 0.009 -0.032 0.129 1.000 -0.002 -0.003 0.008 0.385 -0.168 -0.902 -0.032 0.326 -0.913 0.048 -0.048 -0.884 0.091 0.113 -0.866 0.172 -0.123 -0.502 -0.138 0.173 -0.497 0.029 -0.022 -0.415 0.074 0.060 -0.401 
0.994 0.001 -0.036 0.107 1.000 -0.000 -0.004 0.026 0.372 -0.167 -0.904 -0.013 0.313 -0.921 0.024 -0.049 -0.886 0.087 0.106 -0.870 0.153 -0.126 -0.508 -0.123 0.170 -0.501 0.013 -0.022 -0.416 0.065 0.055 -0.404 
0.994 0.000 -0.035 0.106 1.000 0.002 -0.001 0.027 0.376 -0.168 -0.902 0.009 0.306 -0.924 0.028 -0.049 -0.887 0.095 0.103 -0.870 0.153 -0.128 -0.508 -0.109 0.167 -0.505 0.017 -0.024 -0.416 0.069 0.053 -0.403 
0.994 0.002 -0.037 0.104 1.000 -0.001 0.006 0.023 0.373 -0.159 -0.903 0.037 0.297 -0.926 0.038 -0.044 -0.888 0.101 0.114 -0.870 0.147 -0.127 -0.510 -0.094 0.167 -0.509 0.029 -0.021 -0.416 0.073 0.058 -0.402 
0.994 0.000 -0.044 0.101 1.000 -0.001 0.010 0.016 0.359 -0.170 -0.909 0.061 0.300 -0.926 0.031 -0.045 -0.881 0.095 0.116 -0.867 0.144 -0.128 -0.510 -0.077 0.168 -0.511 0.030 -0.020 -0.416 0.070 0.059 -0.402 
0.994 -0.001 -0.042 0.096 1.000 -0.001 0.014 0.014 0.360 -0.176 -0.908 0.073 0.294 -0.927 0.031 -0.042 -0.886 0.100 0.118 -0.864 0.145 -0.130 -0.509 -0.071 0.166 -0.513 0.028 -0.019 -0.416 0.072 0.060 -0.402 
0.994 0.000 -0.047 0.097 1.000 -0.003 0.016 0.001 0.356 -0.160 -0.911 0.085 0.294 -0.926 0.024 -0.037 -0.887 0.087 0.126 -0.867 0.140 -0.123 -0.512 -0.063 0.168 -0.513 0.027 -0.017 -0.416 0.068 0.062 -0.402 
0.995 -0.001 -0.046 0.091 1.000 -0.006 0.018 -0.010 0.359 -0.150 -0.912 0.076 0.302 -0.920 0.021 -0.032 -0.890 0.078 0.129 -0.868 0.144 -0.116 -0.513 -0.076 0.174 -0.509 0.033 -0.014 -0.416 0.065 0.066 -0.402 
0.995 -0.001 -0.046 0.091 1.000 -0.005 0.018 -0.010 0.359 -0.151 -0.912 0.077 0.301 -0.920 0.021 -0.033 -0.890 0.078 0.128 -0.868 0.144 -0.117 -0.513 -0.076 0.174 -0.510 0.033 -0.015 -0.415 0.065 0.065 -0.402 
0.995 0.003 -0.049 0.082 1.000 -0.008 0.023 -0.014 0.363 -0.152 -0.908 0.089 0.310 -0.916 0.025 -0.029 -0.886 0.066 0.136 -0.869 0.138 -0.118 -0.514 -0.069 0.181 -0.508 0.024 -0.014 -0.416 0.060 0.065 -0.403 
0.996 0.003 -0.056 0.075 0.999 -0.009 0.023 -0.027 0.355 -0.162 -0.910 0.091 0.310 -0.914 -0.002 -0.037 -0.888 0.039 0.124 -0.865 0.136 -0.119 -0.514 -0.072 0.178 -0.509 0.013 -0.018 -0.416 0.046 0.058 -0.406 
0.995 -0.001 -0.063 0.074 0.999 -0.007 0.031 -0.030 0.352 -0.173 -0.908 0.115 0.306 -0.911 -0.004 -0.050 -0.885 0.041 0.115 -0.862 0.129 -0.129 -0.514 -0.062 0.176 -0.511 0.021 -0.026 -0.416 0.051 0.050 -0.406 
0.995 -0.005 -0.064 0.073 0.999 -0.007 0.034 -0.025 0.328 -0.182 -0.913 0.140 0.298 -0.914 -0.008 -0.052 -0.883 0.032 0.109 -0.864 0.113 -0.136 -0.516 -0.041 0.171 -0.515 0.015 -0.025 -0.416 0.050 0.046 -0.407 
0.995 0.003 -0.065 0.069 0.999 -0.011 0.034 -0.027 0.298 -0.190 -0.920 0.150 0.289 -0.916 -0.020 -0.048 -0.883 0.024 0.108 -0.863 0.089 -0.141 -0.519 -0.034 0.170 -0.516 0.026 -0.022 -0.416 0.043 0.048 -0.408 
0.997 0.001 -0.066 0.051 0.999 -0.009 0.036 -0.019 0.219 -0.206 -0.940 0.193 0.249 -0.909 -0.034 -0.060 -0.872 -0.003 0.089 -0.859 0.049 -0.151 -0.522 -0.026 0.162 -0.518 0.089 -0.032 -0.406 0.044 0.043 -0.408 
0.998 -0.001 -0.055 0.022 0.999 -0.012 0.040 -0.020 0.141 -0.190 -0.962 0.185 0.206 -0.921 -0.025 -0.072 -0.845 -0.018 0.088 -0.861 0.020 -0.138 -0.527 -0.027 0.157 -0.520 0.165 -0.034 -0.382 0.044 0.042 -0.408 
0.999 0.008 -0.048 0.003 0.999 -0.016 0.041 -0.003 0.097 -0.195 -0.968 0.236 0.187 -0.921 0.012 -0.066 -0.825 -0.021 0.092 -0.857 -0.002 -0.135 -0.528 0.017 0.152 -0.522 0.204 -0.034 -0.362 0.042 0.044 -0.408 
0.998 0.010 -0.056 -0.009 0.999 -0.016 0.047 -0.002 0.074 -0.193 -0.972 0.248 0.176 -0.919 0.074 -0.061 -0.801 -0.031 0.102 -0.856 -0.011 -0.131 -0.529 0.025 0.150 -0.522 0.235 -0.035 -0.343 0.041 0.043 -0.408 
0.999 0.012 -0.046 -0.020 0.999 -0.015 0.051 0.003 0.046 -0.187 -0.975 0.262 0.162 -0.918 0.172 -0.065 -0.800 -0.034 0.102 -0.858 -0.024 -0.125 -0.530 0.037 0.148 -0.522 0.258 -0.043 -0.325 0.042 0.040 -0.408 
0.999 0.015 -0.039 -0.031 0.999 -0.016 0.050 0.009 0.012 -0.181 -0.977 0.265 0.156 -0.919 0.259 -0.066 -0.804 -0.057 0.111 -0.868 -0.046 -0.121 -0.530 0.042 0.151 -0.521 0.259 -0.050 -0.323 0.033 0.043 -0.409 
0.999 0.025 -0.004 -0.046 0.999 -0.019 0.045 0.001 -0.036 -0.169 -0.978 0.236 0.171 -0.910 0.409 -0.043 -0.808 -0.119 0.122 -0.876 -0.072 -0.111 -0.529 0.010 0.178 -0.514 0.238 -0.038 -0.340 0.006 0.052 -0.409 
0.999 0.026 -0.008 -0.045 0.999 -0.020 0.046 -0.002 -0.049 -0.163 -0.979 0.219 0.183 -0.916 0.414 -0.033 -0.810 -0.147 0.133 -0.870 -0.081 -0.107 -0.528 0.007 0.181 -0.513 0.221 -0.028 -0.352 0.003 0.055 -0.409 
0.999 0.025 -0.011 -0.046 0.999 -0.017 0.051 0.000 -0.048 -0.178 -0.974 0.227 0.186 -0.917 0.382 -0.027 -0.817 -0.177 0.137 -0.866 -0.087 -0.117 -0.525 0.014 0.180 -0.513 0.216 -0.023 -0.356 0.011 0.056 -0.409 
0.999 0.036 -0.019 -0.022 0.998 -0.020 0.051 -0.015 -0.036 -0.169 -0.974 0.212 0.207 -0.915 0.319 0.009 -0.821 -0.224 0.153 -0.852 -0.086 -0.118 -0.525 0.003 0.187 -0.510 0.202 0.000 -0.365 0.031 0.068 -0.406 
0.999 0.037 -0.024 -0.011 0.998 -0.020 0.053 -0.020 -0.024 -0.176 -0.972 0.204 0.207 -0.915 0.299 0.024 -0.822 -0.233 0.159 -0.835 -0.082 -0.127 -0.524 -0.005 0.188 -0.510 0.193 0.012 -0.369 0.057 0.067 -0.403 
0.999 0.040 -0.016 -0.001 0.998 -0.022 0.048 -0.036 -0.002 -0.182 -0.973 0.152 0.208 -0.928 0.266 0.042 -0.839 -0.219 0.142 -0.817 -0.063 -0.131 -0.525 -0.031 0.185 -0.510 0.178 0.020 -0.377 0.092 0.062 -0.398 
0.999 0.030 -0.018 0.014 0.997 -0.010 0.054 -0.046 0.037 -0.201 -0.967 0.162 0.196 -0.933 0.240 0.025 -0.841 -0.143 0.102 -0.814 -0.044 -0.148 -0.523 -0.023 0.170 -0.516 0.171 0.011 -0.380 0.140 0.052 -0.384 
0.998 0.032 -0.023 0.039 0.997 -0.010 0.064 -0.051 0.066 -0.189 -0.967 0.187 0.198 -0.934 0.227 0.030 -0.838 -0.046 0.102 -0.821 -0.029 -0.148 -0.524 -0.002 0.157 -0.521 0.162 0.010 -0.384 0.178 0.052 -0.369 
0.997 0.017 -0.014 0.071 0.996 -0.005 0.067 -0.064 0.123 -0.194 -0.955 0.186 0.206 -0.934 0.181 0.014 -0.856 0.147 0.072 -0.802 0.001 -0.168 -0.518 -0.005 0.149 -0.523 0.146 0.001 -0.391 0.241 0.053 -0.331 
0.996 0.008 -0.005 0.084 0.994 -0.003 0.071 -0.077 0.174 -0.187 -0.943 0.166 0.220 -0.932 0.160 0.017 -0.864 0.227 0.054 -0.801 0.020 -0.177 -0.515 -0.023 0.155 -0.521 0.134 0.003 -0.395 0.256 0.059 -0.319 
0.995 -0.004 -0.002 0.095 0.995 0.001 0.076 -0.072 0.209 -0.199 -0.928 0.173 0.247 -0.921 0.126 0.007 -0.878 0.301 0.047 -0.776 0.034 -0.194 -0.508 -0.024 0.165 -0.518 0.118 -0.004 -0.400 0.263 0.054 -0.314 
0.995 -0.005 -0.001 0.103 0.994 -0.007 0.079 -0.074 0.248 -0.193 -0.916 0.167 0.253 -0.926 0.105 0.026 -0.871 0.381 0.072 -0.759 0.053 -0.196 -0.505 -0.018 0.163 -0.519 0.106 0.008 -0.403 0.268 0.070 -0.306 
0.994 -0.005 -0.009 0.109 0.993 -0.012 0.086 -0.076 0.275 -0.167 -0.916 0.163 0.259 -0.929 0.084 0.033 -0.871 0.331 0.087 -0.772 0.071 -0.179 -0.510 -0.013 0.164 -0.519 0.101 0.012 -0.404 0.263 0.069 -0.310 
0.994 -0.015 -0.019 0.111 0.992 -0.024 0.094 -0.084 0.343 -0.153 -0.892 0.147 0.278 -0.928 0.036 0.051 -0.863 0.357 0.087 -0.760 0.105 -0.173 -0.506 -0.020 0.167 -0.518 0.075 0.022 -0.410 0.256 0.075 -0.315 
0.993 -0.018 -0.024 0.114 0.991 -0.024 0.096 -0.091 0.357 -0.147 -0.891 0.120 0.272 -0.933 0.005 0.047 -0.869 0.284 0.065 -0.768 0.116 -0.165 -0.506 -0.036 0.165 -0.517 0.075 0.019 -0.410 0.257 0.067 -0.316 
0.994 -0.022 -0.027 0.105 0.991 -0.025 0.090 -0.094 0.358 -0.145 -0.890 0.100 0.251 -0.940 -0.041 0.038 -0.873 0.229 0.058 -0.778 0.118 -0.167 -0.505 -0.049 0.159 -0.518 0.081 0.020 -0.409 0.254 0.046 -0.322 
0.998 -0.032 -0.004 0.060 0.995 -0.024 0.076 -0.054 0.350 -0.151 -0.887 0.103 0.202 -0.954 -0.084 0.038 -0.836 0.194 0.007 -0.803 0.101 -0.173 -0.507 -0.035 0.148 -0.522 0.144 0.022 -0.391 0.243 0.017 -0.333 
0.998 -0.014 0.030 0.060 0.996 -0.036 0.054 -0.058 0.326 -0.132 -0.898 0.052 0.221 -0.951 0.124 0.085 -0.862 0.254 -0.004 -0.843 0.084 -0.161 -0.514 -0.069 0.163 -0.514 0.165 0.026 -0.382 0.208 0.022 -0.355 
0.997 -0.021 0.047 0.053 0.998 -0.027 0.039 -0.036 0.310 -0.128 -0.903 0.088 0.197 -0.957 0.033 0.071 -0.853 0.269 -0.030 -0.859 0.074 -0.161 -0.515 -0.041 0.150 -0.521 0.176 0.019 -0.377 0.182 0.007 -0.370 
0.998 -0.016 0.042 0.035 0.998 -0.031 0.049 -0.008 0.345 -0.124 -0.889 0.160 0.185 -0.946 0.098 0.106 -0.787 0.256 -0.045 -0.856 0.088 -0.157 -0.515 -0.004 0.153 -0.522 0.258 0.017 -0.327 0.157 0.003 -0.382 
0.998 -0.011 0.060 0.002 0.999 -0.029 0.036 0.025 0.350 -0.157 -0.882 0.141 0.173 -0.949 0.192 0.099 -0.833 0.202 -0.067 -0.877 0.082 -0.161 -0.515 -0.015 0.156 -0.521 0.236 0.002 -0.344 0.122 -0.008 -0.394 
0.996 -0.001 0.090 0.025 0.999 -0.034 0.019 -0.001 0.358 -0.129 -0.878 0.140 0.188 -0.944 0.298 0.122 -0.846 0.333 -0.065 -0.837 0.084 -0.153 -0.516 -0.024 0.161 -0.519 0.215 0.020 -0.357 0.083 0.000 -0.404 
0.997 0.004 0.075 0.013 0.998 -0.033 0.039 0.028 0.422 -0.136 -0.848 0.216 0.160 -0.924 0.335 0.130 -0.832 0.191 -0.061 -0.890 0.120 -0.156 -0.509 0.005 0.159 -0.520 0.225 0.014 -0.351 0.094 -0.010 -0.402 
0.997 0.006 0.072 0.007 0.998 -0.029 0.046 0.045 0.446 -0.148 -0.829 0.236 0.163 -0.921 0.354 0.113 -0.825 0.179 -0.078 -0.890 0.128 -0.163 -0.505 0.020 0.161 -0.518 0.226 0.003 -0.350 0.094 -0.021 -0.401 
0.994 0.012 0.099 0.032 0.999 -0.032 0.031 0.029 0.449 -0.122 -0.835 0.258 0.187 -0.908 0.389 0.105 -0.827 0.322 -0.112 -0.836 0.138 -0.154 -0.505 0.025 0.168 -0.516 0.210 0.014 -0.360 0.067 -0.023 -0.406 
0.994 0.011 0.105 0.038 0.999 -0.031 0.028 0.030 0.446 -0.118 -0.839 0.255 0.194 -0.905 0.427 0.088 -0.812 0.372 -0.113 -0.805 0.142 -0.156 -0.503 0.018 0.172 -0.515 0.211 0.014 -0.360 0.069 -0.027 -0.406 
0.991 0.023 0.123 0.052 0.998 -0.019 0.021 0.048 0.500 -0.108 -0.815 0.258 0.160 -0.903 0.443 0.085 -0.808 0.414 -0.091 -0.790 0.187 -0.155 -0.489 0.011 0.160 -0.519 0.232 0.007 -0.346 0.084 -0.029 -0.403 
0.988 0.028 0.137 0.063 0.998 -0.014 0.028 0.059 0.502 -0.117 -0.820 0.243 0.170 -0.911 0.485 0.070 -0.788 0.459 -0.033 -0.755 0.198 -0.156 -0.484 0.008 0.159 -0.520 0.235 0.002 -0.344 0.090 -0.017 -0.402 
0.984 0.033 0.157 0.078 0.997 -0.013 0.031 0.068 0.534 -0.115 -0.819 0.308 0.157 -0.881 0.514 0.056 -0.777 0.478 0.032 -0.771 0.248 -0.138 -0.466 0.028 0.152 -0.521 0.222 0.001 -0.353 0.122 0.000 -0.394 
0.983 0.039 0.159 0.080 0.995 -0.010 0.045 0.088 0.587 -0.108 -0.777 0.329 0.135 -0.881 0.550 0.063 -0.746 0.526 0.057 -0.721 0.270 -0.140 -0.453 0.047 0.141 -0.523 0.231 0.005 -0.347 0.136 -0.001 -0.389 
0.985 0.051 0.141 0.087 0.989 -0.018 0.091 0.119 0.685 -0.085 -0.699 0.417 0.130 -0.839 0.568 0.053 -0.717 0.573 0.071 -0.688 0.331 -0.121 -0.416 0.096 0.142 -0.515 0.228 0.009 -0.349 0.179 -0.004 -0.372 
0.986 0.056 0.129 0.085 0.985 -0.029 0.116 0.121 0.755 -0.069 -0.613 0.476 0.125 -0.799 0.564 0.051 -0.717 0.587 0.112 -0.672 0.364 -0.121 -0.389 0.125 0.146 -0.508 0.221 0.014 -0.353 0.185 0.005 -0.369 
0.990 0.039 0.103 0.092 0.975 -0.015 0.180 0.129 0.827 -0.067 -0.512 0.567 0.069 -0.738 0.559 -0.031 -0.729 0.580 0.149 -0.674 0.418 -0.133 -0.324 0.177 0.104 -0.503 0.263 -0.037 -0.321 0.210 0.024 -0.354 
0.992 0.011 0.071 0.105 0.967 -0.012 0.220 0.130 0.810 -0.004 -0.520 0.661 0.167 -0.627 0.487 -0.038 -0.784 0.536 0.148 -0.716 0.412 -0.125 -0.335 0.234 0.145 -0.468 0.219 -0.037 -0.353 0.204 0.034 -0.357 
0.992 0.008 0.059 0.114 0.960 -0.011 0.256 0.113 0.829 0.062 -0.451 0.734 0.138 -0.483 0.479 -0.015 -0.788 0.517 0.167 -0.732 0.439 -0.119 -0.300 0.280 0.139 -0.445 0.261 -0.045 -0.322 0.204 0.050 -0.355 
0.997 0.024 0.030 0.070 0.947 -0.013 0.285 0.148 0.900 -0.126 -0.328 0.786 0.084 -0.469 0.454 -0.032 -0.776 0.475 0.144 -0.742 0.455 -0.171 -0.248 0.333 0.112 -0.414 0.269 -0.056 -0.314 0.171 0.024 -0.374 
0.998 0.036 0.022 0.049 0.942 -0.026 0.288 0.171 0.880 -0.151 -0.327 0.796 0.075 -0.464 0.415 -0.005 -0.811 0.434 0.122 -0.780 0.428 -0.185 -0.283 0.346 0.122 -0.400 0.237 -0.036 -0.342 0.139 0.010 -0.388 
0.997 0.054 0.053 0.015 0.925 -0.022 0.328 0.192 0.882 -0.195 -0.272 0.792 -0.031 -0.551 0.481 -0.033 -0.728 0.504 -0.002 -0.754 0.428 -0.217 -0.261 0.385 0.080 -0.375 0.305 -0.068 -0.277 0.192 -0.012 -0.365 
0.997 0.048 0.047 0.026 0.925 -0.027 0.337 0.173 0.864 -0.138 -0.320 0.794 -0.013 -0.550 0.443 -0.013 -0.767 0.482 -0.023 -0.777 0.414 -0.199 -0.294 0.383 0.085 -0.376 0.283 -0.051 -0.302 0.189 -0.017 -0.366 
0.998 0.055 0.023 0.020 0.925 -0.048 0.324 0.194 0.831 -0.164 -0.386 0.822 0.010 -0.495 0.356 0.033 -0.834 0.426 -0.020 -0.814 0.378 -0.185 -0.348 0.397 0.105 -0.355 0.215 -0.007 -0.358 0.172 -0.014 -0.375 
0.998 0.053 0.016 0.028 0.925 -0.048 0.327 0.187 0.826 -0.150 -0.398 0.806 0.031 -0.499 0.335 0.026 -0.844 0.412 -0.047 -0.822 0.374 -0.182 -0.353 0.378 0.122 -0.371 0.208 -0.007 -0.361 0.171 -0.024 -0.375 
0.998 0.028 0.015 0.053 0.934 -0.058 0.319 0.154 0.781 -0.117 -0.562 0.770 0.163 -0.543 0.294 0.018 -0.867 0.358 -0.016 -0.840 0.367 -0.147 -0.376 0.339 0.160 -0.393 0.158 -0.001 -0.386 0.161 -0.008 -0.380 
0.998 0.028 0.015 0.053 0.934 -0.058 0.319 0.154 0.781 -0.117 -0.562 0.770 0.163 -0.543 0.294 0.018 -0.867 0.358 -0.016 -0.840 0.367 -0.147 -0.376 0.339 0.160 -0.393 0.158 -0.001 -0.386 0.161 -0.008 -0.380 
0.999 0.034 0.004 0.032 0.933 -0.056 0.321 0.156 0.755 -0.152 -0.609 0.674 0.123 -0.671 0.289 -0.012 -0.864 0.314 -0.028 -0.856 0.358 -0.143 -0.386 0.275 0.131 -0.449 0.156 -0.012 -0.387 0.145 -0.016 -0.386 
0.999 0.033 0.010 0.033 0.937 -0.065 0.315 0.134 0.721 -0.151 -0.651 0.677 0.244 -0.639 0.279 -0.020 -0.862 0.288 -0.026 -0.858 0.338 -0.134 -0.407 0.280 0.208 -0.416 0.135 -0.014 -0.394 0.153 -0.004 -0.383 
0.999 0.026 0.009 0.037 0.934 -0.066 0.329 0.128 0.732 -0.147 -0.643 0.708 0.284 -0.588 0.292 -0.027 -0.856 0.312 -0.034 -0.844 0.347 -0.129 -0.401 0.300 0.227 -0.390 0.129 -0.015 -0.397 0.169 -0.004 -0.376 
0.999 0.026 0.009 0.037 0.936 -0.066 0.320 0.130 0.697 -0.141 -0.681 0.699 0.282 -0.601 0.273 -0.026 -0.861 0.296 -0.035 -0.849 0.324 -0.126 -0.420 0.295 0.227 -0.396 0.120 -0.014 -0.399 0.162 -0.005 -0.380 
0.999 0.025 0.007 0.039 0.936 -0.071 0.332 0.087 0.723 -0.032 -0.669 0.688 0.250 -0.630 0.302 -0.030 -0.846 0.312 -0.051 -0.827 0.350 -0.072 -0.412 0.293 0.214 -0.404 0.178 -0.019 -0.377 0.221 -0.001 -0.348 
0.999 0.023 0.011 0.039 0.941 -0.068 0.316 0.097 0.686 -0.050 -0.707 0.673 0.250 -0.649 0.268 -0.022 -0.865 0.287 -0.047 -0.847 0.325 -0.077 -0.431 0.285 0.210 -0.413 0.136 -0.014 -0.394 0.191 -0.003 -0.366 
0.999 0.023 0.011 0.039 0.938 -0.068 0.326 0.097 0.697 -0.054 -0.695 0.686 0.246 -0.636 0.285 -0.028 -0.860 0.304 -0.052 -0.841 0.332 -0.080 -0.425 0.293 0.208 -0.407 0.144 -0.016 -0.391 0.198 -0.006 -0.362 
0.999 0.023 0.011 0.039 0.940 -0.073 0.322 0.091 0.693 -0.038 -0.700 0.678 0.262 -0.639 0.279 -0.017 -0.862 0.299 -0.041 -0.844 0.330 -0.071 -0.428 0.287 0.215 -0.408 0.141 -0.011 -0.392 0.195 0.000 -0.363 
0.999 0.023 0.011 0.039 0.938 -0.065 0.324 0.100 0.694 -0.060 -0.698 0.685 0.240 -0.639 0.281 -0.031 -0.861 0.300 -0.055 -0.843 0.330 -0.083 -0.427 0.293 0.205 -0.409 0.142 -0.018 -0.392 0.196 -0.008 -0.363 
1.000 0.013 0.010 0.019 0.940 -0.054 0.320 0.111 0.681 -0.079 -0.702 0.671 0.236 -0.658 0.265 -0.034 -0.870 0.286 -0.046 -0.856 0.313 -0.097 -0.436 0.286 0.200 -0.417 0.129 -0.019 -0.396 0.177 -0.005 -0.373 
1.000 0.011 0.013 0.026 0.938 -0.050 0.326 0.109 0.684 -0.090 -0.697 0.668 0.235 -0.657 0.279 -0.035 -0.867 0.301 -0.042 -0.852 0.313 -0.108 -0.433 0.280 0.200 -0.420 0.135 -0.020 -0.394 0.179 -0.005 -0.372 
1.000 0.009 0.015 0.025 0.939 -0.054 0.323 0.103 0.684 -0.071 -0.702 0.660 0.246 -0.666 0.275 -0.019 -0.869 0.300 -0.022 -0.853 0.318 -0.094 -0.433 0.277 0.203 -0.421 0.131 -0.012 -0.396 0.179 0.005 -0.372 
0.999 0.011 0.028 0.019 0.943 -0.053 0.312 0.106 0.658 -0.057 -0.725 0.643 0.228 -0.685 0.270 -0.023 -0.875 0.293 -0.023 -0.855 0.300 -0.091 -0.446 0.268 0.204 -0.426 0.142 -0.018 -0.392 0.196 0.011 -0.363 
0.999 0.012 0.024 0.037 0.941 -0.061 0.315 0.104 0.632 -0.062 -0.753 0.644 0.246 -0.686 0.283 -0.003 -0.869 0.324 -0.019 -0.847 0.289 -0.086 -0.454 0.272 0.195 -0.428 0.120 -0.005 -0.399 0.177 0.005 -0.373 
0.998 0.021 0.019 0.050 0.936 -0.061 0.331 0.100 0.649 -0.060 -0.750 0.661 0.278 -0.669 0.303 0.004 -0.847 0.359 -0.036 -0.824 0.317 -0.063 -0.439 0.292 0.196 -0.414 0.097 0.003 -0.406 0.166 -0.009 -0.378 
