1.000 -0.006 0.001 0.014 0.996 0.010 0.013 -0.091 0.051 -0.185 -0.974 0.129 0.164 -0.969 0.113 -0.074 -0.885 0.147 0.097 -0.863 -0.022 -0.128 -0.529 0.007 0.115 -0.532 0.118 -0.041 -0.398 0.099 0.057 -0.397 
1.000 0.000 0.000 0.017 0.995 0.010 0.017 -0.093 0.072 -0.184 -0.971 0.128 0.160 -0.971 0.137 -0.074 -0.879 0.154 0.095 -0.861 -0.016 -0.130 -0.529 0.012 0.111 -0.533 0.123 -0.046 -0.396 0.098 0.051 -0.398 
1.000 -0.002 -0.000 0.013 0.996 0.010 0.020 -0.087 0.075 -0.182 -0.970 0.125 0.159 -0.973 0.137 -0.074 -0.878 0.175 0.094 -0.853 -0.021 -0.131 -0.528 0.016 0.109 -0.533 0.124 -0.047 -0.395 0.110 0.050 -0.395 
1.000 -0.000 0.002 0.009 0.996 0.011 0.022 -0.089 0.087 -0.179 -0.968 0.107 0.162 -0.977 0.142 -0.079 -0.874 0.167 0.083 -0.859 -0.020 -0.130 -0.529 0.016 0.108 -0.533 0.124 -0.051 -0.395 0.111 0.045 -0.395 
1.000 0.004 -0.004 0.015 0.995 0.007 0.022 -0.095 0.086 -0.173 -0.969 0.126 0.182 -0.969 0.142 -0.075 -0.872 0.161 0.093 -0.858 -0.019 -0.128 -0.529 0.016 0.123 -0.530 0.121 -0.047 -0.396 0.117 0.047 -0.393 
1.000 0.007 -0.000 0.014 0.995 0.006 0.027 -0.096 0.094 -0.182 -0.968 0.119 0.180 -0.972 0.168 -0.067 -0.863 0.178 0.097 -0.848 -0.013 -0.131 -0.529 0.018 0.118 -0.531 0.125 -0.048 -0.395 0.119 0.046 -0.392 
1.000 0.004 -0.004 0.012 0.995 0.008 0.027 -0.095 0.105 -0.186 -0.965 0.125 0.179 -0.971 0.154 -0.075 -0.869 0.168 0.090 -0.852 -0.009 -0.134 -0.528 0.022 0.118 -0.531 0.123 -0.050 -0.395 0.119 0.041 -0.393 
1.000 0.005 -0.001 0.012 0.995 0.008 0.027 -0.096 0.099 -0.185 -0.966 0.120 0.184 -0.971 0.152 -0.073 -0.869 0.169 0.087 -0.853 -0.012 -0.134 -0.528 0.018 0.122 -0.530 0.121 -0.050 -0.396 0.119 0.041 -0.393 
1.000 0.005 -0.000 0.017 0.994 0.006 0.030 -0.103 0.098 -0.184 -0.966 0.116 0.189 -0.969 0.169 -0.065 -0.863 0.171 0.098 -0.853 -0.010 -0.134 -0.528 0.012 0.125 -0.530 0.126 -0.046 -0.395 0.119 0.045 -0.393 
1.000 0.006 -0.004 0.018 0.994 0.006 0.031 -0.101 0.094 -0.187 -0.966 0.137 0.187 -0.967 0.156 -0.075 -0.871 0.173 0.092 -0.852 -0.012 -0.136 -0.527 0.022 0.124 -0.529 0.123 -0.049 -0.395 0.121 0.042 -0.392 
1.000 0.005 0.000 0.017 0.994 0.005 0.035 -0.101 0.091 -0.186 -0.966 0.138 0.184 -0.967 0.165 -0.072 -0.870 0.179 0.094 -0.851 -0.016 -0.137 -0.527 0.022 0.123 -0.530 0.125 -0.048 -0.395 0.121 0.043 -0.392 
1.000 0.007 0.001 0.021 0.994 0.007 0.035 -0.102 0.082 -0.191 -0.968 0.134 0.185 -0.968 0.176 -0.073 -0.864 0.179 0.092 -0.850 -0.014 -0.137 -0.527 0.021 0.122 -0.530 0.126 -0.049 -0.394 0.123 0.042 -0.392 
1.000 0.004 0.001 0.021 0.994 0.006 0.038 -0.100 0.077 -0.190 -0.969 0.143 0.185 -0.967 0.174 -0.073 -0.866 0.188 0.095 -0.847 -0.014 -0.136 -0.527 0.027 0.122 -0.530 0.128 -0.049 -0.394 0.124 0.043 -0.391 
1.000 0.001 0.005 0.020 0.994 0.006 0.041 -0.102 0.069 -0.193 -0.969 0.143 0.180 -0.966 0.176 -0.069 -0.870 0.187 0.092 -0.853 -0.019 -0.139 -0.526 0.021 0.121 -0.530 0.131 -0.048 -0.393 0.127 0.043 -0.390 
1.000 0.002 0.006 0.020 0.994 0.006 0.038 -0.102 0.064 -0.192 -0.969 0.131 0.180 -0.968 0.173 -0.070 -0.870 0.180 0.091 -0.855 -0.023 -0.139 -0.526 0.015 0.121 -0.530 0.129 -0.048 -0.393 0.123 0.043 -0.391 
1.000 -0.001 0.008 0.012 0.994 0.007 0.044 -0.102 0.067 -0.201 -0.968 0.134 0.179 -0.968 0.187 -0.072 -0.864 0.186 0.089 -0.856 -0.020 -0.142 -0.525 0.017 0.122 -0.530 0.133 -0.049 -0.392 0.123 0.042 -0.392 
1.000 0.001 0.009 0.011 0.994 0.011 0.049 -0.100 0.072 -0.208 -0.965 0.148 0.182 -0.965 0.190 -0.082 -0.865 0.208 0.084 -0.851 -0.020 -0.147 -0.524 0.023 0.124 -0.529 0.135 -0.054 -0.391 0.128 0.040 -0.391 
1.000 -0.001 0.010 0.009 0.993 0.009 0.054 -0.105 0.078 -0.203 -0.966 0.145 0.183 -0.963 0.200 -0.081 -0.866 0.208 0.088 -0.851 -0.016 -0.145 -0.525 0.016 0.128 -0.529 0.141 -0.051 -0.389 0.132 0.042 -0.389 
1.000 0.002 0.016 0.019 0.992 0.009 0.062 -0.109 0.075 -0.197 -0.968 0.156 0.188 -0.958 0.224 -0.076 -0.862 0.227 0.094 -0.848 -0.015 -0.143 -0.525 0.015 0.132 -0.528 0.146 -0.048 -0.388 0.138 0.049 -0.386 
1.000 0.003 0.017 0.021 0.991 0.010 0.067 -0.113 0.081 -0.195 -0.966 0.161 0.187 -0.955 0.235 -0.077 -0.858 0.238 0.095 -0.846 -0.014 -0.144 -0.525 0.012 0.134 -0.527 0.152 -0.049 -0.385 0.143 0.051 -0.384 
0.999 0.006 0.021 0.024 0.990 0.010 0.084 -0.109 0.095 -0.179 -0.966 0.175 0.182 -0.954 0.267 -0.073 -0.851 0.275 0.103 -0.835 -0.014 -0.142 -0.526 0.021 0.135 -0.527 0.169 -0.048 -0.378 0.169 0.056 -0.372 
0.999 0.009 0.029 0.037 0.988 0.009 0.099 -0.122 0.096 -0.159 -0.970 0.180 0.202 -0.944 0.305 -0.058 -0.834 0.313 0.114 -0.818 -0.005 -0.133 -0.528 0.014 0.154 -0.522 0.201 -0.035 -0.363 0.196 0.070 -0.357 
0.999 0.005 0.033 0.044 0.986 0.010 0.105 -0.131 0.095 -0.154 -0.972 0.170 0.204 -0.943 0.321 -0.051 -0.827 0.313 0.119 -0.817 -0.002 -0.132 -0.528 0.003 0.159 -0.521 0.215 -0.035 -0.355 0.207 0.078 -0.349 
0.998 0.012 0.033 0.051 0.983 0.010 0.122 -0.139 0.107 -0.148 -0.972 0.180 0.214 -0.938 0.356 -0.043 -0.796 0.318 0.128 -0.801 0.009 -0.130 -0.529 0.007 0.166 -0.519 0.244 -0.042 -0.336 0.234 0.081 -0.330 
0.998 0.013 0.038 0.057 0.982 0.010 0.124 -0.142 0.099 -0.157 -0.973 0.176 0.223 -0.937 0.367 -0.042 -0.790 0.335 0.131 -0.778 0.010 -0.133 -0.528 0.005 0.169 -0.518 0.246 -0.047 -0.333 0.241 0.086 -0.324 
0.998 0.010 0.035 0.056 0.980 0.013 0.136 -0.145 0.110 -0.162 -0.973 0.180 0.227 -0.937 0.378 -0.052 -0.773 0.357 0.132 -0.754 0.022 -0.133 -0.527 0.012 0.174 -0.516 0.270 -0.049 -0.314 0.260 0.093 -0.307 
0.997 0.018 0.039 0.062 0.978 0.014 0.148 -0.145 0.118 -0.178 -0.968 0.187 0.245 -0.937 0.411 -0.055 -0.733 0.364 0.132 -0.732 0.026 -0.145 -0.524 0.030 0.179 -0.513 0.287 -0.062 -0.295 0.287 0.091 -0.283 
0.997 0.020 0.033 0.071 0.977 0.019 0.152 -0.148 0.133 -0.188 -0.962 0.190 0.250 -0.933 0.411 -0.058 -0.709 0.361 0.127 -0.712 0.030 -0.160 -0.520 0.026 0.181 -0.513 0.289 -0.084 -0.288 0.299 0.100 -0.267 
0.997 0.023 0.040 0.069 0.976 0.015 0.164 -0.146 0.134 -0.195 -0.962 0.200 0.263 -0.935 0.433 -0.052 -0.687 0.371 0.138 -0.695 0.035 -0.158 -0.520 0.050 0.180 -0.512 0.296 -0.081 -0.282 0.315 0.098 -0.248 
0.997 0.009 0.036 0.063 0.975 0.023 0.167 -0.146 0.139 -0.208 -0.961 0.200 0.253 -0.933 0.425 -0.063 -0.684 0.373 0.130 -0.686 0.048 -0.157 -0.519 0.036 0.180 -0.513 0.302 -0.086 -0.274 0.320 0.102 -0.240 
0.998 0.011 0.030 0.057 0.974 0.018 0.172 -0.145 0.164 -0.198 -0.958 0.187 0.262 -0.935 0.421 -0.057 -0.676 0.362 0.136 -0.681 0.058 -0.157 -0.518 0.035 0.185 -0.511 0.311 -0.086 -0.264 0.325 0.112 -0.228 
0.998 0.002 0.027 0.050 0.973 0.025 0.184 -0.138 0.168 -0.211 -0.958 0.199 0.261 -0.936 0.415 -0.082 -0.649 0.374 0.127 -0.649 0.071 -0.152 -0.518 0.052 0.184 -0.510 0.338 -0.082 -0.230 0.342 0.113 -0.201 
0.998 0.006 0.019 0.066 0.965 0.015 0.206 -0.161 0.214 -0.197 -0.954 0.197 0.281 -0.927 0.433 -0.053 -0.599 0.385 0.161 -0.601 0.108 -0.131 -0.517 0.041 0.198 -0.506 0.366 -0.063 -0.190 0.352 0.143 -0.163 
0.997 -0.004 0.013 0.072 0.968 0.021 0.197 -0.155 0.184 -0.212 -0.957 0.198 0.270 -0.930 0.376 -0.086 -0.614 0.374 0.149 -0.574 0.093 -0.141 -0.518 0.045 0.194 -0.507 0.370 -0.068 -0.179 0.354 0.160 -0.140 
0.998 -0.004 0.005 0.064 0.967 0.028 0.205 -0.147 0.214 -0.231 -0.946 0.218 0.263 -0.923 0.461 -0.086 -0.512 0.389 0.133 -0.540 0.108 -0.154 -0.511 0.046 0.198 -0.505 0.385 -0.110 -0.116 0.359 0.155 -0.132 
0.998 -0.018 0.008 0.059 0.966 0.029 0.212 -0.146 0.235 -0.234 -0.941 0.237 0.275 -0.916 0.448 -0.092 -0.501 0.406 0.138 -0.502 0.123 -0.148 -0.509 0.059 0.206 -0.501 0.392 -0.107 -0.092 0.366 0.158 -0.109 
0.997 -0.010 0.016 0.070 0.967 0.026 0.207 -0.149 0.227 -0.236 -0.943 0.218 0.273 -0.924 0.436 -0.086 -0.491 0.394 0.143 -0.494 0.121 -0.144 -0.511 0.055 0.201 -0.503 0.394 -0.111 -0.079 0.368 0.161 -0.095 
0.997 -0.003 0.010 0.082 0.964 0.021 0.207 -0.164 0.237 -0.220 -0.944 0.206 0.276 -0.928 0.421 -0.079 -0.486 0.365 0.149 -0.483 0.126 -0.140 -0.511 0.052 0.198 -0.505 0.394 -0.111 -0.081 0.369 0.168 -0.076 
0.997 0.009 0.011 0.081 0.967 0.020 0.202 -0.154 0.227 -0.226 -0.944 0.205 0.267 -0.934 0.410 -0.077 -0.480 0.343 0.137 -0.487 0.118 -0.156 -0.508 0.063 0.188 -0.507 0.388 -0.131 -0.078 0.376 0.153 -0.073 
0.995 0.020 0.003 0.094 0.965 0.012 0.203 -0.164 0.231 -0.209 -0.945 0.208 0.262 -0.933 0.389 -0.072 -0.486 0.319 0.147 -0.481 0.119 -0.160 -0.507 0.058 0.188 -0.508 0.388 -0.126 -0.087 0.376 0.160 -0.057 
0.994 0.028 -0.001 0.102 0.962 0.008 0.209 -0.176 0.255 -0.200 -0.940 0.213 0.282 -0.928 0.410 -0.059 -0.480 0.318 0.160 -0.481 0.132 -0.153 -0.505 0.063 0.193 -0.506 0.382 -0.133 -0.101 0.372 0.168 -0.059 
0.994 0.015 -0.007 0.106 0.959 0.009 0.215 -0.185 0.273 -0.202 -0.935 0.213 0.279 -0.927 0.426 -0.048 -0.453 0.365 0.169 -0.425 0.144 -0.152 -0.502 0.056 0.192 -0.507 0.387 -0.128 -0.085 0.368 0.185 -0.032 
0.994 0.015 -0.007 0.106 0.959 0.011 0.215 -0.184 0.273 -0.204 -0.935 0.214 0.276 -0.927 0.426 -0.051 -0.453 0.366 0.167 -0.425 0.144 -0.154 -0.502 0.057 0.191 -0.507 0.387 -0.130 -0.085 0.368 0.183 -0.032 
0.995 0.016 -0.007 0.098 0.962 0.011 0.209 -0.176 0.247 -0.207 -0.942 0.199 0.267 -0.933 0.413 -0.060 -0.455 0.352 0.160 -0.432 0.131 -0.151 -0.506 0.051 0.188 -0.509 0.390 -0.126 -0.077 0.369 0.182 -0.028 
0.995 0.016 -0.007 0.098 0.961 0.009 0.209 -0.178 0.248 -0.202 -0.943 0.197 0.270 -0.933 0.413 -0.056 -0.455 0.342 0.163 -0.436 0.132 -0.148 -0.507 0.049 0.190 -0.508 0.390 -0.124 -0.078 0.368 0.184 -0.032 
0.995 0.016 -0.007 0.098 0.962 0.012 0.210 -0.175 0.249 -0.209 -0.941 0.201 0.265 -0.934 0.417 -0.059 -0.450 0.341 0.158 -0.439 0.132 -0.151 -0.506 0.052 0.187 -0.509 0.391 -0.125 -0.075 0.369 0.182 -0.033 
0.994 0.010 -0.007 0.107 0.960 0.018 0.209 -0.186 0.258 -0.216 -0.939 0.203 0.254 -0.934 0.413 -0.064 -0.445 0.338 0.150 -0.437 0.140 -0.146 -0.506 0.043 0.179 -0.512 0.391 -0.124 -0.074 0.368 0.183 -0.035 
0.994 0.009 -0.008 0.107 0.960 0.017 0.208 -0.185 0.255 -0.222 -0.938 0.199 0.252 -0.935 0.417 -0.064 -0.443 0.335 0.149 -0.440 0.138 -0.148 -0.505 0.041 0.178 -0.513 0.391 -0.125 -0.072 0.368 0.183 -0.037 
0.995 0.010 -0.005 0.104 0.963 0.017 0.202 -0.178 0.241 -0.218 -0.943 0.193 0.266 -0.934 0.398 -0.072 -0.467 0.336 0.147 -0.441 0.130 -0.146 -0.508 0.042 0.186 -0.510 0.389 -0.124 -0.083 0.369 0.180 -0.038 
0.995 0.011 -0.004 0.103 0.964 0.018 0.201 -0.176 0.235 -0.218 -0.945 0.189 0.265 -0.935 0.401 -0.066 -0.462 0.332 0.145 -0.445 0.127 -0.145 -0.509 0.042 0.185 -0.510 0.389 -0.125 -0.081 0.370 0.177 -0.043 
0.995 0.011 -0.004 0.103 0.964 0.018 0.201 -0.176 0.235 -0.218 -0.945 0.189 0.265 -0.935 0.401 -0.066 -0.462 0.332 0.145 -0.445 0.127 -0.145 -0.509 0.042 0.185 -0.510 0.389 -0.125 -0.081 0.370 0.177 -0.043 
0.995 0.011 -0.004 0.103 0.963 0.018 0.203 -0.175 0.239 -0.217 -0.943 0.193 0.266 -0.935 0.403 -0.066 -0.461 0.334 0.145 -0.444 0.129 -0.145 -0.509 0.044 0.185 -0.510 0.389 -0.126 -0.080 0.370 0.177 -0.041 
0.995 0.009 0.001 0.100 0.963 0.019 0.210 -0.166 0.241 -0.223 -0.941 0.204 0.267 -0.933 0.423 -0.064 -0.445 0.351 0.142 -0.437 0.129 -0.150 -0.507 0.054 0.183 -0.510 0.384 -0.142 -0.080 0.373 0.171 -0.042 
0.995 0.009 0.001 0.100 0.963 0.018 0.211 -0.167 0.244 -0.220 -0.941 0.205 0.270 -0.932 0.425 -0.062 -0.444 0.352 0.144 -0.436 0.130 -0.149 -0.507 0.054 0.184 -0.510 0.384 -0.141 -0.079 0.373 0.172 -0.041 
0.995 0.009 0.001 0.100 0.963 0.018 0.209 -0.168 0.240 -0.221 -0.942 0.201 0.269 -0.933 0.423 -0.062 -0.446 0.350 0.144 -0.438 0.128 -0.149 -0.508 0.052 0.184 -0.510 0.384 -0.141 -0.081 0.372 0.173 -0.042 
0.995 0.009 0.001 0.100 0.963 0.018 0.209 -0.167 0.241 -0.221 -0.942 0.202 0.269 -0.933 0.423 -0.062 -0.445 0.350 0.143 -0.437 0.129 -0.149 -0.508 0.052 0.184 -0.510 0.384 -0.141 -0.081 0.373 0.172 -0.042 
0.997 0.008 0.005 0.074 0.970 0.021 0.200 -0.133 0.204 -0.217 -0.952 0.210 0.259 -0.935 0.402 -0.086 -0.473 0.337 0.126 -0.488 0.106 -0.147 -0.514 0.065 0.180 -0.509 0.379 -0.152 -0.087 0.377 0.151 -0.076 
0.997 0.003 0.009 0.073 0.970 0.018 0.197 -0.143 0.214 -0.206 -0.953 0.210 0.263 -0.932 0.417 -0.083 -0.501 0.363 0.142 -0.510 0.111 -0.136 -0.515 0.058 0.186 -0.508 0.380 -0.135 -0.107 0.366 0.166 -0.095 
0.995 0.012 0.011 0.095 0.960 0.007 0.216 -0.177 0.288 -0.173 -0.938 0.227 0.294 -0.921 0.481 -0.035 -0.507 0.392 0.187 -0.508 0.148 -0.125 -0.509 0.066 0.192 -0.506 0.365 -0.126 -0.157 0.356 0.185 -0.098 
0.996 0.017 0.021 0.087 0.966 0.010 0.206 -0.156 0.246 -0.186 -0.949 0.214 0.257 -0.935 0.452 -0.062 -0.534 0.383 0.167 -0.530 0.129 -0.126 -0.514 0.065 0.177 -0.511 0.377 -0.110 -0.139 0.363 0.166 -0.104 
0.996 0.008 0.018 0.083 0.968 0.014 0.196 -0.154 0.224 -0.202 -0.952 0.213 0.247 -0.937 0.417 -0.062 -0.547 0.369 0.154 -0.552 0.121 -0.118 -0.518 0.059 0.171 -0.514 0.378 -0.100 -0.144 0.355 0.170 -0.125 
0.997 0.003 0.024 0.075 0.969 0.013 0.192 -0.151 0.228 -0.221 -0.947 0.206 0.248 -0.939 0.413 -0.062 -0.561 0.377 0.154 -0.569 0.125 -0.114 -0.518 0.060 0.168 -0.514 0.377 -0.083 -0.157 0.348 0.169 -0.145 
0.998 0.014 0.023 0.059 0.972 0.016 0.195 -0.130 0.262 -0.174 -0.944 0.241 0.243 -0.934 0.409 -0.072 -0.618 0.398 0.130 -0.612 0.124 -0.137 -0.512 0.089 0.168 -0.510 0.355 -0.101 -0.193 0.353 0.126 -0.172 
0.998 0.011 0.021 0.058 0.973 0.016 0.185 -0.135 0.268 -0.178 -0.943 0.246 0.266 -0.926 0.419 -0.069 -0.623 0.401 0.133 -0.623 0.128 -0.132 -0.513 0.088 0.180 -0.506 0.347 -0.095 -0.211 0.342 0.128 -0.192 
0.997 0.004 0.011 0.070 0.969 0.015 0.200 -0.144 0.318 -0.179 -0.924 0.296 0.272 -0.903 0.457 -0.057 -0.653 0.450 0.155 -0.626 0.146 -0.142 -0.505 0.095 0.188 -0.502 0.324 -0.083 -0.249 0.317 0.135 -0.228 
0.997 0.003 0.016 0.076 0.969 0.015 0.196 -0.152 0.323 -0.167 -0.925 0.297 0.272 -0.904 0.453 -0.054 -0.673 0.433 0.145 -0.649 0.148 -0.134 -0.506 0.097 0.185 -0.503 0.316 -0.080 -0.260 0.312 0.120 -0.243 
0.998 0.007 0.015 0.060 0.974 0.016 0.185 -0.133 0.297 -0.166 -0.931 0.306 0.273 -0.901 0.454 -0.058 -0.689 0.409 0.132 -0.683 0.124 -0.143 -0.511 0.104 0.188 -0.500 0.298 -0.081 -0.280 0.309 0.101 -0.255 
0.998 0.006 0.007 0.067 0.976 0.018 0.170 -0.137 0.296 -0.162 -0.931 0.319 0.268 -0.893 0.414 -0.055 -0.728 0.389 0.131 -0.723 0.120 -0.139 -0.513 0.095 0.184 -0.504 0.264 -0.074 -0.314 0.274 0.097 -0.294 
0.999 0.006 0.010 0.053 0.978 0.014 0.163 -0.126 0.297 -0.165 -0.931 0.325 0.268 -0.890 0.396 -0.049 -0.748 0.389 0.132 -0.739 0.121 -0.136 -0.513 0.098 0.186 -0.503 0.254 -0.058 -0.326 0.259 0.102 -0.305 
0.999 0.002 0.010 0.043 0.981 0.016 0.154 -0.117 0.298 -0.168 -0.928 0.331 0.257 -0.894 0.386 -0.057 -0.756 0.383 0.121 -0.748 0.113 -0.140 -0.514 0.109 0.177 -0.503 0.240 -0.067 -0.334 0.250 0.094 -0.315 
0.999 0.007 0.009 0.051 0.981 0.015 0.146 -0.125 0.275 -0.159 -0.936 0.324 0.261 -0.891 0.389 -0.062 -0.766 0.371 0.121 -0.761 0.097 -0.137 -0.518 0.095 0.183 -0.504 0.240 -0.064 -0.335 0.231 0.091 -0.330 
0.999 0.017 0.005 0.046 0.985 0.015 0.138 -0.107 0.264 -0.168 -0.937 0.346 0.254 -0.889 0.354 -0.065 -0.780 0.370 0.115 -0.767 0.087 -0.139 -0.519 0.116 0.177 -0.502 0.225 -0.064 -0.345 0.223 0.085 -0.337 
0.999 0.010 0.002 0.040 0.986 0.016 0.123 -0.109 0.261 -0.175 -0.931 0.343 0.254 -0.883 0.333 -0.071 -0.806 0.342 0.111 -0.792 0.071 -0.150 -0.519 0.100 0.182 -0.503 0.204 -0.065 -0.358 0.201 0.078 -0.352 
0.999 0.008 0.003 0.038 0.986 0.015 0.117 -0.114 0.254 -0.176 -0.933 0.334 0.255 -0.884 0.328 -0.067 -0.810 0.330 0.114 -0.798 0.068 -0.148 -0.520 0.089 0.182 -0.505 0.193 -0.063 -0.364 0.188 0.078 -0.359 
1.000 0.006 0.002 0.026 0.988 0.017 0.111 -0.103 0.251 -0.188 -0.933 0.344 0.235 -0.885 0.311 -0.073 -0.817 0.324 0.112 -0.805 0.066 -0.151 -0.519 0.095 0.172 -0.508 0.180 -0.060 -0.371 0.183 0.076 -0.362 
1.000 0.007 0.003 0.022 0.989 0.013 0.102 -0.104 0.242 -0.188 -0.936 0.331 0.244 -0.889 0.291 -0.066 -0.826 0.301 0.116 -0.818 0.061 -0.148 -0.521 0.090 0.177 -0.507 0.171 -0.053 -0.376 0.167 0.079 -0.369 
1.000 0.001 0.005 0.015 0.991 0.020 0.087 -0.096 0.214 -0.202 -0.942 0.319 0.234 -0.900 0.259 -0.084 -0.836 0.281 0.095 -0.824 0.048 -0.149 -0.522 0.092 0.165 -0.511 0.148 -0.063 -0.385 0.150 0.067 -0.379 
1.000 0.004 0.008 0.015 0.992 0.016 0.078 -0.097 0.204 -0.198 -0.945 0.308 0.239 -0.907 0.245 -0.077 -0.843 0.267 0.102 -0.829 0.042 -0.145 -0.523 0.093 0.164 -0.511 0.136 -0.060 -0.389 0.138 0.068 -0.383 
1.000 0.007 0.004 0.018 0.992 0.013 0.069 -0.107 0.202 -0.199 -0.946 0.279 0.236 -0.919 0.230 -0.071 -0.843 0.235 0.110 -0.840 0.043 -0.143 -0.524 0.082 0.158 -0.515 0.128 -0.055 -0.393 0.123 0.069 -0.388 
1.000 0.004 0.003 0.008 0.992 0.015 0.063 -0.109 0.199 -0.199 -0.948 0.258 0.213 -0.931 0.210 -0.074 -0.856 0.218 0.105 -0.845 0.047 -0.140 -0.524 0.072 0.146 -0.519 0.123 -0.056 -0.394 0.118 0.066 -0.390 
1.000 0.002 0.002 0.009 0.992 0.017 0.061 -0.107 0.190 -0.204 -0.949 0.247 0.203 -0.936 0.206 -0.079 -0.854 0.213 0.101 -0.844 0.041 -0.143 -0.524 0.065 0.139 -0.522 0.123 -0.058 -0.394 0.118 0.063 -0.391 
1.000 0.002 0.002 0.010 0.993 0.019 0.062 -0.101 0.187 -0.210 -0.949 0.252 0.201 -0.937 0.216 -0.081 -0.846 0.216 0.095 -0.844 0.040 -0.145 -0.523 0.074 0.135 -0.522 0.126 -0.061 -0.393 0.117 0.061 -0.391 
1.000 0.002 0.002 0.010 0.993 0.018 0.062 -0.102 0.185 -0.208 -0.950 0.252 0.200 -0.937 0.216 -0.080 -0.847 0.217 0.097 -0.843 0.039 -0.144 -0.524 0.074 0.135 -0.522 0.126 -0.060 -0.393 0.117 0.061 -0.391 
1.000 -0.002 -0.000 0.010 0.993 0.024 0.065 -0.093 0.181 -0.214 -0.947 0.266 0.186 -0.937 0.217 -0.093 -0.847 0.231 0.089 -0.841 0.034 -0.150 -0.522 0.085 0.127 -0.522 0.127 -0.066 -0.391 0.131 0.055 -0.388 
1.000 -0.002 -0.000 0.009 0.993 0.022 0.063 -0.094 0.178 -0.212 -0.949 0.263 0.189 -0.937 0.215 -0.090 -0.848 0.228 0.092 -0.841 0.032 -0.149 -0.523 0.083 0.128 -0.522 0.126 -0.065 -0.392 0.130 0.057 -0.388 
1.000 -0.002 -0.000 0.009 0.993 0.024 0.063 -0.092 0.177 -0.217 -0.948 0.264 0.184 -0.938 0.215 -0.095 -0.847 0.229 0.087 -0.841 0.031 -0.152 -0.522 0.084 0.125 -0.523 0.126 -0.067 -0.392 0.130 0.054 -0.388 
1.000 -0.002 -0.000 0.009 0.993 0.021 0.062 -0.095 0.176 -0.210 -0.950 0.261 0.191 -0.938 0.213 -0.089 -0.848 0.226 0.093 -0.841 0.031 -0.148 -0.523 0.082 0.129 -0.522 0.126 -0.064 -0.392 0.129 0.057 -0.388 
1.000 -0.002 -0.000 0.009 0.993 0.024 0.063 -0.092 0.176 -0.217 -0.948 0.263 0.184 -0.938 0.214 -0.095 -0.847 0.228 0.087 -0.841 0.031 -0.152 -0.522 0.084 0.125 -0.523 0.126 -0.067 -0.392 0.130 0.054 -0.388 
1.000 -0.001 0.010 0.018 0.992 0.024 0.077 -0.097 0.174 -0.210 -0.947 0.266 0.190 -0.933 0.245 -0.089 -0.840 0.250 0.089 -0.836 0.025 -0.154 -0.522 0.075 0.132 -0.523 0.139 -0.065 -0.388 0.142 0.059 -0.383 
1.000 -0.001 0.010 0.018 0.992 0.025 0.074 -0.097 0.169 -0.212 -0.948 0.261 0.187 -0.935 0.240 -0.091 -0.841 0.246 0.087 -0.838 0.022 -0.155 -0.522 0.073 0.131 -0.523 0.137 -0.066 -0.388 0.140 0.058 -0.384 
1.000 -0.001 0.010 0.018 0.992 0.025 0.074 -0.097 0.169 -0.212 -0.948 0.261 0.187 -0.935 0.240 -0.091 -0.841 0.246 0.087 -0.838 0.022 -0.155 -0.522 0.073 0.131 -0.523 0.137 -0.066 -0.388 0.140 0.058 -0.384 
1.000 -0.001 0.012 0.024 0.991 0.023 0.078 -0.102 0.172 -0.210 -0.949 0.255 0.194 -0.935 0.258 -0.085 -0.836 0.255 0.098 -0.836 0.027 -0.155 -0.522 0.069 0.134 -0.523 0.139 -0.062 -0.388 0.142 0.062 -0.382 
1.000 -0.002 0.010 0.018 0.991 0.025 0.086 -0.098 0.190 -0.210 -0.944 0.263 0.193 -0.934 0.263 -0.088 -0.834 0.265 0.095 -0.829 0.034 -0.154 -0.521 0.076 0.133 -0.522 0.139 -0.063 -0.388 0.150 0.061 -0.380 
1.000 -0.001 0.013 0.023 0.990 0.024 0.087 -0.106 0.176 -0.209 -0.950 0.259 0.215 -0.929 0.270 -0.086 -0.834 0.260 0.098 -0.833 0.034 -0.152 -0.522 0.067 0.146 -0.520 0.140 -0.060 -0.388 0.148 0.064 -0.380 
1.000 0.001 0.015 0.023 0.991 0.023 0.089 -0.101 0.158 -0.203 -0.956 0.259 0.222 -0.926 0.269 -0.081 -0.833 0.269 0.101 -0.827 0.028 -0.147 -0.524 0.067 0.151 -0.519 0.143 -0.059 -0.387 0.153 0.068 -0.377 
0.999 0.006 0.017 0.034 0.990 0.025 0.096 -0.100 0.163 -0.192 -0.955 0.266 0.226 -0.924 0.287 -0.082 -0.825 0.282 0.101 -0.820 0.025 -0.145 -0.524 0.073 0.153 -0.517 0.152 -0.061 -0.383 0.163 0.069 -0.373 
0.999 0.008 0.017 0.034 0.989 0.023 0.102 -0.104 0.174 -0.186 -0.954 0.263 0.226 -0.925 0.301 -0.077 -0.820 0.299 0.110 -0.813 0.029 -0.144 -0.525 0.071 0.154 -0.517 0.162 -0.057 -0.380 0.167 0.072 -0.371 
0.999 0.008 0.012 0.031 0.988 0.020 0.115 -0.105 0.187 -0.171 -0.955 0.267 0.224 -0.924 0.321 -0.068 -0.807 0.319 0.123 -0.798 0.041 -0.133 -0.527 0.072 0.154 -0.517 0.172 -0.053 -0.376 0.181 0.077 -0.363 
0.999 0.008 0.012 0.032 0.988 0.021 0.113 -0.104 0.185 -0.175 -0.955 0.266 0.220 -0.925 0.319 -0.072 -0.807 0.317 0.119 -0.800 0.040 -0.135 -0.526 0.071 0.152 -0.518 0.171 -0.054 -0.376 0.180 0.076 -0.364 
0.999 0.010 0.016 0.029 0.984 0.022 0.141 -0.105 0.201 -0.175 -0.952 0.278 0.218 -0.922 0.370 -0.071 -0.776 0.363 0.120 -0.770 0.052 -0.136 -0.525 0.079 0.154 -0.516 0.204 -0.054 -0.359 0.212 0.079 -0.345 
0.999 0.013 0.015 0.039 0.983 0.019 0.144 -0.109 0.203 -0.165 -0.951 0.280 0.237 -0.916 0.372 -0.065 -0.774 0.372 0.128 -0.765 0.049 -0.137 -0.525 0.078 0.167 -0.512 0.214 -0.053 -0.354 0.222 0.086 -0.338 
0.998 0.013 0.019 0.054 0.981 0.018 0.150 -0.117 0.191 -0.161 -0.958 0.271 0.236 -0.916 0.388 -0.059 -0.769 0.374 0.135 -0.762 0.054 -0.132 -0.526 0.066 0.167 -0.514 0.226 -0.050 -0.347 0.226 0.092 -0.333 
0.998 0.009 0.015 0.055 0.978 0.021 0.168 -0.122 0.199 -0.170 -0.954 0.268 0.235 -0.920 0.417 -0.066 -0.746 0.395 0.128 -0.738 0.057 -0.141 -0.523 0.071 0.164 -0.514 0.243 -0.066 -0.332 0.249 0.088 -0.317 
0.998 0.013 0.012 0.060 0.972 0.016 0.191 -0.133 0.231 -0.151 -0.949 0.279 0.242 -0.917 0.453 -0.044 -0.710 0.422 0.147 -0.695 0.075 -0.134 -0.523 0.084 0.166 -0.511 0.268 -0.066 -0.312 0.280 0.103 -0.285 
0.998 0.014 0.008 0.053 0.972 0.019 0.199 -0.123 0.229 -0.160 -0.948 0.287 0.234 -0.919 0.455 -0.050 -0.700 0.433 0.140 -0.682 0.074 -0.139 -0.521 0.095 0.163 -0.511 0.281 -0.071 -0.299 0.291 0.103 -0.274 
0.999 0.010 0.010 0.033 0.971 0.024 0.209 -0.113 0.249 -0.172 -0.944 0.296 0.218 -0.923 0.466 -0.068 -0.681 0.445 0.126 -0.673 0.090 -0.139 -0.519 0.112 0.153 -0.510 0.297 -0.077 -0.282 0.308 0.093 -0.259 
0.999 0.003 0.005 0.040 0.969 0.023 0.211 -0.129 0.254 -0.185 -0.943 0.289 0.230 -0.919 0.464 -0.067 -0.670 0.435 0.137 -0.662 0.105 -0.138 -0.516 0.098 0.162 -0.510 0.308 -0.078 -0.270 0.308 0.106 -0.253 
1.000 -0.001 0.013 0.027 0.971 0.025 0.212 -0.110 0.251 -0.184 -0.942 0.287 0.211 -0.927 0.455 -0.077 -0.670 0.443 0.123 -0.654 0.097 -0.146 -0.516 0.108 0.153 -0.511 0.318 -0.086 -0.255 0.327 0.105 -0.229 
0.999 0.001 0.001 0.035 0.968 0.021 0.221 -0.121 0.254 -0.178 -0.943 0.282 0.232 -0.923 0.446 -0.071 -0.658 0.432 0.140 -0.642 0.104 -0.141 -0.516 0.100 0.164 -0.510 0.321 -0.081 -0.253 0.334 0.113 -0.215 
0.999 -0.002 0.007 0.041 0.969 0.020 0.215 -0.123 0.237 -0.178 -0.950 0.275 0.238 -0.923 0.448 -0.065 -0.658 0.421 0.140 -0.644 0.102 -0.135 -0.518 0.095 0.168 -0.509 0.324 -0.084 -0.249 0.334 0.118 -0.212 
0.999 -0.004 -0.003 0.043 0.967 0.023 0.220 -0.126 0.247 -0.190 -0.945 0.271 0.238 -0.922 0.451 -0.079 -0.644 0.419 0.142 -0.629 0.107 -0.142 -0.515 0.086 0.168 -0.511 0.322 -0.097 -0.246 0.334 0.123 -0.209 
0.999 0.000 -0.005 0.034 0.970 0.021 0.213 -0.117 0.244 -0.199 -0.944 0.265 0.243 -0.923 0.426 -0.090 -0.628 0.395 0.140 -0.627 0.109 -0.147 -0.513 0.088 0.177 -0.507 0.345 -0.096 -0.214 0.343 0.129 -0.190 
0.998 -0.004 -0.030 0.047 0.968 0.024 0.219 -0.121 0.265 -0.214 -0.934 0.289 0.246 -0.910 0.439 -0.094 -0.586 0.398 0.139 -0.590 0.118 -0.157 -0.508 0.089 0.183 -0.505 0.358 -0.110 -0.183 0.341 0.136 -0.189 
0.999 -0.005 -0.025 0.046 0.968 0.025 0.221 -0.119 0.274 -0.220 -0.930 0.282 0.249 -0.914 0.450 -0.098 -0.577 0.427 0.139 -0.572 0.123 -0.160 -0.506 0.090 0.182 -0.505 0.359 -0.114 -0.178 0.346 0.136 -0.180 
0.999 -0.005 -0.018 0.041 0.970 0.025 0.208 -0.126 0.267 -0.222 -0.932 0.252 0.235 -0.928 0.425 -0.104 -0.539 0.399 0.129 -0.534 0.123 -0.165 -0.504 0.084 0.177 -0.508 0.376 -0.121 -0.134 0.367 0.142 -0.126 
0.999 -0.010 -0.019 0.033 0.969 0.025 0.210 -0.125 0.286 -0.220 -0.927 0.252 0.249 -0.926 0.419 -0.104 -0.529 0.409 0.129 -0.519 0.135 -0.160 -0.503 0.087 0.182 -0.506 0.373 -0.128 -0.136 0.365 0.152 -0.118 
0.999 -0.009 -0.020 0.035 0.968 0.024 0.213 -0.128 0.296 -0.213 -0.926 0.254 0.267 -0.923 0.412 -0.101 -0.524 0.373 0.134 -0.525 0.143 -0.154 -0.503 0.094 0.186 -0.503 0.372 -0.134 -0.131 0.367 0.152 -0.113 
0.999 -0.009 -0.019 0.035 0.969 0.025 0.213 -0.127 0.310 -0.214 -0.922 0.256 0.263 -0.924 0.415 -0.102 -0.517 0.368 0.134 -0.523 0.151 -0.154 -0.500 0.096 0.183 -0.504 0.373 -0.137 -0.125 0.368 0.150 -0.112 
0.999 -0.010 -0.016 0.035 0.969 0.027 0.215 -0.123 0.312 -0.221 -0.919 0.259 0.255 -0.927 0.404 -0.106 -0.520 0.369 0.133 -0.513 0.152 -0.160 -0.498 0.104 0.174 -0.506 0.368 -0.149 -0.128 0.372 0.145 -0.103 
0.998 0.001 -0.020 0.051 0.968 0.017 0.212 -0.135 0.304 -0.200 -0.925 0.251 0.260 -0.926 0.410 -0.087 -0.517 0.351 0.150 -0.512 0.147 -0.154 -0.501 0.092 0.181 -0.505 0.373 -0.138 -0.126 0.370 0.154 -0.099 
0.998 0.001 -0.021 0.052 0.968 0.018 0.211 -0.135 0.304 -0.200 -0.925 0.253 0.255 -0.926 0.407 -0.090 -0.519 0.352 0.147 -0.512 0.147 -0.154 -0.501 0.092 0.179 -0.506 0.371 -0.141 -0.128 0.370 0.154 -0.100 
0.998 -0.000 -0.032 0.050 0.967 0.019 0.216 -0.131 0.301 -0.210 -0.925 0.263 0.255 -0.923 0.403 -0.089 -0.520 0.352 0.144 -0.516 0.145 -0.154 -0.502 0.094 0.178 -0.506 0.365 -0.146 -0.137 0.363 0.161 -0.112 
0.998 0.000 -0.032 0.049 0.968 0.020 0.214 -0.131 0.296 -0.212 -0.926 0.263 0.256 -0.923 0.402 -0.090 -0.522 0.348 0.143 -0.518 0.142 -0.155 -0.502 0.094 0.178 -0.506 0.365 -0.146 -0.139 0.362 0.161 -0.115 
0.997 0.002 -0.032 0.065 0.960 0.017 0.238 -0.146 0.329 -0.201 -0.915 0.304 0.276 -0.902 0.450 -0.075 -0.539 0.383 0.161 -0.534 0.151 -0.158 -0.499 0.105 0.187 -0.500 0.346 -0.146 -0.181 0.351 0.167 -0.140 
0.997 0.005 -0.038 0.067 0.957 0.014 0.242 -0.156 0.333 -0.193 -0.914 0.313 0.289 -0.893 0.467 -0.063 -0.540 0.386 0.170 -0.539 0.150 -0.155 -0.500 0.104 0.191 -0.499 0.335 -0.144 -0.202 0.344 0.170 -0.152 
0.998 0.004 -0.028 0.049 0.962 0.020 0.240 -0.131 0.294 -0.211 -0.926 0.304 0.243 -0.912 0.454 -0.084 -0.545 0.400 0.148 -0.549 0.134 -0.158 -0.504 0.110 0.173 -0.504 0.361 -0.128 -0.166 0.353 0.152 -0.151 
0.999 0.002 -0.021 0.045 0.962 0.021 0.239 -0.130 0.281 -0.216 -0.929 0.296 0.239 -0.915 0.457 -0.092 -0.548 0.408 0.144 -0.549 0.128 -0.161 -0.504 0.105 0.173 -0.506 0.362 -0.128 -0.163 0.356 0.148 -0.148 
0.999 -0.001 -0.021 0.040 0.964 0.023 0.235 -0.121 0.254 -0.217 -0.936 0.297 0.231 -0.917 0.447 -0.100 -0.568 0.396 0.134 -0.583 0.111 -0.162 -0.508 0.107 0.169 -0.506 0.356 -0.131 -0.174 0.350 0.139 -0.170 
0.999 -0.004 -0.018 0.046 0.965 0.023 0.229 -0.126 0.237 -0.213 -0.942 0.284 0.230 -0.921 0.427 -0.099 -0.578 0.392 0.134 -0.580 0.104 -0.160 -0.510 0.101 0.168 -0.508 0.359 -0.125 -0.170 0.352 0.140 -0.165 
0.999 -0.007 -0.017 0.049 0.964 0.024 0.228 -0.134 0.248 -0.218 -0.939 0.282 0.232 -0.921 0.437 -0.095 -0.574 0.405 0.139 -0.566 0.114 -0.158 -0.509 0.098 0.168 -0.508 0.357 -0.125 -0.175 0.352 0.147 -0.157 
0.999 -0.006 -0.015 0.051 0.965 0.024 0.226 -0.132 0.244 -0.215 -0.941 0.276 0.232 -0.925 0.420 -0.098 -0.581 0.388 0.134 -0.582 0.112 -0.156 -0.510 0.100 0.165 -0.509 0.358 -0.125 -0.174 0.352 0.141 -0.163 
0.999 -0.006 -0.015 0.051 0.964 0.023 0.228 -0.133 0.245 -0.213 -0.941 0.278 0.236 -0.924 0.421 -0.095 -0.580 0.392 0.137 -0.578 0.113 -0.154 -0.510 0.102 0.167 -0.508 0.358 -0.124 -0.173 0.353 0.143 -0.160 
0.998 -0.003 -0.016 0.053 0.963 0.019 0.233 -0.132 0.257 -0.192 -0.943 0.287 0.241 -0.919 0.414 -0.083 -0.586 0.371 0.141 -0.593 0.121 -0.141 -0.512 0.105 0.170 -0.507 0.358 -0.116 -0.180 0.349 0.146 -0.165 
0.999 0.000 -0.006 0.038 0.965 0.025 0.233 -0.114 0.262 -0.189 -0.941 0.297 0.216 -0.922 0.425 -0.096 -0.611 0.390 0.123 -0.624 0.119 -0.142 -0.512 0.113 0.158 -0.508 0.347 -0.121 -0.197 0.341 0.127 -0.195 
0.999 0.004 -0.004 0.036 0.965 0.024 0.241 -0.105 0.275 -0.178 -0.940 0.310 0.223 -0.918 0.430 -0.084 -0.621 0.433 0.127 -0.597 0.124 -0.133 -0.513 0.126 0.155 -0.506 0.337 -0.113 -0.218 0.343 0.131 -0.188 
0.999 -0.011 -0.015 0.041 0.961 0.024 0.251 -0.114 0.306 -0.155 -0.930 0.347 0.222 -0.898 0.473 -0.080 -0.635 0.458 0.131 -0.614 0.125 -0.134 -0.513 0.123 0.161 -0.505 0.320 -0.109 -0.244 0.320 0.121 -0.231 
0.999 -0.011 -0.015 0.041 0.961 0.024 0.251 -0.114 0.306 -0.155 -0.930 0.347 0.222 -0.898 0.473 -0.080 -0.635 0.458 0.131 -0.614 0.125 -0.134 -0.513 0.123 0.161 -0.505 0.320 -0.109 -0.244 0.320 0.121 -0.231 
0.999 -0.004 -0.001 0.051 0.958 0.018 0.257 -0.124 0.337 -0.145 -0.922 0.343 0.231 -0.898 0.489 -0.058 -0.658 0.458 0.148 -0.651 0.146 -0.125 -0.510 0.118 0.162 -0.506 0.301 -0.076 -0.278 0.304 0.114 -0.255 
0.999 -0.004 -0.001 0.051 0.958 0.018 0.257 -0.124 0.337 -0.145 -0.922 0.343 0.231 -0.898 0.489 -0.058 -0.658 0.458 0.148 -0.651 0.146 -0.125 -0.510 0.118 0.162 -0.506 0.301 -0.076 -0.278 0.304 0.114 -0.255 
0.999 0.003 0.007 0.053 0.961 0.017 0.248 -0.120 0.348 -0.133 -0.921 0.343 0.225 -0.903 0.478 -0.044 -0.687 0.463 0.149 -0.676 0.151 -0.113 -0.511 0.129 0.154 -0.506 0.284 -0.061 -0.299 0.277 0.107 -0.287 
0.999 0.003 0.007 0.053 0.961 0.017 0.248 -0.120 0.348 -0.133 -0.921 0.343 0.225 -0.903 0.478 -0.044 -0.687 0.463 0.149 -0.676 0.151 -0.113 -0.511 0.129 0.154 -0.506 0.284 -0.061 -0.299 0.277 0.107 -0.287 
0.999 -0.007 -0.009 0.030 0.983 0.029 0.157 -0.095 0.235 -0.138 -0.951 0.264 0.206 -0.930 0.266 -0.079 -0.846 0.292 0.120 -0.829 0.068 -0.114 -0.528 0.074 0.142 -0.520 0.152 -0.043 -0.386 0.159 0.071 -0.374 
0.999 -0.007 -0.009 0.030 0.983 0.029 0.157 -0.095 0.235 -0.138 -0.951 0.264 0.206 -0.930 0.266 -0.079 -0.846 0.292 0.120 -0.829 0.068 -0.114 -0.528 0.074 0.142 -0.520 0.152 -0.043 -0.386 0.159 0.071 -0.374 
0.998 -0.018 -0.028 0.055 0.988 0.036 0.111 -0.104 0.121 -0.199 -0.968 0.274 0.216 -0.920 0.141 -0.090 -0.879 0.159 0.097 -0.849 0.036 -0.132 -0.527 0.062 0.138 -0.523 0.108 -0.045 -0.400 0.128 0.060 -0.388 
0.998 -0.018 -0.028 0.055 0.988 0.036 0.111 -0.104 0.121 -0.199 -0.968 0.274 0.216 -0.920 0.141 -0.090 -0.879 0.159 0.097 -0.849 0.036 -0.132 -0.527 0.062 0.138 -0.523 0.108 -0.045 -0.400 0.128 0.060 -0.388 
0.995 -0.015 -0.036 0.095 0.988 0.026 0.084 -0.126 0.073 -0.199 -0.976 0.249 0.227 -0.925 0.078 -0.049 -0.873 0.096 0.119 -0.838 0.032 -0.116 -0.531 0.049 0.133 -0.526 0.092 -0.020 -0.406 0.155 0.084 -0.374 
0.995 -0.015 -0.036 0.095 0.988 0.026 0.084 -0.126 0.073 -0.199 -0.976 0.249 0.227 -0.925 0.078 -0.049 -0.873 0.096 0.119 -0.838 0.032 -0.116 -0.531 0.049 0.133 -0.526 0.092 -0.020 -0.406 0.155 0.084 -0.374 
0.991 -0.023 -0.031 0.128 0.986 0.025 0.072 -0.151 0.078 -0.200 -0.976 0.204 0.234 -0.930 0.018 -0.050 -0.883 0.115 0.131 -0.820 0.040 -0.113 -0.531 0.013 0.130 -0.529 0.076 -0.022 -0.409 0.189 0.095 -0.355 
0.991 -0.023 -0.031 0.128 0.986 0.025 0.072 -0.151 0.078 -0.200 -0.976 0.204 0.234 -0.930 0.018 -0.050 -0.883 0.115 0.131 -0.820 0.040 -0.113 -0.531 0.013 0.130 -0.529 0.076 -0.022 -0.409 0.189 0.095 -0.355 
0.992 -0.038 -0.033 0.117 0.986 0.031 0.081 -0.144 0.241 -0.184 -0.948 0.183 0.199 -0.944 0.006 -0.062 -0.885 0.279 0.110 -0.775 0.105 -0.135 -0.517 0.003 0.114 -0.532 0.064 -0.020 -0.412 0.231 0.095 -0.329 
0.992 -0.038 -0.033 0.117 0.986 0.031 0.081 -0.144 0.241 -0.184 -0.948 0.183 0.199 -0.944 0.006 -0.062 -0.885 0.279 0.110 -0.775 0.105 -0.135 -0.517 0.003 0.114 -0.532 0.064 -0.020 -0.412 0.231 0.095 -0.329 
0.990 -0.034 -0.010 0.140 0.985 0.021 0.076 -0.155 0.147 -0.187 -0.968 0.126 0.187 -0.961 -0.032 -0.053 -0.887 0.391 0.107 -0.755 0.065 -0.125 -0.526 -0.014 0.102 -0.535 0.045 -0.014 -0.414 0.225 0.093 -0.334 
0.990 -0.034 -0.010 0.140 0.985 0.021 0.076 -0.155 0.147 -0.187 -0.968 0.126 0.187 -0.961 -0.032 -0.053 -0.887 0.391 0.107 -0.755 0.065 -0.125 -0.526 -0.014 0.102 -0.535 0.045 -0.014 -0.414 0.225 0.093 -0.334 
0.989 -0.039 -0.007 0.145 0.985 0.020 0.078 -0.150 0.153 -0.206 -0.962 0.086 0.168 -0.976 -0.079 -0.056 -0.884 0.410 0.049 -0.739 0.064 -0.140 -0.522 -0.014 0.090 -0.537 0.034 -0.024 -0.415 0.221 0.068 -0.342 
0.989 -0.039 -0.007 0.145 0.985 0.020 0.078 -0.150 0.153 -0.206 -0.962 0.086 0.168 -0.976 -0.079 -0.056 -0.884 0.410 0.049 -0.739 0.064 -0.140 -0.522 -0.014 0.090 -0.537 0.034 -0.024 -0.415 0.221 0.068 -0.342 
0.992 -0.042 -0.014 0.119 0.987 0.004 0.076 -0.145 0.263 -0.202 -0.927 -0.005 0.130 -0.989 -0.183 -0.058 -0.875 0.387 0.040 -0.765 0.087 -0.172 -0.509 -0.042 0.073 -0.538 -0.001 -0.034 -0.415 0.217 0.047 -0.348 
0.992 -0.042 -0.014 0.119 0.987 0.004 0.076 -0.145 0.263 -0.202 -0.927 -0.005 0.130 -0.989 -0.183 -0.058 -0.875 0.387 0.040 -0.765 0.087 -0.172 -0.509 -0.042 0.073 -0.538 -0.001 -0.034 -0.415 0.217 0.047 -0.348 
0.993 -0.052 -0.026 0.101 0.990 0.002 0.074 -0.117 0.130 -0.219 -0.961 0.005 0.096 -0.995 -0.224 -0.058 -0.820 0.308 -0.007 -0.769 0.041 -0.157 -0.520 -0.015 0.055 -0.541 0.076 -0.024 -0.409 0.216 0.012 -0.352 
0.993 -0.052 -0.026 0.101 0.990 0.002 0.074 -0.117 0.130 -0.219 -0.961 0.005 0.096 -0.995 -0.224 -0.058 -0.820 0.308 -0.007 -0.769 0.041 -0.157 -0.520 -0.015 0.055 -0.541 0.076 -0.024 -0.409 0.216 0.012 -0.352 
0.998 -0.047 -0.018 0.032 0.996 0.001 0.064 -0.062 0.120 -0.232 -0.956 0.046 0.102 -0.991 -0.075 -0.024 -0.841 0.216 -0.048 -0.805 0.016 -0.169 -0.518 -0.009 0.068 -0.540 0.148 -0.024 -0.389 0.173 -0.020 -0.374 
0.998 -0.047 -0.018 0.032 0.996 0.001 0.064 -0.062 0.120 -0.232 -0.956 0.046 0.102 -0.991 -0.075 -0.024 -0.841 0.216 -0.048 -0.805 0.016 -0.169 -0.518 -0.009 0.068 -0.540 0.148 -0.024 -0.389 0.173 -0.020 -0.374 
1.000 -0.018 -0.017 0.019 0.998 -0.022 0.057 -0.026 0.037 -0.188 -0.978 0.168 0.172 -0.954 0.126 0.047 -0.821 0.102 -0.004 -0.835 -0.016 -0.127 -0.530 0.008 0.128 -0.528 0.223 -0.007 -0.353 0.111 0.006 -0.397 
1.000 -0.018 -0.017 0.019 0.998 -0.022 0.057 -0.026 0.037 -0.188 -0.978 0.168 0.172 -0.954 0.126 0.047 -0.821 0.102 -0.004 -0.835 -0.016 -0.127 -0.530 0.008 0.128 -0.528 0.223 -0.007 -0.353 0.111 0.006 -0.397 
1.000 -0.004 -0.013 -0.016 0.998 -0.026 0.062 0.009 0.117 -0.203 -0.957 0.284 0.199 -0.904 0.250 0.038 -0.812 0.057 0.007 -0.856 -0.011 -0.148 -0.525 0.047 0.166 -0.515 0.231 -0.017 -0.347 0.092 0.010 -0.402 
1.000 0.007 0.002 -0.025 0.997 -0.017 0.047 0.059 0.110 -0.222 -0.955 0.332 0.177 -0.884 0.276 0.011 -0.841 -0.048 0.004 -0.861 -0.014 -0.155 -0.523 0.064 0.161 -0.515 0.199 -0.026 -0.366 0.065 -0.001 -0.408 
1.000 0.007 0.002 -0.025 0.997 -0.017 0.047 0.059 0.110 -0.222 -0.955 0.332 0.177 -0.884 0.276 0.011 -0.841 -0.048 0.004 -0.861 -0.014 -0.155 -0.523 0.064 0.161 -0.515 0.199 -0.026 -0.366 0.065 -0.001 -0.408 
1.000 0.020 0.008 0.009 0.997 -0.017 0.033 0.072 0.173 -0.172 -0.953 0.307 0.181 -0.888 0.220 0.019 -0.858 -0.109 0.019 -0.840 0.018 -0.144 -0.526 0.044 0.166 -0.515 0.192 -0.011 -0.370 0.124 -0.008 -0.393 
1.000 0.020 0.008 0.009 0.997 -0.017 0.033 0.072 0.173 -0.172 -0.953 0.307 0.181 -0.888 0.220 0.019 -0.858 -0.109 0.019 -0.840 0.018 -0.144 -0.526 0.044 0.166 -0.515 0.192 -0.011 -0.370 0.124 -0.008 -0.393 
0.999 0.010 0.018 0.030 0.997 -0.001 0.033 0.071 0.308 -0.159 -0.924 0.226 0.180 -0.916 0.212 0.023 -0.862 0.010 0.003 -0.795 0.109 -0.139 -0.516 0.000 0.156 -0.521 0.175 -0.020 -0.378 0.219 -0.001 -0.350 
0.999 0.010 0.018 0.030 0.997 -0.001 0.033 0.071 0.308 -0.159 -0.924 0.226 0.180 -0.916 0.212 0.023 -0.862 0.010 0.003 -0.795 0.109 -0.139 -0.516 0.000 0.156 -0.521 0.175 -0.020 -0.378 0.219 -0.001 -0.350 
0.995 0.009 0.041 0.092 0.999 -0.001 0.024 0.043 0.323 -0.092 -0.933 0.152 0.173 -0.925 0.228 0.052 -0.874 0.160 0.010 -0.810 0.143 -0.104 -0.516 -0.062 0.131 -0.524 0.146 -0.005 -0.391 0.250 0.030 -0.327 
0.995 0.009 0.041 0.092 0.999 -0.001 0.024 0.043 0.323 -0.092 -0.933 0.152 0.173 -0.925 0.228 0.052 -0.874 0.160 0.010 -0.810 0.143 -0.104 -0.516 -0.062 0.131 -0.524 0.146 -0.005 -0.391 0.250 0.030 -0.327 
0.994 0.002 0.039 0.101 0.997 -0.006 0.040 0.064 0.439 -0.042 -0.885 0.092 0.185 -0.935 0.220 0.047 -0.876 0.298 -0.013 -0.814 0.203 -0.088 -0.499 -0.088 0.137 -0.518 0.127 -0.002 -0.397 0.251 0.016 -0.327 
0.994 0.002 0.039 0.101 0.997 -0.006 0.040 0.064 0.439 -0.042 -0.885 0.092 0.185 -0.935 0.220 0.047 -0.876 0.298 -0.013 -0.814 0.203 -0.088 -0.499 -0.088 0.137 -0.518 0.127 -0.002 -0.397 0.251 0.016 -0.327 
0.992 0.009 0.085 0.097 0.996 -0.023 0.015 0.080 0.553 -0.019 -0.803 0.024 0.230 -0.916 0.340 0.032 -0.808 0.527 0.071 -0.744 0.237 -0.089 -0.483 -0.146 0.157 -0.499 0.057 0.019 -0.413 0.185 0.026 -0.368 
0.992 0.009 0.085 0.097 0.996 -0.023 0.015 0.080 0.553 -0.019 -0.803 0.024 0.230 -0.916 0.340 0.032 -0.808 0.527 0.071 -0.744 0.237 -0.089 -0.483 -0.146 0.157 -0.499 0.057 0.019 -0.413 0.185 0.026 -0.368 
0.988 0.021 0.085 0.126 0.995 -0.031 0.041 0.084 0.612 -0.038 -0.755 0.022 0.261 -0.923 0.337 -0.012 -0.814 0.562 0.023 -0.708 0.272 -0.105 -0.461 -0.126 0.161 -0.503 0.074 -0.003 -0.410 0.206 -0.001 -0.358 
0.988 0.021 0.085 0.126 0.995 -0.031 0.041 0.084 0.612 -0.038 -0.755 0.022 0.261 -0.923 0.337 -0.012 -0.814 0.562 0.023 -0.708 0.272 -0.105 -0.461 -0.126 0.161 -0.503 0.074 -0.003 -0.410 0.206 -0.001 -0.358 
0.994 0.011 0.068 0.087 0.985 -0.030 0.118 0.126 0.706 -0.071 -0.680 0.269 0.182 -0.884 0.498 -0.066 -0.749 0.484 0.012 -0.745 0.346 -0.115 -0.406 -0.009 0.142 -0.524 0.236 -0.055 -0.340 0.168 -0.017 -0.377 
0.994 0.011 0.068 0.087 0.985 -0.030 0.118 0.126 0.706 -0.071 -0.680 0.269 0.182 -0.884 0.498 -0.066 -0.749 0.484 0.012 -0.745 0.346 -0.115 -0.406 -0.009 0.142 -0.524 0.236 -0.055 -0.340 0.168 -0.017 -0.377 
0.994 0.011 0.068 0.087 0.985 -0.030 0.118 0.126 0.706 -0.071 -0.680 0.269 0.182 -0.884 0.498 -0.066 -0.749 0.484 0.012 -0.745 0.346 -0.115 -0.406 -0.009 0.142 -0.524 0.236 -0.055 -0.340 0.168 -0.017 -0.377 
0.994 -0.001 0.026 0.109 0.968 -0.031 0.217 0.123 0.822 -0.137 -0.448 0.545 0.307 -0.643 0.409 -0.076 -0.784 0.477 0.090 -0.736 0.381 -0.182 -0.346 0.134 0.175 -0.496 0.102 0.003 -0.404 0.149 -0.006 -0.385 
0.994 -0.001 0.026 0.109 0.968 -0.031 0.217 0.123 0.822 -0.137 -0.448 0.545 0.307 -0.643 0.409 -0.076 -0.784 0.477 0.090 -0.736 0.381 -0.182 -0.346 0.134 0.175 -0.496 0.102 0.003 -0.404 0.149 -0.006 -0.385 
0.995 0.012 0.059 0.082 0.948 -0.039 0.281 0.147 0.782 -0.163 -0.578 0.585 0.246 -0.734 0.464 -0.054 -0.751 0.495 0.027 -0.736 0.394 -0.164 -0.340 0.227 0.182 -0.458 0.266 -0.056 -0.316 0.207 0.001 -0.357 
0.995 0.012 0.059 0.082 0.948 -0.039 0.281 0.147 0.782 -0.163 -0.578 0.585 0.246 -0.734 0.464 -0.054 -0.751 0.495 0.027 -0.736 0.394 -0.164 -0.340 0.227 0.182 -0.458 0.266 -0.056 -0.316 0.207 0.001 -0.357 
0.999 0.032 0.009 0.014 0.926 -0.045 0.303 0.220 0.776 -0.242 -0.455 0.670 0.153 -0.645 0.309 -0.001 -0.850 0.436 0.001 -0.795 0.329 -0.203 -0.386 0.259 0.164 -0.448 0.084 -0.001 -0.408 0.139 -0.031 -0.387 
0.999 0.032 0.009 0.014 0.926 -0.045 0.303 0.220 0.776 -0.242 -0.455 0.670 0.153 -0.645 0.309 -0.001 -0.850 0.436 0.001 -0.795 0.329 -0.203 -0.386 0.259 0.164 -0.448 0.084 -0.001 -0.408 0.139 -0.031 -0.387 
0.998 0.005 0.002 0.061 0.951 -0.076 0.263 0.146 0.626 -0.072 -0.733 0.562 0.356 -0.691 0.169 -0.000 -0.892 0.313 0.025 -0.854 0.256 -0.106 -0.470 0.197 0.243 -0.443 0.022 0.007 -0.416 0.136 0.016 -0.389 
0.998 0.005 0.002 0.061 0.951 -0.076 0.263 0.146 0.626 -0.072 -0.733 0.562 0.356 -0.691 0.169 -0.000 -0.892 0.313 0.025 -0.854 0.256 -0.106 -0.470 0.197 0.243 -0.443 0.022 0.007 -0.416 0.136 0.016 -0.389 
0.998 0.014 0.007 0.059 0.954 -0.094 0.249 0.139 0.558 -0.054 -0.796 0.521 0.371 -0.722 0.165 -0.005 -0.890 0.293 0.033 -0.863 0.221 -0.085 -0.492 0.177 0.253 -0.445 0.018 0.004 -0.417 0.138 0.024 -0.388 
0.998 0.014 0.007 0.059 0.954 -0.094 0.249 0.139 0.558 -0.054 -0.796 0.521 0.371 -0.722 0.165 -0.005 -0.890 0.293 0.033 -0.863 0.221 -0.085 -0.492 0.177 0.253 -0.445 0.018 0.004 -0.417 0.138 0.024 -0.388 
0.999 0.008 0.006 0.032 0.947 -0.097 0.270 0.144 0.547 -0.075 -0.797 0.522 0.319 -0.749 0.205 -0.020 -0.880 0.317 0.023 -0.856 0.208 -0.096 -0.496 0.186 0.230 -0.454 0.039 0.001 -0.415 0.148 0.018 -0.384 
0.999 0.008 0.006 0.032 0.947 -0.097 0.270 0.144 0.547 -0.075 -0.797 0.522 0.319 -0.749 0.205 -0.020 -0.880 0.317 0.023 -0.856 0.208 -0.096 -0.496 0.186 0.230 -0.454 0.039 0.001 -0.415 0.148 0.018 -0.384 
0.999 0.009 0.008 0.034 0.949 -0.097 0.265 0.143 0.524 -0.060 -0.814 0.506 0.324 -0.760 0.192 -0.015 -0.883 0.304 0.027 -0.860 0.193 -0.087 -0.503 0.176 0.233 -0.458 0.032 0.003 -0.416 0.142 0.020 -0.387 
0.999 0.009 0.008 0.034 0.949 -0.097 0.265 0.143 0.524 -0.060 -0.814 0.506 0.324 -0.760 0.192 -0.015 -0.883 0.304 0.027 -0.860 0.193 -0.087 -0.503 0.176 0.233 -0.458 0.032 0.003 -0.416 0.142 0.020 -0.387 
0.999 0.008 0.008 0.034 0.947 -0.096 0.269 0.145 0.539 -0.066 -0.804 0.511 0.318 -0.758 0.195 -0.019 -0.882 0.307 0.021 -0.859 0.203 -0.090 -0.499 0.180 0.230 -0.458 0.034 0.002 -0.416 0.144 0.017 -0.386 
0.999 0.008 0.008 0.034 0.947 -0.096 0.269 0.145 0.539 -0.066 -0.804 0.511 0.318 -0.758 0.195 -0.019 -0.882 0.307 0.021 -0.859 0.203 -0.090 -0.499 0.180 0.230 -0.458 0.034 0.002 -0.416 0.144 0.017 -0.386 
1.000 0.009 0.007 0.024 0.948 -0.101 0.265 0.146 0.532 -0.074 -0.813 0.508 0.305 -0.771 0.199 -0.020 -0.881 0.298 0.015 -0.860 0.205 -0.087 -0.498 0.185 0.222 -0.460 0.037 0.001 -0.415 0.142 0.014 -0.387 
1.000 0.009 0.007 0.024 0.948 -0.101 0.265 0.146 0.532 -0.074 -0.813 0.508 0.305 -0.771 0.199 -0.020 -0.881 0.298 0.015 -0.860 0.205 -0.087 -0.498 0.185 0.222 -0.460 0.037 0.001 -0.415 0.142 0.014 -0.387 
1.000 0.009 0.007 0.024 0.947 -0.100 0.269 0.147 0.538 -0.078 -0.810 0.514 0.301 -0.767 0.205 -0.024 -0.879 0.304 0.011 -0.858 0.209 -0.089 -0.496 0.189 0.220 -0.458 0.040 -0.001 -0.415 0.144 0.012 -0.386 
