1.000 0.011 0.007 0.025 0.994 -0.005 -0.004 -0.105 0.052 -0.221 -0.959 0.144 0.205 -0.944 0.075 -0.086 -0.901 0.097 0.121 -0.890 -0.046 -0.158 -0.519 -0.024 0.144 -0.524 0.067 -0.041 -0.409 0.057 0.067 -0.403 
1.000 0.011 0.007 0.025 0.994 -0.004 -0.003 -0.105 0.057 -0.221 -0.958 0.146 0.205 -0.944 0.075 -0.087 -0.901 0.098 0.119 -0.889 -0.044 -0.158 -0.519 -0.023 0.144 -0.524 0.067 -0.042 -0.409 0.058 0.066 -0.403 
1.000 0.008 -0.001 0.012 0.996 -0.002 -0.005 -0.089 0.042 -0.215 -0.957 0.195 0.205 -0.944 0.066 -0.096 -0.897 0.109 0.111 -0.883 -0.063 -0.151 -0.520 0.024 0.139 -0.525 0.050 -0.046 -0.411 0.041 0.058 -0.407 
1.000 0.012 -0.010 -0.001 0.996 -0.007 0.000 -0.089 0.055 -0.181 -0.970 0.188 0.195 -0.953 0.086 -0.084 -0.887 0.125 0.126 -0.873 -0.041 -0.124 -0.529 0.037 0.132 -0.526 0.062 -0.033 -0.411 0.055 0.062 -0.404 
1.000 0.012 -0.009 0.003 0.996 -0.006 0.007 -0.094 0.052 -0.176 -0.970 0.177 0.200 -0.951 0.100 -0.082 -0.886 0.141 0.123 -0.872 -0.044 -0.126 -0.528 0.023 0.139 -0.526 0.076 -0.033 -0.409 0.090 0.061 -0.398 
1.000 0.012 -0.007 0.004 0.996 -0.004 0.002 -0.093 0.037 -0.178 -0.970 0.152 0.195 -0.957 0.098 -0.086 -0.886 0.133 0.115 -0.873 -0.051 -0.127 -0.527 0.011 0.135 -0.527 0.076 -0.034 -0.409 0.088 0.058 -0.399 
1.000 0.010 -0.007 -0.001 0.995 -0.008 0.004 -0.096 0.053 -0.157 -0.971 0.119 0.199 -0.964 0.098 -0.078 -0.886 0.140 0.122 -0.872 -0.050 -0.116 -0.530 0.004 0.136 -0.527 0.078 -0.031 -0.408 0.086 0.060 -0.399 
1.000 0.008 -0.010 -0.004 0.996 -0.005 0.004 -0.093 0.053 -0.163 -0.971 0.109 0.190 -0.969 0.104 -0.088 -0.883 0.151 0.116 -0.866 -0.048 -0.117 -0.530 0.005 0.129 -0.529 0.080 -0.034 -0.408 0.082 0.057 -0.401 
1.000 0.010 -0.014 -0.011 0.996 -0.007 0.001 -0.090 0.055 -0.162 -0.967 0.099 0.197 -0.970 0.088 -0.083 -0.885 0.138 0.121 -0.869 -0.057 -0.116 -0.529 0.004 0.131 -0.528 0.075 -0.032 -0.409 0.073 0.058 -0.402 
1.000 0.010 -0.014 -0.011 0.996 -0.006 -0.000 -0.089 0.053 -0.165 -0.967 0.097 0.194 -0.971 0.087 -0.086 -0.885 0.136 0.119 -0.869 -0.059 -0.118 -0.529 0.004 0.129 -0.529 0.075 -0.033 -0.409 0.072 0.056 -0.403 
1.000 0.011 -0.016 -0.016 0.997 -0.007 -0.003 -0.080 0.048 -0.160 -0.966 0.105 0.189 -0.971 0.076 -0.086 -0.884 0.128 0.118 -0.869 -0.067 -0.113 -0.529 0.010 0.126 -0.529 0.067 -0.032 -0.410 0.066 0.058 -0.403 
1.000 0.009 -0.017 -0.013 0.997 -0.006 -0.004 -0.083 0.037 -0.165 -0.968 0.104 0.183 -0.972 0.080 -0.084 -0.878 0.127 0.111 -0.868 -0.067 -0.115 -0.528 0.007 0.123 -0.530 0.071 -0.031 -0.410 0.068 0.057 -0.403 
1.000 0.007 -0.017 -0.017 0.997 -0.002 -0.001 -0.076 0.037 -0.163 -0.965 0.124 0.181 -0.967 0.088 -0.091 -0.878 0.128 0.107 -0.871 -0.076 -0.115 -0.527 0.007 0.128 -0.529 0.069 -0.034 -0.410 0.068 0.055 -0.403 
1.000 0.009 -0.018 -0.010 0.996 -0.007 -0.000 -0.085 0.046 -0.163 -0.966 0.128 0.186 -0.964 0.084 -0.081 -0.882 0.132 0.123 -0.865 -0.067 -0.117 -0.528 0.003 0.131 -0.528 0.072 -0.030 -0.410 0.068 0.064 -0.402 
1.000 0.012 -0.015 -0.012 0.997 -0.009 -0.001 -0.081 0.042 -0.158 -0.965 0.137 0.191 -0.961 0.080 -0.075 -0.883 0.133 0.126 -0.867 -0.074 -0.115 -0.528 0.008 0.135 -0.527 0.068 -0.029 -0.410 0.068 0.065 -0.402 
1.000 0.011 -0.015 -0.012 0.997 -0.007 0.002 -0.078 0.037 -0.159 -0.966 0.149 0.190 -0.960 0.084 -0.081 -0.884 0.138 0.119 -0.867 -0.075 -0.115 -0.527 0.015 0.134 -0.527 0.067 -0.030 -0.410 0.070 0.064 -0.402 
1.000 0.011 -0.018 -0.014 0.997 -0.007 0.003 -0.076 0.033 -0.157 -0.966 0.161 0.190 -0.957 0.088 -0.079 -0.884 0.141 0.122 -0.865 -0.078 -0.114 -0.527 0.018 0.136 -0.527 0.066 -0.028 -0.411 0.073 0.062 -0.402 
0.997 0.012 -0.071 0.030 0.993 -0.001 0.048 -0.107 0.126 -0.129 -0.944 0.194 -0.028 -0.872 0.147 0.317 -0.785 0.169 -0.244 -0.791 -0.044 -0.150 -0.522 -0.105 0.035 -0.532 0.061 0.155 -0.383 0.083 -0.139 -0.379 
0.995 0.004 -0.033 -0.089 0.999 0.019 0.032 -0.027 0.108 -0.204 -0.949 0.110 0.040 -0.943 0.128 0.270 -0.822 0.230 0.029 -0.826 -0.044 -0.128 -0.528 -0.066 0.110 -0.528 0.056 0.134 -0.391 0.076 0.005 -0.405 
0.999 -0.004 -0.029 -0.039 0.997 0.016 0.032 -0.062 0.120 -0.183 -0.952 0.236 0.155 -0.938 0.164 0.331 -0.782 0.199 0.064 -0.807 -0.038 -0.125 -0.529 0.038 0.127 -0.528 0.039 0.135 -0.393 0.117 0.015 -0.395 
1.000 0.015 -0.011 -0.017 0.996 -0.005 0.008 -0.088 0.054 -0.168 -0.964 0.124 0.194 -0.966 0.087 -0.074 -0.889 0.123 0.131 -0.875 -0.064 -0.119 -0.528 0.014 0.133 -0.527 0.070 -0.035 -0.410 0.070 0.062 -0.402 
1.000 0.010 -0.014 -0.018 0.996 -0.002 0.012 -0.089 0.071 -0.172 -0.963 0.125 0.200 -0.965 0.091 -0.079 -0.886 0.136 0.125 -0.867 -0.054 -0.121 -0.528 0.014 0.136 -0.527 0.073 -0.036 -0.409 0.076 0.059 -0.401 
1.000 0.011 -0.017 -0.014 0.995 -0.002 0.013 -0.096 0.077 -0.173 -0.964 0.120 0.200 -0.966 0.090 -0.080 -0.886 0.130 0.124 -0.869 -0.044 -0.121 -0.529 0.015 0.133 -0.527 0.074 -0.035 -0.409 0.077 0.059 -0.401 
1.000 0.014 -0.012 -0.007 0.996 -0.002 0.021 -0.090 0.071 -0.164 -0.963 0.145 0.200 -0.961 0.111 -0.080 -0.883 0.138 0.127 -0.869 -0.054 -0.121 -0.528 0.022 0.138 -0.526 0.087 -0.034 -0.406 0.089 0.061 -0.398 
1.000 0.012 -0.012 -0.007 0.995 -0.000 0.029 -0.100 0.084 -0.160 -0.967 0.134 0.193 -0.965 0.140 -0.081 -0.874 0.155 0.120 -0.862 -0.036 -0.117 -0.531 0.018 0.133 -0.527 0.105 -0.033 -0.402 0.106 0.061 -0.394 
1.000 0.009 0.001 -0.003 0.995 0.006 0.042 -0.093 0.083 -0.162 -0.966 0.148 0.199 -0.959 0.173 -0.093 -0.867 0.195 0.115 -0.857 -0.036 -0.126 -0.529 0.020 0.142 -0.525 0.126 -0.043 -0.395 0.139 0.060 -0.384 
1.000 0.006 0.010 0.002 0.992 0.009 0.069 -0.102 0.099 -0.164 -0.964 0.160 0.192 -0.956 0.241 -0.092 -0.840 0.252 0.114 -0.832 -0.025 -0.133 -0.528 0.019 0.146 -0.524 0.173 -0.046 -0.377 0.176 0.069 -0.367 
1.000 0.008 0.017 0.001 0.991 0.006 0.085 -0.104 0.120 -0.164 -0.961 0.169 0.197 -0.953 0.264 -0.077 -0.830 0.284 0.130 -0.814 -0.014 -0.137 -0.527 0.025 0.152 -0.522 0.191 -0.043 -0.368 0.200 0.078 -0.353 
0.999 0.006 0.033 0.014 0.988 0.009 0.109 -0.110 0.117 -0.164 -0.964 0.180 0.204 -0.950 0.332 -0.073 -0.805 0.331 0.139 -0.790 -0.004 -0.139 -0.527 0.034 0.155 -0.521 0.220 -0.049 -0.351 0.229 0.088 -0.332 
0.999 0.007 0.037 0.030 0.985 0.006 0.121 -0.124 0.121 -0.170 -0.959 0.188 0.219 -0.942 0.364 -0.060 -0.784 0.351 0.158 -0.772 -0.006 -0.152 -0.523 0.028 0.165 -0.518 0.225 -0.053 -0.347 0.241 0.098 -0.320 
0.998 -0.000 0.047 0.033 0.983 0.015 0.141 -0.119 0.136 -0.193 -0.950 0.214 0.224 -0.932 0.408 -0.078 -0.752 0.398 0.146 -0.738 0.003 -0.175 -0.516 0.037 0.173 -0.515 0.248 -0.071 -0.327 0.263 0.104 -0.301 
0.998 0.005 0.049 0.033 0.980 0.014 0.159 -0.118 0.157 -0.197 -0.941 0.216 0.229 -0.930 0.439 -0.071 -0.730 0.423 0.148 -0.723 0.004 -0.183 -0.512 0.038 0.179 -0.513 0.258 -0.072 -0.319 0.276 0.106 -0.288 
0.998 0.018 0.061 0.029 0.976 0.014 0.166 -0.138 0.186 -0.190 -0.942 0.185 0.265 -0.928 0.459 -0.071 -0.710 0.408 0.163 -0.727 0.035 -0.179 -0.513 0.028 0.206 -0.503 0.286 -0.067 -0.295 0.296 0.113 -0.265 
0.998 0.017 0.052 0.041 0.974 0.011 0.180 -0.134 0.183 -0.195 -0.940 0.198 0.262 -0.929 0.481 -0.066 -0.684 0.445 0.174 -0.673 0.034 -0.186 -0.510 0.039 0.198 -0.506 0.300 -0.081 -0.278 0.314 0.118 -0.241 
0.998 0.023 0.046 0.044 0.974 0.011 0.190 -0.127 0.196 -0.195 -0.935 0.217 0.254 -0.930 0.495 -0.069 -0.669 0.448 0.169 -0.661 0.034 -0.187 -0.510 0.058 0.189 -0.507 0.303 -0.088 -0.272 0.319 0.115 -0.235 
0.998 0.017 0.037 0.042 0.971 0.012 0.202 -0.130 0.220 -0.197 -0.934 0.229 0.254 -0.925 0.504 -0.066 -0.644 0.456 0.167 -0.641 0.055 -0.179 -0.511 0.056 0.191 -0.507 0.315 -0.090 -0.257 0.318 0.121 -0.234 
0.999 0.016 0.024 0.040 0.971 0.017 0.203 -0.128 0.246 -0.202 -0.925 0.227 0.244 -0.929 0.495 -0.079 -0.649 0.455 0.159 -0.646 0.063 -0.182 -0.509 0.056 0.179 -0.511 0.303 -0.100 -0.269 0.314 0.113 -0.242 
0.999 0.018 0.024 0.037 0.970 0.020 0.211 -0.116 0.225 -0.208 -0.927 0.230 0.235 -0.933 0.492 -0.095 -0.659 0.472 0.147 -0.651 0.043 -0.183 -0.511 0.062 0.170 -0.513 0.291 -0.096 -0.282 0.304 0.108 -0.258 
0.998 0.021 0.025 0.046 0.972 0.016 0.199 -0.127 0.209 -0.193 -0.933 0.208 0.228 -0.937 0.476 -0.083 -0.682 0.443 0.157 -0.685 0.034 -0.178 -0.513 0.042 0.169 -0.516 0.284 -0.088 -0.293 0.289 0.113 -0.273 
0.999 0.014 0.012 0.026 0.975 0.025 0.193 -0.106 0.200 -0.189 -0.930 0.220 0.189 -0.938 0.455 -0.108 -0.699 0.435 0.128 -0.704 0.015 -0.178 -0.515 0.039 0.155 -0.520 0.277 -0.097 -0.296 0.282 0.096 -0.286 
0.999 0.004 -0.001 0.036 0.973 0.024 0.201 -0.111 0.202 -0.159 -0.937 0.240 0.170 -0.932 0.456 -0.107 -0.701 0.452 0.134 -0.688 0.022 -0.161 -0.520 0.038 0.144 -0.524 0.281 -0.094 -0.293 0.277 0.096 -0.291 
1.000 0.002 -0.001 0.028 0.976 0.025 0.189 -0.107 0.192 -0.162 -0.937 0.231 0.166 -0.934 0.430 -0.108 -0.724 0.438 0.123 -0.703 0.010 -0.161 -0.520 0.031 0.142 -0.524 0.266 -0.096 -0.306 0.265 0.092 -0.303 
1.000 0.008 0.005 0.029 0.975 0.021 0.191 -0.110 0.183 -0.148 -0.938 0.223 0.168 -0.937 0.437 -0.096 -0.734 0.440 0.134 -0.720 -0.001 -0.155 -0.522 0.028 0.140 -0.525 0.247 -0.077 -0.327 0.260 0.087 -0.308 
1.000 0.009 0.006 0.029 0.977 0.018 0.183 -0.112 0.167 -0.136 -0.951 0.223 0.168 -0.938 0.430 -0.086 -0.751 0.418 0.139 -0.741 0.004 -0.140 -0.526 0.031 0.140 -0.525 0.241 -0.065 -0.334 0.255 0.085 -0.313 
0.999 0.011 -0.003 0.030 0.981 0.018 0.161 -0.107 0.184 -0.127 -0.943 0.238 0.162 -0.934 0.375 -0.097 -0.783 0.393 0.133 -0.763 -0.001 -0.135 -0.528 0.035 0.133 -0.526 0.210 -0.066 -0.354 0.226 0.079 -0.337 
0.999 0.010 -0.010 0.036 0.982 0.013 0.150 -0.118 0.190 -0.120 -0.949 0.242 0.166 -0.929 0.365 -0.083 -0.794 0.357 0.145 -0.780 0.012 -0.126 -0.530 0.028 0.132 -0.527 0.200 -0.056 -0.361 0.212 0.081 -0.345 
0.999 0.007 -0.016 0.032 0.985 0.019 0.136 -0.106 0.185 -0.126 -0.949 0.251 0.169 -0.928 0.326 -0.102 -0.810 0.334 0.127 -0.793 0.007 -0.124 -0.530 0.036 0.131 -0.527 0.175 -0.061 -0.373 0.196 0.071 -0.357 
1.000 0.005 -0.020 0.010 0.990 0.015 0.104 -0.091 0.171 -0.125 -0.944 0.240 0.159 -0.933 0.258 -0.102 -0.839 0.272 0.122 -0.834 -0.020 -0.119 -0.531 0.032 0.127 -0.528 0.137 -0.052 -0.390 0.163 0.069 -0.373 
1.000 -0.001 -0.027 0.009 0.992 0.020 0.090 -0.082 0.156 -0.146 -0.947 0.249 0.149 -0.935 0.221 -0.122 -0.850 0.245 0.098 -0.843 -0.023 -0.127 -0.529 0.043 0.120 -0.529 0.133 -0.058 -0.391 0.149 0.057 -0.381 
1.000 -0.001 -0.031 0.004 0.994 0.016 0.064 -0.081 0.144 -0.156 -0.947 0.247 0.156 -0.936 0.155 -0.110 -0.868 0.191 0.103 -0.861 -0.032 -0.127 -0.529 0.043 0.119 -0.529 0.099 -0.051 -0.402 0.110 0.057 -0.394 
1.000 -0.001 -0.031 0.004 0.994 0.016 0.065 -0.082 0.146 -0.155 -0.947 0.250 0.157 -0.935 0.157 -0.109 -0.868 0.193 0.105 -0.860 -0.031 -0.126 -0.529 0.045 0.120 -0.529 0.100 -0.051 -0.401 0.112 0.058 -0.393 
0.999 -0.004 -0.042 0.001 0.995 0.008 0.038 -0.092 0.160 -0.158 -0.948 0.245 0.164 -0.937 0.085 -0.096 -0.880 0.123 0.121 -0.867 -0.017 -0.120 -0.531 0.045 0.120 -0.529 0.077 -0.035 -0.408 0.075 0.061 -0.401 
0.999 -0.005 -0.044 -0.003 0.996 0.009 0.026 -0.089 0.160 -0.167 -0.945 0.236 0.161 -0.942 0.055 -0.100 -0.884 0.098 0.114 -0.873 -0.020 -0.126 -0.530 0.046 0.118 -0.529 0.062 -0.038 -0.411 0.068 0.053 -0.404 
0.999 -0.005 -0.047 -0.004 0.996 0.008 0.022 -0.090 0.168 -0.166 -0.946 0.239 0.161 -0.943 0.055 -0.095 -0.883 0.086 0.116 -0.875 -0.013 -0.123 -0.530 0.053 0.116 -0.529 0.063 -0.036 -0.411 0.063 0.053 -0.404 
0.999 -0.005 -0.047 -0.005 0.996 0.008 0.020 -0.090 0.161 -0.167 -0.947 0.238 0.160 -0.943 0.052 -0.097 -0.883 0.085 0.116 -0.875 -0.016 -0.124 -0.530 0.052 0.116 -0.529 0.062 -0.036 -0.411 0.062 0.053 -0.405 
0.999 0.001 -0.045 -0.004 0.996 0.005 0.004 -0.088 0.149 -0.163 -0.949 0.238 0.158 -0.948 0.012 -0.085 -0.885 0.050 0.111 -0.877 -0.024 -0.119 -0.531 0.064 0.111 -0.529 0.049 -0.033 -0.413 0.042 0.052 -0.407 
0.999 0.000 -0.045 -0.004 0.996 0.004 0.004 -0.089 0.149 -0.163 -0.949 0.236 0.159 -0.949 0.014 -0.084 -0.885 0.053 0.113 -0.877 -0.024 -0.119 -0.531 0.063 0.111 -0.529 0.050 -0.033 -0.413 0.042 0.052 -0.407 
0.999 0.000 -0.045 -0.004 0.996 0.004 0.004 -0.089 0.149 -0.163 -0.949 0.236 0.159 -0.949 0.014 -0.084 -0.885 0.053 0.113 -0.877 -0.024 -0.119 -0.531 0.063 0.111 -0.529 0.050 -0.033 -0.413 0.042 0.052 -0.407 
0.999 0.000 -0.045 -0.004 0.996 0.004 0.003 -0.089 0.141 -0.164 -0.951 0.231 0.161 -0.950 0.014 -0.084 -0.885 0.052 0.114 -0.876 -0.028 -0.119 -0.531 0.060 0.111 -0.529 0.049 -0.033 -0.413 0.042 0.053 -0.407 
0.999 -0.008 -0.042 -0.006 0.996 0.006 -0.007 -0.090 0.123 -0.180 -0.957 0.206 0.161 -0.955 0.000 -0.085 -0.885 0.036 0.111 -0.872 -0.021 -0.124 -0.530 0.044 0.111 -0.531 0.040 -0.033 -0.414 0.028 0.054 -0.408 
0.999 -0.007 -0.039 -0.002 0.996 0.005 -0.007 -0.090 0.108 -0.181 -0.961 0.190 0.164 -0.957 0.002 -0.086 -0.886 0.035 0.110 -0.872 -0.024 -0.125 -0.530 0.033 0.113 -0.531 0.039 -0.033 -0.414 0.028 0.054 -0.408 
0.999 -0.003 -0.034 -0.001 0.996 0.001 -0.005 -0.087 0.095 -0.176 -0.962 0.185 0.175 -0.955 0.010 -0.071 -0.887 0.042 0.120 -0.872 -0.034 -0.123 -0.530 0.028 0.120 -0.530 0.040 -0.028 -0.414 0.034 0.059 -0.407 
1.000 -0.006 -0.031 0.001 0.997 0.006 -0.002 -0.083 0.084 -0.186 -0.963 0.171 0.173 -0.960 0.017 -0.089 -0.887 0.052 0.109 -0.871 -0.035 -0.127 -0.529 0.027 0.116 -0.531 0.040 -0.039 -0.413 0.029 0.052 -0.408 
1.000 -0.006 -0.031 0.002 0.996 0.003 -0.003 -0.085 0.081 -0.180 -0.965 0.164 0.179 -0.961 0.016 -0.083 -0.887 0.054 0.115 -0.869 -0.036 -0.124 -0.529 0.023 0.118 -0.531 0.039 -0.036 -0.414 0.028 0.055 -0.408 
1.000 -0.007 -0.027 0.007 0.996 0.007 -0.001 -0.086 0.081 -0.179 -0.968 0.155 0.182 -0.961 0.034 -0.094 -0.888 0.063 0.111 -0.870 -0.029 -0.122 -0.530 0.017 0.119 -0.531 0.029 -0.042 -0.414 0.025 0.050 -0.409 
1.000 -0.011 -0.022 -0.002 0.997 0.008 0.001 -0.082 0.090 -0.191 -0.964 0.148 0.179 -0.963 0.039 -0.093 -0.888 0.077 0.108 -0.870 -0.025 -0.128 -0.529 0.015 0.118 -0.531 0.032 -0.044 -0.413 0.034 0.050 -0.408 
1.000 -0.014 -0.018 -0.006 0.997 0.009 0.004 -0.073 0.093 -0.189 -0.965 0.144 0.177 -0.966 0.048 -0.097 -0.887 0.090 0.106 -0.870 -0.021 -0.126 -0.530 0.021 0.116 -0.531 0.034 -0.044 -0.413 0.036 0.049 -0.408 
1.000 -0.008 -0.015 -0.009 0.997 0.003 0.011 -0.077 0.103 -0.169 -0.966 0.130 0.179 -0.969 0.066 -0.081 -0.888 0.103 0.127 -0.873 -0.020 -0.116 -0.532 0.017 0.118 -0.531 0.038 -0.038 -0.413 0.047 0.056 -0.406 
1.000 -0.006 -0.012 -0.003 0.997 0.001 0.013 -0.080 0.108 -0.165 -0.968 0.122 0.182 -0.971 0.072 -0.080 -0.887 0.104 0.126 -0.873 -0.012 -0.114 -0.533 0.017 0.117 -0.531 0.042 -0.039 -0.413 0.049 0.057 -0.406 
1.000 -0.007 -0.009 -0.006 0.996 0.000 0.016 -0.083 0.117 -0.166 -0.966 0.122 0.186 -0.967 0.079 -0.078 -0.887 0.117 0.130 -0.869 -0.011 -0.115 -0.532 0.006 0.123 -0.530 0.037 -0.038 -0.414 0.048 0.056 -0.406 
1.000 -0.007 -0.009 -0.006 0.996 0.001 0.016 -0.083 0.119 -0.166 -0.965 0.123 0.186 -0.967 0.080 -0.078 -0.887 0.118 0.130 -0.869 -0.010 -0.115 -0.532 0.007 0.123 -0.530 0.037 -0.039 -0.413 0.049 0.056 -0.406 
1.000 -0.007 -0.009 -0.005 0.997 0.003 0.016 -0.081 0.127 -0.168 -0.964 0.121 0.182 -0.968 0.080 -0.083 -0.886 0.116 0.125 -0.870 -0.006 -0.117 -0.532 0.006 0.121 -0.530 0.037 -0.041 -0.413 0.048 0.054 -0.406 
1.000 -0.003 -0.011 0.003 0.996 -0.000 0.021 -0.087 0.133 -0.153 -0.966 0.125 0.179 -0.967 0.079 -0.082 -0.887 0.108 0.131 -0.871 -0.003 -0.110 -0.534 0.006 0.120 -0.531 0.036 -0.039 -0.414 0.058 0.060 -0.404 
1.000 -0.004 -0.015 0.005 0.996 -0.004 0.024 -0.089 0.143 -0.147 -0.965 0.142 0.194 -0.962 0.076 -0.078 -0.889 0.109 0.135 -0.868 0.004 -0.108 -0.534 0.013 0.128 -0.529 0.040 -0.037 -0.413 0.067 0.062 -0.403 
1.000 -0.004 -0.014 0.006 0.996 -0.001 0.022 -0.087 0.131 -0.152 -0.967 0.133 0.188 -0.966 0.075 -0.083 -0.887 0.105 0.129 -0.870 -0.001 -0.109 -0.534 0.013 0.123 -0.530 0.035 -0.039 -0.414 0.064 0.060 -0.403 
1.000 -0.003 -0.014 0.006 0.996 -0.002 0.025 -0.088 0.135 -0.147 -0.966 0.143 0.186 -0.964 0.076 -0.080 -0.888 0.103 0.132 -0.873 -0.000 -0.108 -0.534 0.015 0.123 -0.530 0.036 -0.037 -0.414 0.067 0.061 -0.403 
1.000 -0.003 -0.014 0.006 0.996 -0.002 0.022 -0.088 0.129 -0.149 -0.967 0.138 0.184 -0.964 0.071 -0.082 -0.888 0.098 0.130 -0.874 -0.003 -0.109 -0.534 0.012 0.122 -0.530 0.034 -0.038 -0.414 0.065 0.060 -0.403 
1.000 -0.003 -0.017 0.003 0.996 -0.001 0.027 -0.082 0.139 -0.154 -0.963 0.161 0.188 -0.962 0.066 -0.081 -0.889 0.102 0.130 -0.871 -0.003 -0.112 -0.533 0.032 0.123 -0.529 0.032 -0.038 -0.414 0.075 0.060 -0.401 
1.000 -0.001 -0.017 0.007 0.996 -0.002 0.030 -0.086 0.140 -0.147 -0.964 0.158 0.190 -0.960 0.071 -0.081 -0.890 0.095 0.132 -0.871 -0.003 -0.110 -0.534 0.023 0.127 -0.529 0.039 -0.037 -0.414 0.073 0.062 -0.401 
1.000 -0.001 -0.016 0.007 0.996 -0.002 0.030 -0.085 0.141 -0.146 -0.964 0.157 0.189 -0.960 0.071 -0.082 -0.890 0.097 0.131 -0.871 -0.003 -0.109 -0.534 0.022 0.126 -0.529 0.039 -0.037 -0.414 0.074 0.061 -0.401 
1.000 -0.004 -0.022 0.001 0.997 -0.000 0.035 -0.073 0.145 -0.148 -0.962 0.195 0.179 -0.953 0.069 -0.081 -0.890 0.104 0.128 -0.871 -0.002 -0.112 -0.533 0.037 0.125 -0.528 0.052 -0.034 -0.412 0.086 0.058 -0.399 
1.000 0.003 -0.020 0.010 0.996 -0.003 0.035 -0.084 0.144 -0.140 -0.962 0.177 0.181 -0.955 0.075 -0.074 -0.889 0.102 0.134 -0.878 -0.005 -0.110 -0.534 0.022 0.128 -0.528 0.048 -0.030 -0.413 0.080 0.063 -0.400 
1.000 0.002 -0.023 0.004 0.996 -0.003 0.036 -0.082 0.148 -0.142 -0.963 0.180 0.177 -0.959 0.067 -0.073 -0.890 0.099 0.133 -0.874 0.001 -0.107 -0.534 0.037 0.121 -0.529 0.044 -0.030 -0.414 0.078 0.062 -0.400 
1.000 0.002 -0.023 0.008 0.996 -0.003 0.039 -0.075 0.139 -0.147 -0.960 0.182 0.181 -0.956 0.064 -0.076 -0.891 0.114 0.135 -0.871 -0.014 -0.115 -0.533 0.032 0.125 -0.529 0.045 -0.030 -0.413 0.080 0.062 -0.400 
1.000 0.003 -0.019 0.011 0.996 -0.002 0.046 -0.076 0.151 -0.148 -0.959 0.196 0.186 -0.951 0.063 -0.075 -0.895 0.102 0.128 -0.874 -0.004 -0.116 -0.532 0.036 0.129 -0.527 0.054 -0.031 -0.412 0.085 0.060 -0.399 
1.000 0.002 -0.020 0.011 0.996 -0.001 0.042 -0.073 0.146 -0.155 -0.958 0.199 0.185 -0.951 0.055 -0.077 -0.895 0.095 0.125 -0.877 -0.007 -0.120 -0.532 0.039 0.128 -0.527 0.050 -0.032 -0.413 0.080 0.059 -0.401 
1.000 0.002 -0.020 0.011 0.996 0.000 0.043 -0.072 0.148 -0.157 -0.958 0.202 0.183 -0.951 0.058 -0.078 -0.894 0.097 0.124 -0.877 -0.006 -0.121 -0.531 0.041 0.127 -0.527 0.051 -0.032 -0.413 0.081 0.059 -0.400 
1.000 0.004 -0.018 0.012 0.996 -0.000 0.057 -0.071 0.154 -0.146 -0.957 0.203 0.192 -0.951 0.082 -0.079 -0.890 0.125 0.128 -0.872 -0.004 -0.117 -0.532 0.050 0.131 -0.526 0.066 -0.033 -0.410 0.098 0.061 -0.396 
0.999 0.006 -0.008 0.031 0.994 -0.001 0.072 -0.084 0.168 -0.145 -0.959 0.210 0.204 -0.946 0.116 -0.063 -0.883 0.148 0.137 -0.862 0.018 -0.122 -0.531 0.049 0.140 -0.523 0.111 -0.031 -0.401 0.137 0.068 -0.383 
0.999 0.005 0.002 0.032 0.993 0.001 0.077 -0.084 0.172 -0.142 -0.958 0.208 0.203 -0.947 0.130 -0.066 -0.881 0.163 0.129 -0.858 0.019 -0.123 -0.530 0.051 0.140 -0.523 0.118 -0.034 -0.398 0.150 0.063 -0.379 
0.998 0.001 0.021 0.067 0.986 0.004 0.121 -0.119 0.197 -0.105 -0.961 0.221 0.193 -0.935 0.263 -0.059 -0.844 0.284 0.158 -0.803 0.057 -0.120 -0.528 0.032 0.151 -0.522 0.209 -0.034 -0.359 0.255 0.097 -0.310 
0.997 -0.004 0.038 0.068 0.981 0.007 0.159 -0.114 0.185 -0.099 -0.960 0.220 0.206 -0.928 0.310 -0.066 -0.811 0.440 0.148 -0.730 0.050 -0.131 -0.526 0.025 0.168 -0.517 0.246 -0.039 -0.335 0.296 0.116 -0.264 
0.997 -0.016 0.051 0.056 0.973 0.017 0.205 -0.103 0.215 -0.158 -0.940 0.235 0.185 -0.924 0.372 -0.087 -0.751 0.556 0.126 -0.641 0.068 -0.178 -0.510 0.029 0.167 -0.517 0.297 -0.064 -0.286 0.324 0.120 -0.227 
0.996 -0.013 0.065 0.062 0.970 0.005 0.214 -0.117 0.219 -0.192 -0.933 0.178 0.219 -0.927 0.393 -0.074 -0.713 0.559 0.150 -0.592 0.075 -0.197 -0.502 -0.006 0.188 -0.511 0.315 -0.067 -0.265 0.320 0.167 -0.199 
0.998 -0.013 0.047 0.035 0.945 0.020 0.318 -0.080 0.379 -0.180 -0.855 0.385 0.165 -0.843 0.191 -0.175 -0.906 0.259 0.104 -0.893 0.098 -0.200 -0.497 0.064 0.148 -0.520 0.068 -0.079 -0.404 0.089 0.044 -0.401 
0.999 -0.011 0.030 0.024 0.936 0.017 0.346 -0.067 0.396 -0.238 -0.853 0.389 0.220 -0.851 0.192 -0.146 -0.902 0.300 0.115 -0.855 0.124 -0.203 -0.490 0.094 0.174 -0.507 0.096 -0.056 -0.402 0.060 0.037 -0.407 
1.000 -0.019 -0.008 0.012 0.921 0.030 0.382 -0.063 0.450 -0.256 -0.827 0.431 0.168 -0.851 0.230 -0.180 -0.854 0.316 0.114 -0.838 0.163 -0.201 -0.480 0.128 0.131 -0.512 0.089 -0.061 -0.403 0.112 0.035 -0.396 
0.999 -0.017 0.017 0.035 0.914 0.024 0.396 -0.087 0.484 -0.230 -0.820 0.420 0.182 -0.857 0.261 -0.190 -0.845 0.362 0.109 -0.769 0.189 -0.180 -0.478 0.123 0.122 -0.516 0.070 -0.052 -0.408 0.040 -0.005 -0.411 
0.999 -0.017 0.020 0.037 0.913 0.025 0.398 -0.086 0.486 -0.226 -0.821 0.423 0.178 -0.857 0.273 -0.189 -0.842 0.360 0.111 -0.772 0.192 -0.178 -0.478 0.126 0.119 -0.516 0.078 -0.052 -0.406 0.048 0.001 -0.410 
0.999 -0.016 0.026 0.042 0.911 0.028 0.403 -0.086 0.497 -0.202 -0.822 0.420 0.174 -0.861 0.280 -0.186 -0.836 0.383 0.102 -0.764 0.202 -0.165 -0.478 0.127 0.115 -0.516 0.081 -0.053 -0.406 0.065 -0.001 -0.407 
0.999 -0.013 0.007 0.041 0.900 0.035 0.426 -0.085 0.546 -0.197 -0.792 0.469 0.160 -0.833 0.359 -0.207 -0.778 0.443 0.101 -0.728 0.232 -0.167 -0.464 0.149 0.111 -0.511 0.136 -0.066 -0.388 0.132 -0.004 -0.391 
0.999 -0.015 0.009 0.044 0.901 0.033 0.425 -0.086 0.545 -0.185 -0.792 0.475 0.157 -0.829 0.366 -0.222 -0.769 0.458 0.094 -0.714 0.228 -0.163 -0.467 0.150 0.108 -0.511 0.139 -0.071 -0.387 0.137 -0.006 -0.389 
0.998 -0.020 0.002 0.058 0.899 0.025 0.426 -0.097 0.560 -0.148 -0.776 0.484 0.169 -0.803 0.391 -0.180 -0.768 0.453 0.118 -0.729 0.223 -0.161 -0.470 0.134 0.113 -0.515 0.119 -0.034 -0.398 0.149 0.012 -0.385 
0.998 -0.015 -0.005 0.061 0.902 0.019 0.422 -0.089 0.536 -0.147 -0.794 0.481 0.174 -0.804 0.385 -0.171 -0.772 0.455 0.122 -0.723 0.210 -0.158 -0.477 0.133 0.116 -0.515 0.137 -0.047 -0.391 0.166 0.023 -0.377 
0.998 -0.018 0.004 0.060 0.906 0.023 0.415 -0.079 0.517 -0.158 -0.807 0.483 0.167 -0.808 0.354 -0.180 -0.805 0.450 0.108 -0.699 0.198 -0.157 -0.483 0.139 0.112 -0.514 0.139 -0.057 -0.389 0.105 -0.009 -0.399 
0.998 -0.020 0.005 0.060 0.910 0.023 0.407 -0.081 0.505 -0.162 -0.812 0.470 0.172 -0.817 0.347 -0.183 -0.809 0.456 0.107 -0.702 0.189 -0.160 -0.485 0.132 0.114 -0.515 0.139 -0.060 -0.389 0.118 0.001 -0.396 
0.999 -0.019 -0.007 0.050 0.911 0.020 0.407 -0.066 0.503 -0.164 -0.810 0.489 0.162 -0.809 0.346 -0.163 -0.806 0.450 0.125 -0.723 0.182 -0.162 -0.488 0.146 0.114 -0.511 0.129 -0.046 -0.394 0.148 0.020 -0.385 
0.999 -0.019 -0.002 0.042 0.916 0.016 0.396 -0.059 0.482 -0.187 -0.825 0.474 0.177 -0.822 0.343 -0.151 -0.807 0.446 0.127 -0.704 0.177 -0.162 -0.490 0.145 0.119 -0.510 0.125 -0.037 -0.396 0.116 0.005 -0.396 
0.999 -0.026 -0.019 0.029 0.920 0.022 0.390 -0.031 0.444 -0.200 -0.850 0.472 0.143 -0.832 0.317 -0.154 -0.819 0.401 0.129 -0.756 0.163 -0.164 -0.494 0.149 0.107 -0.512 0.120 -0.044 -0.397 0.142 0.033 -0.386 
0.999 -0.019 -0.003 0.040 0.925 0.012 0.378 -0.041 0.424 -0.179 -0.867 0.445 0.143 -0.846 0.317 -0.134 -0.830 0.426 0.130 -0.724 0.155 -0.148 -0.501 0.131 0.101 -0.518 0.123 -0.036 -0.397 0.101 0.006 -0.400 
0.999 -0.021 -0.023 0.037 0.922 0.014 0.387 -0.025 0.424 -0.192 -0.866 0.463 0.127 -0.831 0.353 -0.142 -0.796 0.403 0.121 -0.751 0.159 -0.151 -0.499 0.131 0.093 -0.519 0.136 -0.036 -0.393 0.135 0.028 -0.389 
0.998 -0.025 0.006 0.049 0.922 -0.008 0.385 -0.033 0.403 -0.131 -0.889 0.443 0.103 -0.845 0.378 -0.089 -0.802 0.462 0.157 -0.720 0.154 -0.124 -0.508 0.118 0.077 -0.525 0.139 -0.014 -0.393 0.157 0.052 -0.378 
0.994 -0.036 0.012 0.104 0.934 -0.030 0.347 -0.082 0.317 -0.130 -0.932 0.348 0.116 -0.881 0.310 -0.056 -0.864 0.346 0.177 -0.788 0.137 -0.115 -0.515 0.053 0.059 -0.538 0.106 -0.005 -0.403 0.069 0.052 -0.403 
0.992 -0.037 0.005 0.117 0.937 -0.035 0.334 -0.094 0.303 -0.133 -0.937 0.336 0.112 -0.890 0.294 -0.044 -0.876 0.326 0.171 -0.811 0.132 -0.119 -0.515 0.051 0.056 -0.538 0.113 -0.007 -0.401 0.084 0.061 -0.399 
0.993 -0.026 0.008 0.114 0.944 -0.040 0.315 -0.088 0.259 -0.148 -0.947 0.297 0.102 -0.907 0.265 -0.044 -0.883 0.293 0.169 -0.830 0.104 -0.127 -0.520 0.030 0.055 -0.540 0.087 -0.007 -0.408 0.079 0.060 -0.401 
0.995 -0.022 -0.010 0.102 0.948 -0.042 0.306 -0.078 0.253 -0.147 -0.946 0.287 0.099 -0.919 0.239 -0.047 -0.880 0.299 0.168 -0.830 0.092 -0.132 -0.521 0.038 0.062 -0.539 0.090 -0.007 -0.407 0.120 0.074 -0.388 
0.997 -0.018 -0.015 0.077 0.965 -0.047 0.250 -0.070 0.154 -0.174 -0.963 0.119 0.097 -0.979 0.136 -0.049 -0.893 0.246 0.101 -0.844 0.032 -0.137 -0.527 -0.001 0.063 -0.540 0.054 -0.025 -0.413 0.137 0.055 -0.386 
0.997 -0.014 -0.010 0.081 0.972 -0.051 0.212 -0.087 0.109 -0.167 -0.968 0.068 0.113 -0.988 0.118 -0.078 -0.893 0.255 0.098 -0.797 0.007 -0.145 -0.525 -0.005 0.071 -0.539 0.070 -0.045 -0.409 0.252 0.061 -0.321 
0.997 -0.015 -0.026 0.068 0.975 -0.050 0.197 -0.084 0.111 -0.172 -0.969 0.114 0.142 -0.979 0.099 -0.059 -0.883 0.245 0.117 -0.790 0.007 -0.137 -0.527 0.019 0.088 -0.536 0.031 -0.020 -0.415 0.230 0.068 -0.336 
0.999 -0.021 -0.023 0.031 0.984 -0.041 0.163 -0.060 0.080 -0.180 -0.968 0.120 0.174 -0.974 0.118 -0.006 -0.871 0.294 0.077 -0.764 -0.025 -0.129 -0.529 0.027 0.104 -0.533 0.023 0.002 -0.416 0.178 0.051 -0.369 
1.000 -0.012 -0.022 0.009 0.987 -0.037 0.150 -0.039 0.042 -0.171 -0.973 0.121 0.203 -0.969 0.147 -0.003 -0.865 0.244 0.057 -0.801 -0.046 -0.120 -0.530 0.029 0.125 -0.528 0.075 0.003 -0.410 0.151 0.039 -0.382 
1.000 0.001 -0.021 -0.007 0.990 -0.043 0.127 -0.039 0.006 -0.132 -0.974 0.145 0.238 -0.947 0.222 0.067 -0.841 0.161 0.067 -0.831 -0.084 -0.097 -0.530 0.004 0.159 -0.520 0.069 0.033 -0.410 0.103 0.037 -0.398 
0.999 0.024 -0.008 -0.027 0.993 -0.052 0.103 0.001 -0.071 -0.081 -0.983 0.193 0.253 -0.921 0.493 0.066 -0.706 0.088 0.069 -0.827 -0.109 -0.063 -0.531 0.010 0.198 -0.506 0.253 0.015 -0.331 0.069 0.041 -0.405 
0.999 0.027 -0.003 -0.036 0.994 -0.054 0.093 0.012 -0.094 -0.067 -0.982 0.219 0.261 -0.903 0.512 0.085 -0.700 0.045 0.082 -0.835 -0.123 -0.053 -0.529 0.009 0.209 -0.501 0.236 0.024 -0.343 0.052 0.046 -0.407 
0.998 0.043 0.010 -0.036 0.995 -0.060 0.075 0.031 -0.140 -0.013 -0.982 0.256 0.274 -0.879 0.492 0.155 -0.721 -0.012 0.113 -0.856 -0.136 -0.020 -0.528 0.018 0.229 -0.492 0.212 0.057 -0.355 0.020 0.067 -0.406 
0.999 0.040 0.006 -0.032 0.996 -0.046 0.059 0.048 -0.164 -0.051 -0.980 0.281 0.258 -0.884 0.414 0.131 -0.765 -0.005 0.063 -0.864 -0.136 -0.040 -0.526 0.039 0.206 -0.501 0.191 0.048 -0.367 0.008 0.051 -0.409 
0.999 0.036 0.007 -0.023 0.997 -0.035 0.050 0.044 -0.152 -0.074 -0.982 0.275 0.236 -0.894 0.384 0.117 -0.783 -0.021 0.029 -0.867 -0.124 -0.053 -0.528 0.037 0.189 -0.508 0.184 0.042 -0.372 0.013 0.034 -0.411 
1.000 0.025 -0.003 -0.019 0.997 -0.030 0.046 0.057 -0.124 -0.077 -0.984 0.289 0.222 -0.897 0.348 0.110 -0.806 -0.020 0.043 -0.861 -0.115 -0.058 -0.530 0.050 0.177 -0.511 0.174 0.036 -0.377 0.047 0.037 -0.408 
1.000 0.016 -0.011 -0.014 0.997 -0.022 0.043 0.057 -0.024 -0.127 -0.982 0.267 0.193 -0.907 0.295 0.108 -0.821 -0.005 0.010 -0.826 -0.078 -0.095 -0.531 0.030 0.163 -0.518 0.165 0.028 -0.382 0.123 0.029 -0.393 
1.000 0.014 -0.017 0.001 0.998 -0.019 0.047 0.041 0.046 -0.151 -0.977 0.242 0.192 -0.912 0.279 0.116 -0.821 -0.007 0.036 -0.808 -0.039 -0.115 -0.532 0.012 0.160 -0.519 0.163 0.029 -0.383 0.157 0.023 -0.381 
0.999 0.032 -0.013 0.039 0.999 -0.026 0.044 0.005 0.104 -0.132 -0.973 0.210 0.197 -0.913 0.241 0.150 -0.815 -0.058 0.065 -0.805 -0.008 -0.116 -0.533 -0.017 0.164 -0.518 0.163 0.049 -0.381 0.180 0.040 -0.369 
0.999 0.025 -0.018 0.044 0.998 -0.024 0.049 -0.000 0.185 -0.133 -0.955 0.197 0.169 -0.923 0.240 0.147 -0.813 0.019 0.082 -0.785 0.030 -0.135 -0.527 -0.022 0.145 -0.523 0.156 0.044 -0.384 0.239 0.042 -0.334 
0.997 0.025 -0.015 0.071 0.998 -0.022 0.045 -0.028 0.236 -0.136 -0.946 0.149 0.168 -0.939 0.208 0.150 -0.819 0.076 0.076 -0.775 0.068 -0.134 -0.524 -0.041 0.131 -0.526 0.137 0.049 -0.391 0.253 0.046 -0.323 
0.994 0.005 0.002 0.108 0.997 -0.012 0.028 -0.071 0.303 -0.148 -0.928 0.049 0.141 -0.964 0.123 0.142 -0.846 0.192 0.085 -0.790 0.118 -0.144 -0.512 -0.082 0.095 -0.529 0.094 0.043 -0.404 0.257 0.056 -0.318 
0.990 0.013 0.012 0.140 0.993 -0.019 0.024 -0.116 0.360 -0.104 -0.911 -0.011 0.144 -0.962 0.097 0.161 -0.839 0.242 0.108 -0.802 0.149 -0.127 -0.509 -0.122 0.089 -0.523 0.084 0.054 -0.405 0.249 0.078 -0.320 
0.990 0.004 0.011 0.143 0.993 -0.019 0.030 -0.114 0.356 -0.113 -0.916 -0.009 0.134 -0.970 0.080 0.153 -0.844 0.299 0.109 -0.785 0.154 -0.118 -0.509 -0.107 0.079 -0.528 0.081 0.050 -0.406 0.250 0.074 -0.320 
0.990 -0.021 0.017 0.136 0.995 -0.002 0.028 -0.097 0.337 -0.097 -0.927 -0.041 0.100 -0.981 0.049 0.108 -0.864 0.353 0.057 -0.770 0.147 -0.107 -0.514 -0.104 0.058 -0.531 0.071 0.022 -0.410 0.247 0.044 -0.328 
0.992 -0.033 0.009 0.118 0.996 -0.003 0.029 -0.084 0.385 -0.102 -0.903 -0.044 0.084 -0.981 0.028 0.107 -0.860 0.345 0.047 -0.776 0.162 -0.118 -0.507 -0.109 0.050 -0.530 0.058 0.021 -0.413 0.232 0.040 -0.339 
0.993 -0.024 -0.020 0.118 0.995 -0.011 0.044 -0.085 0.455 -0.066 -0.866 -0.025 0.078 -0.977 -0.022 0.120 -0.851 0.253 0.067 -0.800 0.187 -0.106 -0.501 -0.111 0.048 -0.530 0.052 0.029 -0.413 0.217 0.037 -0.349 
0.992 -0.020 -0.027 0.121 0.994 -0.019 0.046 -0.096 0.491 -0.029 -0.833 0.031 0.066 -0.964 -0.040 0.136 -0.856 0.267 0.080 -0.812 0.190 -0.103 -0.500 -0.110 0.041 -0.531 0.040 0.041 -0.413 0.204 0.040 -0.356 
0.991 -0.019 -0.034 0.127 0.994 -0.022 0.045 -0.098 0.473 -0.027 -0.846 0.010 0.069 -0.965 -0.067 0.134 -0.857 0.225 0.079 -0.820 0.180 -0.097 -0.505 -0.121 0.041 -0.529 0.029 0.041 -0.414 0.194 0.035 -0.363 
0.988 -0.017 -0.047 0.147 0.992 -0.023 0.050 -0.116 0.411 -0.042 -0.882 0.030 0.053 -0.963 -0.121 0.103 -0.847 0.200 0.058 -0.818 0.155 -0.105 -0.512 -0.115 0.024 -0.531 0.048 0.036 -0.413 0.184 0.022 -0.369 
0.990 -0.026 -0.047 0.128 0.994 -0.020 0.042 -0.099 0.354 -0.062 -0.914 0.119 0.021 -0.950 -0.152 0.086 -0.843 0.084 0.034 -0.814 0.136 -0.104 -0.517 -0.077 0.007 -0.538 0.093 0.026 -0.406 0.155 0.005 -0.382 
0.994 -0.037 -0.055 0.091 0.998 -0.011 0.052 -0.044 0.293 -0.096 -0.941 0.089 0.030 -0.975 -0.075 0.033 -0.843 0.095 0.052 -0.824 0.110 -0.099 -0.524 -0.051 0.025 -0.541 0.153 -0.008 -0.388 0.124 -0.006 -0.393 
0.999 -0.001 -0.037 0.038 0.998 -0.032 0.037 0.037 0.176 -0.110 -0.972 0.108 0.111 -0.975 0.113 0.088 -0.822 0.028 0.121 -0.841 0.047 -0.088 -0.536 -0.017 0.083 -0.537 0.212 -0.010 -0.359 0.063 0.022 -0.407 
0.998 -0.001 -0.019 0.052 0.999 -0.037 0.020 0.025 0.129 -0.115 -0.978 0.178 0.136 -0.940 0.156 0.076 -0.845 -0.030 0.093 -0.864 0.022 -0.095 -0.537 -0.024 0.105 -0.533 0.199 0.013 -0.366 0.039 0.031 -0.410 
0.999 0.006 0.026 0.041 0.998 -0.037 -0.005 0.045 0.052 -0.116 -0.988 0.191 0.109 -0.925 0.282 0.075 -0.851 0.075 -0.013 -0.895 -0.007 -0.090 -0.538 -0.041 0.105 -0.532 0.201 0.034 -0.364 0.024 0.013 -0.412 
0.998 0.014 0.039 0.053 0.997 -0.033 -0.010 0.065 0.019 -0.111 -0.992 0.230 0.136 -0.909 0.372 0.066 -0.827 0.120 -0.051 -0.887 -0.012 -0.080 -0.539 -0.024 0.116 -0.530 0.203 0.029 -0.363 0.025 -0.002 -0.412 
0.998 0.009 0.044 0.053 0.997 -0.025 -0.015 0.072 0.031 -0.136 -0.988 0.209 0.127 -0.914 0.412 0.047 -0.814 0.172 -0.065 -0.871 -0.008 -0.096 -0.537 -0.038 0.111 -0.531 0.204 0.019 -0.363 0.025 -0.011 -0.412 
0.997 0.019 0.040 0.065 0.995 -0.016 -0.013 0.101 0.063 -0.138 -0.986 0.183 0.134 -0.906 0.441 0.005 -0.798 0.202 -0.097 -0.862 0.008 -0.101 -0.536 -0.069 0.112 -0.527 0.222 -0.003 -0.353 0.045 -0.035 -0.409 
0.996 0.020 0.035 0.075 0.993 -0.010 -0.003 0.120 0.104 -0.144 -0.981 0.184 0.133 -0.905 0.446 -0.015 -0.795 0.200 -0.088 -0.862 0.028 -0.109 -0.534 -0.071 0.106 -0.528 0.233 -0.015 -0.345 0.053 -0.035 -0.408 
0.994 0.028 0.028 0.103 0.990 -0.011 -0.000 0.141 0.146 -0.130 -0.976 0.117 0.160 -0.908 0.411 -0.031 -0.803 0.247 -0.111 -0.849 0.048 -0.109 -0.533 -0.115 0.112 -0.519 0.228 -0.022 -0.348 0.087 -0.050 -0.401 
0.994 0.029 0.023 0.102 0.988 -0.010 0.006 0.156 0.206 -0.133 -0.964 0.095 0.166 -0.914 0.401 -0.058 -0.807 0.262 -0.126 -0.846 0.078 -0.114 -0.528 -0.123 0.114 -0.516 0.222 -0.031 -0.352 0.089 -0.058 -0.399 
0.992 0.048 0.034 0.108 0.986 -0.013 -0.018 0.167 0.260 -0.104 -0.949 0.216 0.028 -0.957 0.316 0.011 -0.847 0.323 -0.172 -0.821 0.093 -0.109 -0.527 0.026 0.021 -0.543 0.153 -0.018 -0.388 0.115 -0.083 -0.388 
0.984 0.059 0.067 0.154 0.992 -0.023 -0.034 0.120 0.286 -0.039 -0.943 0.141 0.052 -0.985 0.265 0.023 -0.858 0.433 -0.206 -0.768 0.104 -0.085 -0.529 0.035 0.027 -0.542 0.073 -0.025 -0.410 0.166 -0.099 -0.365 
0.984 0.049 0.066 0.158 0.991 -0.012 0.004 0.136 0.387 -0.012 -0.906 0.152 -0.005 -0.987 0.265 0.032 -0.854 0.521 -0.112 -0.715 0.162 -0.072 -0.516 0.057 -0.003 -0.541 0.068 -0.008 -0.411 0.166 -0.071 -0.372 
0.995 0.003 0.014 0.102 0.974 -0.002 0.087 0.211 0.578 -0.166 -0.787 0.273 -0.108 -0.957 0.260 0.010 -0.838 0.523 -0.049 -0.663 0.267 -0.136 -0.457 0.138 -0.059 -0.523 0.053 -0.010 -0.414 0.157 -0.079 -0.374 
0.994 -0.017 -0.025 0.108 0.972 0.004 0.124 0.201 0.665 -0.204 -0.710 0.358 -0.218 -0.909 0.187 0.012 -0.839 0.462 0.000 -0.673 0.323 -0.147 -0.415 0.172 -0.124 -0.502 -0.011 -0.003 -0.417 0.112 -0.083 -0.389 
0.995 0.003 -0.024 0.094 0.963 -0.009 0.142 0.230 0.663 -0.228 -0.703 0.369 -0.179 -0.909 0.269 -0.040 -0.829 0.415 -0.060 -0.689 0.320 -0.165 -0.411 0.158 -0.102 -0.511 0.170 -0.058 -0.377 0.075 -0.101 -0.394 
0.995 0.009 0.019 0.098 0.948 -0.006 0.186 0.259 0.649 -0.341 -0.683 0.384 -0.106 -0.916 0.408 -0.094 -0.755 0.376 -0.088 -0.723 0.358 -0.180 -0.371 0.181 -0.061 -0.509 0.246 -0.092 -0.325 0.079 -0.099 -0.393 
0.995 0.002 0.021 0.095 0.938 0.003 0.218 0.268 0.640 -0.368 -0.678 0.403 -0.132 -0.903 0.447 -0.109 -0.729 0.342 -0.094 -0.740 0.349 -0.200 -0.369 0.183 -0.077 -0.507 0.269 -0.103 -0.302 0.060 -0.096 -0.398 
0.996 -0.027 -0.005 0.083 0.931 0.017 0.238 0.278 0.632 -0.388 -0.671 0.412 -0.117 -0.897 0.351 -0.024 -0.805 0.267 -0.039 -0.792 0.365 -0.184 -0.363 0.172 -0.073 -0.511 0.182 -0.028 -0.374 0.043 -0.058 -0.407 
0.999 -0.009 0.003 0.054 0.916 0.031 0.220 0.333 0.568 -0.467 -0.681 0.289 -0.028 -0.951 0.287 -0.019 -0.832 0.225 -0.020 -0.817 0.327 -0.239 -0.367 0.106 -0.016 -0.533 0.134 -0.025 -0.394 0.016 -0.043 -0.411 
0.999 -0.007 -0.000 0.048 0.907 0.043 0.224 0.354 0.540 -0.494 -0.686 0.401 -0.042 -0.909 0.278 -0.008 -0.837 0.204 -0.030 -0.826 0.303 -0.263 -0.372 0.167 -0.025 -0.517 0.126 -0.022 -0.397 0.015 -0.046 -0.410 
0.999 -0.002 -0.013 0.044 0.900 0.041 0.231 0.368 0.524 -0.509 -0.687 0.440 -0.105 -0.884 0.262 0.009 -0.846 0.199 -0.024 -0.804 0.288 -0.276 -0.374 0.185 -0.064 -0.508 0.105 -0.018 -0.403 -0.028 -0.065 -0.407 
0.999 -0.015 -0.026 0.042 0.899 0.046 0.237 0.367 0.469 -0.324 -0.818 0.425 -0.181 -0.865 0.248 0.014 -0.866 0.182 -0.013 -0.837 0.220 -0.206 -0.456 0.142 -0.111 -0.514 0.100 -0.006 -0.405 -0.023 -0.042 -0.410 
0.999 -0.017 -0.028 0.041 0.899 0.045 0.245 0.362 0.493 -0.332 -0.802 0.433 -0.197 -0.858 0.257 0.019 -0.864 0.185 -0.015 -0.836 0.233 -0.211 -0.448 0.146 -0.122 -0.511 0.103 -0.005 -0.404 -0.021 -0.045 -0.410 
1.000 0.000 -0.013 0.005 0.858 0.060 0.219 0.462 0.357 -0.330 -0.859 0.301 0.040 -0.925 0.228 -0.013 -0.872 0.179 0.017 -0.857 0.117 -0.217 -0.488 0.058 0.044 -0.538 0.082 -0.012 -0.409 -0.007 -0.011 -0.413 
1.000 0.000 -0.013 0.005 0.858 0.060 0.220 0.461 0.360 -0.333 -0.857 0.302 0.044 -0.924 0.230 -0.012 -0.872 0.180 0.018 -0.856 0.119 -0.219 -0.487 0.059 0.046 -0.538 0.083 -0.011 -0.409 -0.007 -0.010 -0.413 
0.999 0.012 -0.017 -0.047 0.834 0.048 0.178 0.520 0.309 -0.286 -0.875 0.303 0.202 -0.903 0.168 0.011 -0.869 0.138 0.055 -0.851 0.051 -0.164 -0.520 0.066 0.147 -0.517 0.005 0.001 -0.417 -0.045 0.007 -0.410 
0.999 0.012 -0.017 -0.047 0.833 0.050 0.176 0.522 0.305 -0.289 -0.876 0.301 0.199 -0.904 0.165 0.009 -0.870 0.136 0.053 -0.852 0.049 -0.165 -0.520 0.065 0.146 -0.518 0.004 0.000 -0.417 -0.046 0.007 -0.410 
0.998 0.013 -0.029 -0.054 0.839 0.023 0.158 0.522 0.315 -0.213 -0.866 0.293 0.264 -0.874 0.125 0.022 -0.846 0.114 0.044 -0.829 0.021 -0.092 -0.538 0.033 0.171 -0.512 -0.071 0.016 -0.410 -0.094 0.001 -0.402 
0.998 0.014 -0.040 -0.047 0.846 0.000 0.140 0.515 0.302 -0.149 -0.877 0.279 0.260 -0.874 0.094 0.027 -0.828 0.094 0.025 -0.819 0.010 -0.043 -0.544 0.014 0.158 -0.518 -0.112 0.024 -0.401 -0.116 -0.006 -0.396 
0.997 0.015 -0.066 -0.044 0.897 -0.069 0.102 0.424 0.312 0.032 -0.891 0.178 0.292 -0.875 0.039 0.053 -0.787 0.032 0.038 -0.822 0.026 0.071 -0.539 -0.062 0.146 -0.518 -0.179 0.038 -0.374 -0.126 0.014 -0.393 
0.996 0.006 -0.068 -0.055 0.928 -0.082 0.092 0.351 0.330 0.050 -0.890 0.111 0.227 -0.909 0.025 0.004 -0.763 0.026 -0.007 -0.824 0.045 0.080 -0.537 -0.098 0.109 -0.522 -0.204 0.020 -0.363 -0.135 -0.005 -0.390 
0.996 0.007 -0.064 -0.054 0.947 -0.089 0.084 0.297 0.403 -0.033 -0.833 0.051 0.225 -0.913 -0.016 -0.016 -0.742 0.050 -0.017 -0.806 0.074 0.070 -0.535 -0.132 0.088 -0.519 -0.239 0.018 -0.341 -0.151 -0.016 -0.384 
0.996 0.007 -0.064 -0.055 0.947 -0.089 0.081 0.297 0.404 -0.041 -0.833 0.043 0.228 -0.912 -0.019 -0.018 -0.742 0.050 -0.019 -0.805 0.076 0.066 -0.535 -0.136 0.091 -0.517 -0.240 0.017 -0.340 -0.152 -0.016 -0.383 
0.997 0.015 -0.071 -0.037 0.957 -0.099 0.077 0.262 0.423 0.008 -0.827 0.022 0.193 -0.911 -0.003 -0.040 -0.749 0.077 -0.034 -0.817 0.081 0.069 -0.534 -0.167 0.098 -0.507 -0.233 -0.012 -0.346 -0.137 -0.025 -0.389 
0.997 0.015 -0.071 -0.037 0.957 -0.099 0.077 0.262 0.423 0.009 -0.828 0.021 0.193 -0.911 -0.003 -0.039 -0.749 0.076 -0.034 -0.817 0.080 0.070 -0.534 -0.167 0.098 -0.507 -0.233 -0.012 -0.346 -0.138 -0.025 -0.388 
0.997 0.017 -0.073 -0.033 0.958 -0.099 0.077 0.257 0.434 0.009 -0.824 0.040 0.177 -0.905 0.004 -0.040 -0.751 0.069 -0.039 -0.821 0.088 0.067 -0.533 -0.168 0.091 -0.508 -0.230 -0.015 -0.348 -0.138 -0.029 -0.388 
0.997 0.019 -0.074 -0.030 0.958 -0.099 0.080 0.255 0.442 0.010 -0.821 0.045 0.172 -0.902 0.007 -0.044 -0.752 0.068 -0.043 -0.822 0.094 0.065 -0.532 -0.169 0.089 -0.508 -0.228 -0.017 -0.349 -0.137 -0.033 -0.388 
0.997 0.019 -0.074 -0.030 0.959 -0.099 0.078 0.256 0.438 0.011 -0.823 0.041 0.174 -0.902 0.004 -0.043 -0.752 0.065 -0.042 -0.823 0.092 0.066 -0.533 -0.171 0.090 -0.508 -0.230 -0.016 -0.348 -0.138 -0.032 -0.388 
0.997 0.022 -0.077 -0.018 0.960 -0.101 0.083 0.246 0.454 0.025 -0.813 0.060 0.152 -0.896 0.012 -0.059 -0.757 0.079 -0.047 -0.828 0.098 0.064 -0.532 -0.170 0.082 -0.509 -0.225 -0.026 -0.350 -0.131 -0.041 -0.390 
0.997 0.022 -0.077 -0.018 0.960 -0.100 0.085 0.247 0.457 0.020 -0.811 0.063 0.148 -0.896 0.014 -0.063 -0.756 0.082 -0.051 -0.827 0.100 0.062 -0.532 -0.168 0.081 -0.510 -0.224 -0.027 -0.351 -0.129 -0.043 -0.390 
0.997 0.022 -0.077 -0.018 0.960 -0.099 0.081 0.247 0.451 0.022 -0.815 0.056 0.150 -0.897 0.008 -0.061 -0.756 0.075 -0.049 -0.828 0.096 0.063 -0.532 -0.172 0.082 -0.508 -0.227 -0.026 -0.349 -0.132 -0.042 -0.389 
0.997 0.022 -0.077 -0.018 0.961 -0.100 0.082 0.247 0.452 0.024 -0.814 0.057 0.151 -0.897 0.009 -0.060 -0.757 0.076 -0.047 -0.828 0.097 0.064 -0.532 -0.172 0.083 -0.509 -0.227 -0.026 -0.349 -0.132 -0.041 -0.389 
0.997 0.022 -0.077 -0.018 0.960 -0.100 0.083 0.247 0.454 0.022 -0.813 0.060 0.150 -0.897 0.012 -0.061 -0.757 0.079 -0.049 -0.827 0.099 0.063 -0.532 -0.170 0.082 -0.509 -0.225 -0.026 -0.350 -0.131 -0.042 -0.390 
0.997 0.035 -0.066 -0.032 0.945 -0.124 0.067 0.295 0.412 0.070 -0.818 0.145 0.234 -0.873 0.029 -0.063 -0.768 0.097 -0.032 -0.837 0.059 0.098 -0.532 -0.115 0.152 -0.507 -0.220 -0.036 -0.353 -0.121 -0.035 -0.394 
0.997 0.035 -0.066 -0.033 0.945 -0.120 0.063 0.298 0.403 0.066 -0.823 0.136 0.231 -0.876 0.020 -0.066 -0.768 0.088 -0.035 -0.838 0.054 0.097 -0.533 -0.119 0.152 -0.507 -0.224 -0.036 -0.350 -0.125 -0.035 -0.392 
0.997 0.036 -0.065 -0.030 0.944 -0.124 0.065 0.297 0.399 0.083 -0.825 0.135 0.246 -0.872 0.027 -0.063 -0.767 0.096 -0.030 -0.837 0.052 0.104 -0.532 -0.120 0.158 -0.505 -0.221 -0.036 -0.352 -0.121 -0.033 -0.393 
0.997 0.036 -0.065 -0.030 0.944 -0.121 0.065 0.300 0.397 0.076 -0.827 0.133 0.240 -0.874 0.025 -0.067 -0.767 0.093 -0.035 -0.837 0.051 0.100 -0.532 -0.121 0.155 -0.505 -0.222 -0.037 -0.351 -0.123 -0.035 -0.393 
0.997 0.038 -0.063 -0.025 0.942 -0.125 0.063 0.306 0.360 0.118 -0.842 0.101 0.262 -0.874 0.027 -0.069 -0.764 0.099 -0.032 -0.834 0.029 0.118 -0.530 -0.137 0.166 -0.498 -0.222 -0.037 -0.351 -0.120 -0.032 -0.394 
0.997 0.038 -0.063 -0.026 0.942 -0.126 0.065 0.305 0.358 0.120 -0.842 0.104 0.262 -0.873 0.031 -0.070 -0.764 0.103 -0.032 -0.834 0.027 0.119 -0.530 -0.135 0.166 -0.498 -0.220 -0.037 -0.353 -0.118 -0.033 -0.394 
0.990 -0.015 -0.041 -0.133 0.874 -0.004 0.150 0.462 0.549 -0.133 -0.766 0.285 -0.041 -0.946 0.173 -0.025 -0.896 0.195 0.037 -0.899 0.182 -0.038 -0.513 0.101 0.027 -0.533 0.007 0.002 -0.417 0.027 0.015 -0.411 
0.994 0.021 -0.021 -0.107 0.951 0.006 0.220 0.219 0.647 -0.030 -0.478 0.455 -0.109 -0.806 0.312 -0.033 -0.799 0.369 -0.161 -0.838 0.213 0.104 -0.490 0.149 0.069 -0.518 -0.041 0.044 -0.412 0.051 -0.066 -0.404 
