1.000 -0.003 -0.015 -0.014 0.999 -0.006 -0.003 -0.031 0.061 -0.295 -0.946 0.049 0.257 -0.963 0.132 -0.062 -0.855 0.103 0.115 -0.837 -0.024 -0.179 -0.514 -0.005 0.153 -0.522 0.115 -0.051 -0.398 0.103 0.063 -0.395 
1.000 -0.002 -0.013 -0.009 1.000 -0.005 -0.002 -0.028 0.057 -0.299 -0.943 0.062 0.261 -0.961 0.126 -0.060 -0.856 0.109 0.112 -0.834 -0.031 -0.184 -0.512 0.003 0.155 -0.521 0.116 -0.052 -0.397 0.105 0.062 -0.394 
1.000 -0.002 -0.013 -0.009 1.000 -0.005 -0.003 -0.028 0.055 -0.299 -0.943 0.060 0.261 -0.961 0.125 -0.060 -0.856 0.108 0.112 -0.834 -0.032 -0.184 -0.512 0.001 0.155 -0.521 0.116 -0.052 -0.397 0.104 0.062 -0.394 
1.000 -0.003 -0.011 -0.006 1.000 -0.006 0.001 -0.027 0.080 -0.291 -0.944 0.056 0.254 -0.963 0.129 -0.058 -0.856 0.112 0.112 -0.835 -0.019 -0.181 -0.514 -0.001 0.151 -0.522 0.118 -0.051 -0.397 0.106 0.062 -0.394 
1.000 -0.004 -0.015 -0.003 0.999 -0.005 0.005 -0.032 0.103 -0.273 -0.944 0.125 0.216 -0.958 0.132 -0.062 -0.861 0.116 0.111 -0.843 -0.014 -0.175 -0.516 0.002 0.142 -0.525 0.118 -0.049 -0.397 0.098 0.064 -0.396 
1.000 -0.004 -0.015 -0.003 0.999 -0.007 0.003 -0.033 0.101 -0.268 -0.946 0.120 0.218 -0.958 0.129 -0.058 -0.861 0.113 0.115 -0.843 -0.015 -0.173 -0.516 -0.001 0.143 -0.525 0.117 -0.047 -0.397 0.097 0.065 -0.396 
1.000 -0.004 -0.015 -0.003 0.999 -0.007 0.000 -0.033 0.096 -0.269 -0.946 0.115 0.216 -0.959 0.124 -0.059 -0.862 0.108 0.114 -0.843 -0.018 -0.173 -0.516 -0.004 0.142 -0.525 0.115 -0.048 -0.398 0.095 0.065 -0.396 
1.000 -0.004 -0.014 -0.003 0.999 -0.007 0.002 -0.033 0.097 -0.267 -0.947 0.113 0.209 -0.961 0.123 -0.059 -0.863 0.115 0.113 -0.843 -0.017 -0.173 -0.517 -0.005 0.138 -0.526 0.115 -0.048 -0.398 0.097 0.064 -0.396 
1.000 -0.004 -0.014 -0.003 0.999 -0.006 0.005 -0.032 0.103 -0.269 -0.945 0.120 0.207 -0.961 0.129 -0.061 -0.861 0.121 0.111 -0.842 -0.014 -0.174 -0.516 -0.001 0.137 -0.526 0.118 -0.049 -0.397 0.100 0.063 -0.395 
1.000 -0.008 -0.016 0.001 0.999 -0.005 0.009 -0.039 0.097 -0.260 -0.950 0.120 0.220 -0.959 0.128 -0.062 -0.861 0.124 0.108 -0.843 -0.012 -0.169 -0.518 0.003 0.143 -0.525 0.118 -0.048 -0.397 0.104 0.059 -0.395 
1.000 -0.008 -0.016 0.001 0.999 -0.004 0.011 -0.039 0.101 -0.260 -0.949 0.124 0.220 -0.959 0.132 -0.062 -0.861 0.127 0.108 -0.843 -0.010 -0.169 -0.518 0.005 0.142 -0.525 0.120 -0.049 -0.396 0.106 0.058 -0.395 
1.000 -0.008 -0.016 0.001 0.999 -0.004 0.010 -0.039 0.099 -0.261 -0.949 0.123 0.220 -0.959 0.131 -0.063 -0.861 0.126 0.107 -0.843 -0.011 -0.169 -0.518 0.004 0.142 -0.525 0.119 -0.049 -0.397 0.105 0.058 -0.395 
1.000 -0.008 -0.015 0.002 0.999 -0.004 0.009 -0.039 0.105 -0.260 -0.949 0.120 0.220 -0.959 0.129 -0.062 -0.861 0.124 0.107 -0.843 -0.008 -0.169 -0.518 0.003 0.142 -0.525 0.118 -0.049 -0.397 0.104 0.058 -0.395 
1.000 -0.006 -0.017 0.014 0.999 -0.007 0.009 -0.034 0.108 -0.258 -0.953 0.108 0.231 -0.958 0.127 -0.058 -0.860 0.116 0.111 -0.844 0.008 -0.165 -0.519 -0.003 0.146 -0.524 0.114 -0.047 -0.398 0.105 0.060 -0.395 
0.999 0.004 -0.012 0.034 1.000 -0.010 0.005 -0.020 0.097 -0.250 -0.953 0.083 0.260 -0.952 0.116 -0.052 -0.864 0.105 0.113 -0.850 -0.011 -0.167 -0.519 -0.022 0.161 -0.519 0.103 -0.046 -0.402 0.102 0.060 -0.395 
0.999 0.009 -0.019 0.049 1.000 -0.012 0.011 -0.010 0.138 -0.243 -0.950 0.058 0.299 -0.942 0.107 -0.053 -0.866 0.114 0.114 -0.845 0.014 -0.164 -0.520 -0.036 0.180 -0.512 0.101 -0.043 -0.402 0.108 0.059 -0.394 
0.998 0.010 -0.018 0.056 1.000 -0.014 0.011 -0.008 0.157 -0.234 -0.950 0.044 0.308 -0.939 0.104 -0.051 -0.867 0.120 0.114 -0.844 0.027 -0.160 -0.520 -0.047 0.184 -0.509 0.099 -0.041 -0.403 0.108 0.061 -0.394 
0.998 0.014 -0.015 0.054 1.000 -0.015 0.006 0.014 0.172 -0.235 -0.944 0.031 0.329 -0.930 0.088 -0.043 -0.868 0.114 0.119 -0.848 0.026 -0.163 -0.520 -0.061 0.199 -0.502 0.088 -0.035 -0.406 0.107 0.063 -0.394 
0.997 0.012 -0.019 0.076 0.999 -0.017 0.008 0.031 0.219 -0.216 -0.941 0.001 0.347 -0.920 0.090 -0.046 -0.868 0.126 0.120 -0.848 0.058 -0.153 -0.520 -0.088 0.204 -0.496 0.080 -0.032 -0.408 0.104 0.064 -0.394 
0.994 0.018 -0.019 0.106 0.998 -0.019 0.008 0.060 0.240 -0.226 -0.938 -0.031 0.368 -0.911 0.078 -0.037 -0.869 0.126 0.124 -0.847 0.083 -0.155 -0.516 -0.105 0.207 -0.491 0.072 -0.028 -0.410 0.107 0.064 -0.393 
0.992 0.021 -0.019 0.120 0.997 -0.017 0.006 0.072 0.254 -0.230 -0.935 -0.042 0.387 -0.903 0.072 -0.043 -0.865 0.136 0.119 -0.843 0.097 -0.155 -0.514 -0.110 0.214 -0.487 0.066 -0.029 -0.411 0.110 0.066 -0.392 
0.990 0.025 -0.021 0.136 0.997 -0.017 0.007 0.081 0.270 -0.222 -0.933 -0.054 0.392 -0.898 0.072 -0.047 -0.863 0.138 0.119 -0.840 0.112 -0.148 -0.513 -0.122 0.213 -0.485 0.065 -0.028 -0.411 0.107 0.068 -0.392 
0.988 0.018 -0.024 0.152 0.992 -0.010 0.006 0.122 0.287 -0.228 -0.926 -0.078 0.387 -0.893 0.053 -0.061 -0.867 0.141 0.104 -0.846 0.122 -0.155 -0.509 -0.147 0.203 -0.482 0.054 -0.030 -0.413 0.109 0.057 -0.394 
0.988 0.001 -0.015 0.152 0.982 0.008 0.004 0.187 0.284 -0.261 -0.922 -0.241 0.425 -0.867 0.008 -0.087 -0.859 0.146 0.052 -0.848 0.128 -0.164 -0.505 -0.164 0.225 -0.465 0.027 -0.048 -0.414 0.115 0.033 -0.395 
0.986 0.005 -0.012 0.167 0.982 0.007 0.001 0.187 0.307 -0.269 -0.912 -0.263 0.435 -0.854 0.003 -0.084 -0.861 0.140 0.055 -0.850 0.144 -0.167 -0.500 -0.188 0.226 -0.456 0.024 -0.046 -0.414 0.110 0.035 -0.396 
0.986 0.005 -0.012 0.167 0.982 0.007 0.001 0.187 0.307 -0.269 -0.912 -0.263 0.435 -0.854 0.003 -0.084 -0.861 0.140 0.055 -0.850 0.144 -0.167 -0.500 -0.188 0.226 -0.456 0.024 -0.046 -0.414 0.110 0.035 -0.396 
0.983 0.010 -0.012 0.182 0.979 0.003 0.004 0.203 0.314 -0.262 -0.912 -0.234 0.453 -0.846 -0.000 -0.080 -0.865 0.156 0.057 -0.845 0.146 -0.166 -0.500 -0.193 0.227 -0.453 0.022 -0.041 -0.415 0.109 0.038 -0.396 
0.980 0.010 -0.008 0.199 0.975 0.007 0.006 0.224 0.284 -0.264 -0.923 -0.280 0.450 -0.838 -0.006 -0.085 -0.863 0.162 0.044 -0.845 0.136 -0.162 -0.504 -0.195 0.230 -0.450 0.017 -0.044 -0.415 0.112 0.033 -0.395 
0.972 0.008 -0.016 0.235 0.963 0.006 -0.001 0.269 0.299 -0.201 -0.924 -0.204 0.352 -0.869 -0.027 -0.064 -0.886 0.159 0.043 -0.864 0.122 -0.166 -0.506 -0.237 0.142 -0.467 0.009 -0.028 -0.416 0.104 0.028 -0.398 
0.970 0.003 -0.019 0.240 0.961 0.009 0.003 0.277 0.317 -0.202 -0.919 -0.165 0.347 -0.877 -0.024 -0.070 -0.888 0.172 0.034 -0.860 0.135 -0.165 -0.504 -0.216 0.135 -0.479 0.008 -0.029 -0.416 0.106 0.025 -0.398 
0.971 0.007 -0.019 0.240 0.957 0.007 -0.000 0.289 0.298 -0.185 -0.927 -0.138 0.357 -0.893 -0.034 -0.065 -0.891 0.170 0.035 -0.861 0.118 -0.160 -0.510 -0.178 0.157 -0.488 0.001 -0.027 -0.416 0.103 0.026 -0.398 
0.969 0.009 -0.028 0.245 0.952 0.007 -0.004 0.307 0.274 -0.127 -0.940 -0.077 0.335 -0.908 -0.051 -0.060 -0.897 0.164 0.038 -0.866 0.099 -0.135 -0.520 -0.149 0.146 -0.501 -0.009 -0.026 -0.416 0.097 0.023 -0.400 
0.959 0.011 -0.029 0.282 0.966 0.004 0.014 0.258 0.342 -0.058 -0.929 -0.026 0.222 -0.922 -0.001 -0.071 -0.901 0.197 0.047 -0.863 0.161 -0.090 -0.514 -0.157 0.064 -0.516 0.040 -0.033 -0.414 0.115 0.023 -0.395 
0.954 0.019 -0.026 0.299 0.960 0.005 0.010 0.280 0.341 -0.043 -0.932 0.004 0.207 -0.935 -0.003 -0.066 -0.900 0.207 0.038 -0.864 0.165 -0.079 -0.514 -0.126 0.057 -0.525 0.042 -0.029 -0.414 0.121 0.024 -0.394 
0.954 0.019 -0.027 0.300 0.960 0.005 0.012 0.280 0.343 -0.042 -0.931 0.015 0.209 -0.934 -0.000 -0.069 -0.900 0.210 0.035 -0.863 0.166 -0.079 -0.514 -0.120 0.058 -0.527 0.043 -0.031 -0.414 0.122 0.023 -0.393 
0.954 0.018 -0.024 0.297 0.946 0.008 0.012 0.325 0.327 -0.003 -0.939 0.084 0.269 -0.942 -0.008 -0.075 -0.897 0.228 0.006 -0.852 0.160 -0.049 -0.520 -0.030 0.117 -0.529 0.035 -0.034 -0.415 0.135 0.009 -0.390 
0.942 0.018 -0.010 0.334 0.943 0.013 0.011 0.333 0.391 -0.053 -0.918 0.070 0.384 -0.893 0.005 -0.093 -0.888 0.229 -0.000 -0.850 0.207 -0.054 -0.502 -0.049 0.162 -0.515 0.035 -0.039 -0.414 0.129 0.009 -0.392 
0.936 0.021 -0.009 0.350 0.941 0.012 0.011 0.338 0.395 -0.042 -0.918 0.011 0.400 -0.890 0.003 -0.090 -0.884 0.227 -0.001 -0.848 0.212 -0.037 -0.501 -0.073 0.169 -0.509 0.032 -0.036 -0.415 0.129 0.011 -0.391 
0.927 0.020 -0.005 0.374 0.940 0.014 0.009 0.341 0.384 -0.009 -0.922 -0.013 0.498 -0.807 -0.001 -0.089 -0.884 0.222 0.011 -0.853 0.206 -0.026 -0.504 -0.124 0.190 -0.492 0.031 -0.029 -0.415 0.129 0.018 -0.391 
0.927 0.020 -0.005 0.374 0.940 0.013 0.011 0.340 0.386 -0.005 -0.921 -0.012 0.498 -0.807 0.002 -0.089 -0.885 0.225 0.011 -0.852 0.207 -0.025 -0.504 -0.123 0.190 -0.492 0.033 -0.029 -0.415 0.131 0.018 -0.391 
0.927 0.020 -0.005 0.374 0.940 0.012 0.011 0.339 0.387 -0.002 -0.921 -0.012 0.500 -0.806 0.003 -0.087 -0.885 0.226 0.014 -0.852 0.208 -0.023 -0.504 -0.123 0.191 -0.492 0.033 -0.028 -0.415 0.131 0.019 -0.391 
0.966 0.003 -0.046 0.253 0.871 0.009 0.049 0.489 0.473 -0.102 -0.875 0.149 0.494 -0.823 0.040 -0.120 -0.850 0.351 -0.001 -0.758 0.243 -0.084 -0.483 -0.006 0.238 -0.484 0.056 -0.053 -0.411 0.200 0.011 -0.360 
0.967 0.004 -0.045 0.252 0.865 0.011 0.051 0.500 0.470 -0.112 -0.875 0.124 0.493 -0.827 0.038 -0.128 -0.851 0.351 0.025 -0.759 0.242 -0.088 -0.482 -0.024 0.236 -0.485 0.058 -0.056 -0.410 0.195 0.025 -0.362 
0.966 0.005 -0.045 0.254 0.864 0.011 0.052 0.501 0.470 -0.108 -0.876 0.122 0.496 -0.826 0.037 -0.130 -0.851 0.351 0.025 -0.759 0.242 -0.085 -0.482 -0.025 0.237 -0.484 0.058 -0.056 -0.410 0.195 0.025 -0.362 
0.966 0.005 -0.045 0.254 0.865 0.010 0.052 0.500 0.472 -0.105 -0.875 0.123 0.498 -0.825 0.040 -0.127 -0.851 0.353 0.028 -0.758 0.244 -0.084 -0.482 -0.024 0.238 -0.484 0.059 -0.055 -0.410 0.196 0.026 -0.362 
0.966 0.005 -0.045 0.254 0.864 0.012 0.051 0.501 0.469 -0.108 -0.877 0.121 0.495 -0.826 0.036 -0.130 -0.851 0.350 0.025 -0.759 0.241 -0.086 -0.483 -0.025 0.237 -0.485 0.057 -0.057 -0.410 0.194 0.024 -0.363 
0.966 0.005 -0.043 0.255 0.860 0.016 0.053 0.508 0.462 -0.105 -0.880 0.138 0.520 -0.812 0.027 -0.132 -0.855 0.345 0.028 -0.762 0.240 -0.081 -0.484 -0.012 0.253 -0.477 0.054 -0.060 -0.410 0.193 0.026 -0.363 
0.968 0.007 -0.039 0.247 0.853 0.020 0.056 0.518 0.468 -0.113 -0.876 0.141 0.538 -0.799 0.024 -0.141 -0.854 0.346 0.030 -0.762 0.241 -0.089 -0.483 -0.012 0.266 -0.470 0.055 -0.069 -0.409 0.196 0.027 -0.362 
0.968 0.006 -0.033 0.247 0.847 0.030 0.061 0.528 0.460 -0.142 -0.877 0.128 0.540 -0.804 0.019 -0.158 -0.851 0.343 0.036 -0.766 0.239 -0.102 -0.481 -0.013 0.272 -0.467 0.059 -0.081 -0.406 0.198 0.031 -0.360 
0.971 0.004 -0.031 0.237 0.840 0.033 0.064 0.539 0.452 -0.179 -0.875 0.132 0.543 -0.803 0.018 -0.165 -0.851 0.338 0.038 -0.768 0.233 -0.122 -0.479 -0.007 0.277 -0.464 0.060 -0.087 -0.405 0.196 0.030 -0.361 
0.942 0.013 -0.010 0.336 0.905 0.036 0.036 0.423 0.435 -0.058 -0.899 -0.047 0.560 -0.793 -0.003 -0.144 -0.871 0.270 -0.069 -0.825 0.235 -0.043 -0.491 -0.108 0.256 -0.464 0.046 -0.066 -0.410 0.151 -0.037 -0.383 
0.943 0.020 -0.007 0.332 0.937 0.021 0.024 0.349 0.443 0.034 -0.895 -0.022 0.490 -0.827 0.004 -0.104 -0.885 0.234 -0.013 -0.853 0.239 0.006 -0.490 -0.119 0.207 -0.485 0.047 -0.043 -0.413 0.143 0.005 -0.387 
0.952 0.015 -0.011 0.307 0.942 0.017 0.022 0.333 0.445 0.052 -0.893 -0.015 0.400 -0.884 0.002 -0.094 -0.890 0.226 -0.004 -0.856 0.241 0.020 -0.489 -0.106 0.169 -0.504 0.047 -0.042 -0.413 0.138 0.013 -0.389 
0.959 0.014 -0.017 0.282 0.960 0.010 0.010 0.279 0.424 -0.027 -0.905 -0.063 0.279 -0.934 -0.003 -0.087 -0.887 0.191 0.027 -0.854 0.237 0.001 -0.491 -0.126 0.111 -0.516 0.040 -0.042 -0.413 0.115 0.030 -0.395 
0.961 0.006 -0.024 0.276 0.964 0.009 0.015 0.264 0.424 -0.002 -0.905 -0.042 0.229 -0.949 0.009 -0.084 -0.888 0.199 0.030 -0.853 0.234 0.006 -0.492 -0.117 0.086 -0.523 0.051 -0.043 -0.412 0.121 0.030 -0.393 
0.967 -0.013 -0.032 0.253 0.972 0.009 0.019 0.233 0.428 -0.001 -0.904 -0.007 0.169 -0.950 0.012 -0.072 -0.898 0.189 0.055 -0.864 0.234 0.000 -0.493 -0.124 0.049 -0.527 0.050 -0.030 -0.413 0.110 0.043 -0.395 
0.967 -0.014 -0.042 0.249 0.976 0.003 0.016 0.219 0.398 -0.033 -0.911 0.119 0.128 -0.940 -0.004 -0.050 -0.910 0.175 0.077 -0.869 0.196 -0.066 -0.505 -0.068 0.021 -0.539 0.038 -0.023 -0.415 0.103 0.048 -0.396 
0.974 -0.012 -0.037 0.222 0.983 0.003 0.005 0.181 0.358 -0.042 -0.928 0.363 0.017 -0.903 -0.028 -0.029 -0.930 0.125 0.099 -0.888 0.176 -0.068 -0.512 0.101 -0.034 -0.533 0.031 -0.026 -0.415 0.085 0.048 -0.401 
0.976 -0.001 -0.027 0.215 0.988 0.005 0.002 0.156 0.366 -0.070 -0.922 0.348 0.049 -0.912 -0.021 -0.042 -0.926 0.120 0.094 -0.889 0.177 -0.086 -0.509 0.099 -0.007 -0.535 0.038 -0.036 -0.414 0.085 0.046 -0.401 
0.986 -0.000 -0.015 0.166 0.994 -0.005 -0.001 0.112 0.371 -0.154 -0.912 -0.110 0.267 -0.931 0.014 -0.039 -0.890 0.119 0.109 -0.864 0.172 -0.118 -0.504 -0.169 0.135 -0.498 0.053 -0.034 -0.412 0.096 0.060 -0.397 
0.989 -0.002 -0.016 0.146 0.994 -0.007 0.002 0.106 0.364 -0.148 -0.914 -0.080 0.293 -0.931 0.028 -0.035 -0.885 0.127 0.117 -0.864 0.161 -0.118 -0.508 -0.141 0.155 -0.501 0.060 -0.033 -0.412 0.102 0.066 -0.394 
0.993 -0.004 -0.020 0.119 0.996 -0.005 0.005 0.083 0.332 -0.188 -0.919 -0.024 0.331 -0.924 0.050 -0.047 -0.874 0.138 0.112 -0.855 0.141 -0.135 -0.509 -0.106 0.180 -0.501 0.070 -0.033 -0.410 0.094 0.067 -0.396 
0.993 -0.003 -0.020 0.119 0.996 -0.004 0.002 0.084 0.327 -0.189 -0.920 -0.028 0.330 -0.924 0.046 -0.048 -0.874 0.134 0.111 -0.856 0.139 -0.136 -0.510 -0.108 0.179 -0.501 0.068 -0.034 -0.410 0.092 0.066 -0.397 
0.994 0.007 -0.023 0.102 0.999 -0.016 0.007 0.047 0.302 -0.177 -0.927 0.101 0.329 -0.917 0.059 -0.015 -0.883 0.130 0.149 -0.852 0.110 -0.135 -0.517 -0.044 0.191 -0.507 0.081 -0.011 -0.409 0.084 0.085 -0.395 
0.995 0.004 -0.026 0.095 0.999 -0.015 0.009 0.038 0.295 -0.173 -0.929 0.134 0.328 -0.914 0.075 -0.016 -0.878 0.129 0.154 -0.854 0.103 -0.132 -0.519 -0.023 0.191 -0.508 0.084 -0.011 -0.408 0.082 0.088 -0.394 
0.996 -0.001 -0.025 0.083 0.999 -0.015 0.005 0.031 0.284 -0.174 -0.930 0.151 0.317 -0.913 0.064 -0.014 -0.882 0.122 0.158 -0.855 0.090 -0.134 -0.521 -0.018 0.188 -0.510 0.084 -0.012 -0.408 0.074 0.089 -0.396 
0.997 0.002 -0.023 0.069 1.000 -0.015 0.007 0.021 0.245 -0.173 -0.938 0.201 0.298 -0.916 0.083 -0.017 -0.881 0.125 0.159 -0.858 0.058 -0.135 -0.525 0.023 0.181 -0.512 0.088 -0.011 -0.408 0.068 0.090 -0.397 
0.998 0.003 -0.024 0.055 1.000 -0.013 0.004 0.001 0.248 -0.180 -0.938 0.218 0.272 -0.921 0.084 -0.017 -0.882 0.111 0.159 -0.863 0.064 -0.135 -0.524 0.036 0.170 -0.515 0.091 -0.010 -0.407 0.060 0.089 -0.398 
0.998 0.003 -0.024 0.055 1.000 -0.013 0.004 0.000 0.247 -0.179 -0.938 0.220 0.273 -0.920 0.084 -0.016 -0.882 0.111 0.160 -0.863 0.063 -0.134 -0.525 0.037 0.170 -0.515 0.091 -0.009 -0.407 0.060 0.089 -0.398 
0.999 0.005 -0.025 0.041 0.999 -0.010 0.002 -0.032 0.281 -0.200 -0.926 0.210 0.266 -0.914 0.095 -0.018 -0.883 0.102 0.159 -0.865 0.085 -0.142 -0.519 0.008 0.174 -0.515 0.095 -0.007 -0.406 0.049 0.087 -0.400 
0.999 0.002 -0.022 0.041 0.999 -0.009 0.003 -0.038 0.280 -0.204 -0.926 0.220 0.258 -0.917 0.094 -0.020 -0.885 0.103 0.155 -0.864 0.087 -0.144 -0.518 0.020 0.168 -0.517 0.099 -0.008 -0.405 0.048 0.086 -0.401 
0.999 0.002 -0.022 0.041 0.999 -0.007 0.004 -0.037 0.280 -0.208 -0.925 0.222 0.255 -0.918 0.096 -0.023 -0.885 0.104 0.153 -0.865 0.087 -0.146 -0.518 0.021 0.167 -0.517 0.100 -0.009 -0.405 0.049 0.085 -0.401 
0.999 -0.001 -0.023 0.044 0.999 -0.003 0.005 -0.052 0.285 -0.214 -0.923 0.228 0.241 -0.918 0.115 -0.030 -0.882 0.102 0.148 -0.866 0.095 -0.150 -0.515 0.020 0.158 -0.520 0.101 -0.015 -0.404 0.052 0.079 -0.402 
0.999 -0.001 -0.023 0.044 0.999 -0.002 0.007 -0.052 0.288 -0.216 -0.922 0.231 0.240 -0.917 0.118 -0.031 -0.882 0.105 0.147 -0.866 0.096 -0.151 -0.515 0.021 0.157 -0.520 0.102 -0.016 -0.404 0.053 0.079 -0.402 
0.999 -0.001 -0.023 0.044 0.999 -0.002 0.003 -0.052 0.281 -0.217 -0.924 0.224 0.239 -0.919 0.111 -0.033 -0.883 0.098 0.146 -0.867 0.093 -0.151 -0.515 0.018 0.156 -0.521 0.099 -0.016 -0.405 0.050 0.078 -0.402 
0.999 -0.001 -0.023 0.044 0.999 -0.003 0.006 -0.052 0.286 -0.215 -0.923 0.229 0.240 -0.918 0.116 -0.031 -0.882 0.103 0.147 -0.866 0.096 -0.151 -0.515 0.021 0.157 -0.520 0.102 -0.016 -0.404 0.052 0.079 -0.402 
0.999 0.001 -0.022 0.050 0.999 -0.003 0.005 -0.053 0.300 -0.208 -0.921 0.183 0.252 -0.926 0.117 -0.030 -0.882 0.102 0.147 -0.867 0.105 -0.147 -0.514 -0.004 0.161 -0.520 0.100 -0.016 -0.404 0.053 0.079 -0.402 
0.998 0.001 -0.022 0.051 0.999 -0.001 0.005 -0.052 0.301 -0.210 -0.919 0.181 0.250 -0.927 0.119 -0.033 -0.882 0.103 0.144 -0.867 0.106 -0.148 -0.514 -0.005 0.159 -0.520 0.101 -0.017 -0.404 0.053 0.078 -0.402 
0.998 0.001 -0.021 0.051 0.999 -0.003 0.004 -0.053 0.301 -0.205 -0.921 0.173 0.254 -0.928 0.117 -0.030 -0.882 0.102 0.146 -0.866 0.106 -0.145 -0.514 -0.009 0.161 -0.520 0.100 -0.016 -0.405 0.053 0.079 -0.402 
0.998 0.001 -0.021 0.052 0.999 -0.002 0.004 -0.052 0.301 -0.206 -0.921 0.170 0.253 -0.929 0.116 -0.031 -0.882 0.102 0.146 -0.867 0.106 -0.146 -0.514 -0.011 0.160 -0.520 0.100 -0.016 -0.405 0.053 0.079 -0.402 
0.998 0.005 -0.022 0.055 0.999 0.002 0.007 -0.040 0.303 -0.200 -0.922 0.124 0.267 -0.939 0.128 -0.051 -0.872 0.117 0.125 -0.863 0.109 -0.141 -0.515 -0.021 0.165 -0.518 0.102 -0.038 -0.402 0.075 0.064 -0.401 
0.998 0.005 -0.022 0.055 0.999 0.002 0.006 -0.040 0.301 -0.198 -0.923 0.122 0.267 -0.939 0.126 -0.051 -0.872 0.115 0.125 -0.863 0.108 -0.140 -0.515 -0.022 0.165 -0.518 0.101 -0.038 -0.403 0.074 0.064 -0.401 
0.998 0.005 -0.022 0.055 0.999 0.003 0.007 -0.040 0.304 -0.199 -0.922 0.125 0.266 -0.939 0.128 -0.051 -0.872 0.117 0.125 -0.863 0.109 -0.141 -0.515 -0.020 0.165 -0.518 0.102 -0.038 -0.402 0.075 0.064 -0.401 
0.998 0.008 -0.024 0.064 0.999 0.003 0.008 -0.044 0.295 -0.196 -0.926 0.120 0.267 -0.937 0.132 -0.053 -0.869 0.112 0.124 -0.862 0.108 -0.137 -0.516 -0.028 0.163 -0.518 0.100 -0.037 -0.403 0.071 0.063 -0.402 
0.998 0.007 -0.024 0.057 0.999 0.001 0.008 -0.043 0.295 -0.195 -0.927 0.115 0.273 -0.938 0.135 -0.048 -0.869 0.113 0.127 -0.861 0.108 -0.136 -0.517 -0.027 0.167 -0.517 0.101 -0.036 -0.403 0.073 0.063 -0.401 
0.998 0.007 -0.027 0.056 0.999 0.000 0.011 -0.042 0.304 -0.183 -0.925 0.133 0.274 -0.934 0.144 -0.048 -0.865 0.122 0.128 -0.861 0.110 -0.132 -0.517 -0.020 0.168 -0.517 0.103 -0.035 -0.402 0.078 0.063 -0.400 
0.998 0.007 -0.027 0.055 0.999 0.001 0.011 -0.041 0.303 -0.187 -0.925 0.133 0.271 -0.934 0.144 -0.050 -0.865 0.121 0.125 -0.862 0.109 -0.134 -0.517 -0.020 0.167 -0.517 0.103 -0.037 -0.402 0.077 0.061 -0.401 
0.998 0.005 -0.026 0.061 0.999 0.002 0.008 -0.048 0.301 -0.186 -0.926 0.145 0.268 -0.932 0.137 -0.054 -0.868 0.113 0.124 -0.863 0.110 -0.133 -0.517 -0.018 0.164 -0.518 0.098 -0.037 -0.404 0.071 0.062 -0.402 
0.997 0.007 -0.024 0.066 0.999 0.003 0.006 -0.048 0.288 -0.191 -0.928 0.151 0.265 -0.930 0.131 -0.057 -0.872 0.106 0.122 -0.866 0.100 -0.139 -0.517 -0.019 0.163 -0.519 0.096 -0.040 -0.404 0.067 0.060 -0.403 
0.998 0.008 -0.025 0.064 0.999 -0.001 0.009 -0.051 0.294 -0.182 -0.928 0.169 0.281 -0.922 0.139 -0.041 -0.869 0.104 0.130 -0.865 0.104 -0.133 -0.518 -0.009 0.171 -0.516 0.100 -0.035 -0.403 0.072 0.064 -0.401 
0.998 0.005 -0.029 0.060 0.999 0.001 0.011 -0.047 0.302 -0.188 -0.925 0.176 0.273 -0.923 0.131 -0.048 -0.871 0.112 0.127 -0.861 0.109 -0.135 -0.517 -0.004 0.168 -0.517 0.100 -0.036 -0.403 0.074 0.062 -0.401 
0.998 0.006 -0.026 0.059 0.999 -0.001 0.008 -0.048 0.292 -0.180 -0.930 0.173 0.274 -0.924 0.133 -0.042 -0.871 0.108 0.130 -0.863 0.104 -0.130 -0.519 -0.005 0.168 -0.517 0.096 -0.035 -0.404 0.069 0.064 -0.402 
0.998 0.003 -0.029 0.051 0.999 -0.000 0.008 -0.034 0.284 -0.182 -0.931 0.186 0.270 -0.925 0.126 -0.049 -0.872 0.108 0.126 -0.862 0.096 -0.132 -0.520 0.009 0.168 -0.517 0.098 -0.037 -0.404 0.080 0.062 -0.400 
0.998 0.003 -0.028 0.059 0.999 0.000 0.013 -0.038 0.291 -0.179 -0.929 0.208 0.268 -0.915 0.132 -0.047 -0.873 0.121 0.125 -0.861 0.102 -0.133 -0.519 0.007 0.168 -0.517 0.106 -0.037 -0.402 0.084 0.061 -0.399 
0.997 0.009 -0.026 0.070 0.999 -0.002 0.009 -0.034 0.281 -0.173 -0.934 0.193 0.270 -0.922 0.129 -0.043 -0.872 0.110 0.130 -0.863 0.096 -0.130 -0.521 0.007 0.166 -0.518 0.098 -0.035 -0.404 0.082 0.063 -0.400 
0.997 0.009 -0.024 0.070 1.000 -0.002 0.007 -0.022 0.278 -0.176 -0.934 0.182 0.277 -0.922 0.118 -0.043 -0.875 0.109 0.127 -0.862 0.094 -0.132 -0.520 0.003 0.170 -0.517 0.096 -0.038 -0.404 0.082 0.061 -0.400 
0.997 0.008 -0.024 0.075 1.000 -0.004 0.012 -0.015 0.284 -0.161 -0.935 0.190 0.291 -0.916 0.121 -0.044 -0.876 0.123 0.130 -0.860 0.099 -0.124 -0.522 0.006 0.176 -0.514 0.094 -0.037 -0.404 0.093 0.062 -0.397 
0.996 0.011 -0.022 0.089 1.000 -0.006 0.008 -0.012 0.287 -0.151 -0.938 0.165 0.300 -0.919 0.123 -0.042 -0.872 0.119 0.130 -0.861 0.107 -0.116 -0.522 -0.007 0.177 -0.514 0.090 -0.038 -0.405 0.087 0.062 -0.398 
0.992 0.022 -0.015 0.123 1.000 -0.010 0.005 0.012 0.305 -0.125 -0.938 0.111 0.335 -0.907 0.101 -0.039 -0.882 0.124 0.132 -0.859 0.124 -0.103 -0.521 -0.052 0.192 -0.506 0.082 -0.034 -0.407 0.091 0.066 -0.397 
0.990 0.029 -0.007 0.138 1.000 -0.011 0.000 0.019 0.307 -0.113 -0.940 0.069 0.345 -0.906 0.082 -0.034 -0.888 0.116 0.132 -0.862 0.132 -0.094 -0.521 -0.079 0.195 -0.501 0.072 -0.033 -0.410 0.093 0.069 -0.396 
0.987 0.030 -0.006 0.160 0.999 -0.013 0.002 0.048 0.315 -0.111 -0.940 0.007 0.369 -0.905 0.081 -0.034 -0.881 0.115 0.133 -0.864 0.148 -0.085 -0.518 -0.101 0.199 -0.495 0.061 -0.029 -0.412 0.098 0.072 -0.394 
0.986 0.031 -0.003 0.166 0.998 -0.011 -0.003 0.062 0.319 -0.107 -0.939 -0.007 0.362 -0.900 0.057 -0.036 -0.890 0.117 0.124 -0.866 0.151 -0.083 -0.517 -0.123 0.193 -0.493 0.057 -0.028 -0.412 0.100 0.070 -0.394 
0.984 0.033 -0.004 0.174 0.998 -0.012 -0.001 0.064 0.337 -0.089 -0.935 -0.040 0.368 -0.897 0.060 -0.037 -0.888 0.120 0.125 -0.866 0.163 -0.073 -0.515 -0.140 0.194 -0.488 0.058 -0.027 -0.412 0.101 0.070 -0.394 
0.983 0.037 -0.006 0.181 0.996 -0.008 -0.004 0.088 0.317 -0.095 -0.943 -0.058 0.378 -0.892 0.039 -0.051 -0.889 0.121 0.108 -0.871 0.159 -0.068 -0.517 -0.149 0.195 -0.485 0.047 -0.030 -0.413 0.099 0.062 -0.395 
0.983 0.035 -0.008 0.181 0.986 0.001 -0.010 0.168 0.313 -0.091 -0.940 -0.076 0.410 -0.881 -0.001 -0.073 -0.891 0.124 0.070 -0.879 0.134 -0.088 -0.522 -0.147 0.212 -0.477 0.016 -0.038 -0.415 0.101 0.043 -0.397 
0.983 0.026 -0.012 0.183 0.983 0.005 -0.008 0.185 0.312 -0.104 -0.940 -0.093 0.415 -0.874 -0.015 -0.078 -0.890 0.135 0.056 -0.877 0.138 -0.093 -0.520 -0.161 0.208 -0.474 0.017 -0.041 -0.415 0.102 0.037 -0.398 
0.976 0.038 -0.006 0.213 0.978 0.009 -0.009 0.210 0.311 -0.054 -0.932 -0.132 0.410 -0.823 -0.030 -0.075 -0.906 0.139 0.045 -0.890 0.115 -0.099 -0.524 -0.250 0.189 -0.443 0.011 -0.040 -0.415 0.101 0.035 -0.398 
0.977 0.035 -0.010 0.208 0.973 0.009 -0.007 0.229 0.293 -0.039 -0.936 -0.163 0.440 -0.809 -0.039 -0.068 -0.905 0.151 0.039 -0.882 0.096 -0.091 -0.530 -0.257 0.202 -0.433 0.003 -0.035 -0.416 0.105 0.035 -0.397 
0.979 0.032 -0.011 0.203 0.968 0.010 -0.008 0.251 0.299 -0.029 -0.936 -0.201 0.456 -0.798 -0.042 -0.068 -0.897 0.155 0.036 -0.881 0.100 -0.080 -0.531 -0.267 0.204 -0.425 -0.003 -0.032 -0.416 0.109 0.037 -0.396 
0.977 0.039 -0.016 0.210 0.968 0.001 -0.002 0.252 0.313 0.012 -0.929 -0.264 0.456 -0.795 -0.019 -0.067 -0.886 0.176 0.041 -0.873 0.102 -0.059 -0.533 -0.280 0.206 -0.416 0.010 -0.029 -0.416 0.117 0.039 -0.393 
0.966 0.050 -0.016 0.254 0.974 0.000 -0.003 0.226 0.343 0.035 -0.926 -0.181 0.349 -0.874 -0.010 -0.071 -0.890 0.168 0.055 -0.876 0.144 -0.041 -0.525 -0.231 0.150 -0.468 0.022 -0.035 -0.415 0.109 0.044 -0.395 
0.964 0.047 -0.019 0.263 0.973 0.005 0.005 0.231 0.259 0.076 -0.955 -0.060 0.218 -0.934 0.001 -0.084 -0.899 0.185 0.040 -0.880 0.112 -0.006 -0.534 -0.161 0.081 -0.512 0.031 -0.042 -0.414 0.110 0.038 -0.396 
0.967 0.042 -0.017 0.252 0.972 0.008 0.017 0.234 0.354 0.090 -0.928 0.017 0.201 -0.953 0.020 -0.092 -0.895 0.208 0.032 -0.874 0.180 0.021 -0.514 -0.096 0.083 -0.528 0.050 -0.053 -0.411 0.124 0.027 -0.392 
0.962 0.043 -0.016 0.268 0.974 0.008 0.012 0.226 0.331 0.112 -0.936 0.029 0.154 -0.960 0.026 -0.096 -0.898 0.198 0.038 -0.877 0.175 0.049 -0.514 -0.092 0.049 -0.533 0.041 -0.048 -0.413 0.112 0.033 -0.396 
0.962 0.043 -0.016 0.268 0.975 0.005 0.014 0.224 0.335 0.118 -0.933 0.033 0.158 -0.959 0.031 -0.091 -0.899 0.202 0.043 -0.876 0.178 0.052 -0.512 -0.089 0.051 -0.533 0.044 -0.046 -0.413 0.114 0.035 -0.395 
0.959 0.059 -0.011 0.277 0.967 0.002 0.009 0.255 0.350 0.133 -0.926 0.005 0.266 -0.934 0.028 -0.089 -0.892 0.208 0.043 -0.867 0.186 0.063 -0.508 -0.104 0.110 -0.521 0.037 -0.044 -0.413 0.112 0.035 -0.395 
0.950 0.067 0.002 0.306 0.962 0.004 0.006 0.274 0.353 0.166 -0.919 -0.077 0.364 -0.880 0.030 -0.098 -0.890 0.213 0.032 -0.863 0.192 0.090 -0.501 -0.173 0.146 -0.493 0.037 -0.042 -0.414 0.105 0.034 -0.397 
0.944 0.063 0.013 0.325 0.957 0.009 0.004 0.289 0.349 0.167 -0.920 -0.095 0.464 -0.811 0.010 -0.100 -0.897 0.212 0.014 -0.870 0.186 0.077 -0.506 -0.199 0.183 -0.470 0.029 -0.043 -0.414 0.103 0.030 -0.398 
0.939 0.067 0.015 0.337 0.956 0.010 0.003 0.293 0.341 0.174 -0.921 -0.071 0.495 -0.777 0.005 -0.101 -0.901 0.210 0.014 -0.874 0.180 0.074 -0.509 -0.201 0.191 -0.466 0.031 -0.046 -0.414 0.102 0.030 -0.398 
0.937 0.069 0.016 0.342 0.956 0.010 0.003 0.295 0.334 0.191 -0.920 -0.058 0.519 -0.760 0.002 -0.102 -0.904 0.212 0.011 -0.874 0.176 0.083 -0.508 -0.195 0.205 -0.462 0.030 -0.047 -0.414 0.104 0.028 -0.398 
0.929 0.067 0.015 0.362 0.955 0.015 0.008 0.295 0.316 0.203 -0.922 0.011 0.527 -0.741 -0.002 -0.108 -0.914 0.213 0.003 -0.877 0.169 0.084 -0.510 -0.163 0.203 -0.475 0.036 -0.056 -0.412 0.107 0.023 -0.397 
0.931 0.067 0.013 0.359 0.955 0.016 0.003 0.296 0.313 0.216 -0.922 -0.007 0.528 -0.740 -0.004 -0.114 -0.909 0.199 0.009 -0.882 0.167 0.095 -0.509 -0.175 0.202 -0.471 0.030 -0.056 -0.413 0.104 0.022 -0.399 
0.936 0.070 0.009 0.345 0.953 0.015 0.001 0.304 0.315 0.216 -0.922 0.012 0.537 -0.747 -0.010 -0.113 -0.905 0.200 0.001 -0.880 0.168 0.099 -0.508 -0.158 0.218 -0.471 0.028 -0.050 -0.413 0.104 0.024 -0.398 
0.968 0.050 -0.028 0.245 0.914 0.017 0.033 0.403 0.413 0.114 -0.899 0.237 0.524 -0.747 0.023 -0.144 -0.879 0.269 -0.026 -0.837 0.211 0.034 -0.501 -0.013 0.267 -0.470 0.052 -0.069 -0.409 0.164 0.018 -0.378 
0.950 0.060 -0.001 0.307 0.937 0.022 0.014 0.347 0.358 0.173 -0.913 0.156 0.583 -0.706 -0.010 -0.130 -0.899 0.225 -0.023 -0.872 0.187 0.068 -0.506 -0.071 0.276 -0.459 0.043 -0.060 -0.411 0.129 0.021 -0.391 
0.971 0.053 -0.037 0.232 0.908 0.014 0.038 0.417 0.433 0.096 -0.893 0.282 0.567 -0.711 0.030 -0.142 -0.864 0.278 -0.022 -0.823 0.221 0.028 -0.497 0.027 0.298 -0.450 0.056 -0.067 -0.409 0.172 0.025 -0.374 
0.972 0.048 -0.040 0.225 0.896 0.015 0.045 0.441 0.441 0.066 -0.891 0.307 0.575 -0.697 0.034 -0.153 -0.863 0.279 -0.014 -0.821 0.222 0.007 -0.498 0.045 0.304 -0.443 0.058 -0.072 -0.408 0.170 0.027 -0.374 
0.976 0.047 -0.038 0.209 0.891 0.016 0.043 0.452 0.441 0.049 -0.893 0.298 0.587 -0.701 0.025 -0.155 -0.860 0.263 -0.005 -0.827 0.220 -0.001 -0.499 0.048 0.315 -0.436 0.052 -0.078 -0.407 0.160 0.029 -0.379 
0.979 0.048 -0.037 0.197 0.881 0.020 0.043 0.471 0.442 0.024 -0.893 0.319 0.586 -0.696 0.018 -0.156 -0.861 0.249 -0.003 -0.833 0.221 -0.013 -0.499 0.064 0.320 -0.431 0.052 -0.080 -0.407 0.151 0.029 -0.383 
0.978 0.050 -0.038 0.200 0.872 0.023 0.049 0.487 0.436 0.006 -0.898 0.334 0.599 -0.682 0.017 -0.165 -0.862 0.240 0.000 -0.834 0.220 -0.019 -0.499 0.081 0.326 -0.422 0.050 -0.083 -0.407 0.140 0.025 -0.387 
0.978 0.050 -0.038 0.200 0.872 0.023 0.049 0.487 0.437 0.005 -0.897 0.334 0.598 -0.682 0.018 -0.166 -0.862 0.240 -0.001 -0.834 0.220 -0.020 -0.499 0.081 0.326 -0.422 0.050 -0.084 -0.407 0.140 0.025 -0.387 
0.978 0.050 -0.038 0.200 0.872 0.023 0.049 0.487 0.436 0.005 -0.898 0.334 0.599 -0.682 0.017 -0.165 -0.862 0.239 -0.001 -0.834 0.220 -0.020 -0.499 0.081 0.326 -0.422 0.050 -0.084 -0.407 0.140 0.025 -0.387 
0.978 0.050 -0.038 0.200 0.872 0.022 0.047 0.487 0.436 0.006 -0.898 0.333 0.602 -0.681 0.015 -0.163 -0.862 0.239 0.002 -0.834 0.220 -0.019 -0.499 0.080 0.328 -0.422 0.050 -0.083 -0.407 0.140 0.026 -0.387 
0.978 0.048 -0.040 0.199 0.868 0.019 0.048 0.493 0.446 -0.011 -0.892 0.326 0.617 -0.672 0.008 -0.161 -0.860 0.234 -0.008 -0.832 0.219 -0.033 -0.499 0.081 0.335 -0.415 0.048 -0.087 -0.407 0.135 0.017 -0.389 
0.978 0.042 -0.043 0.202 0.853 0.025 0.052 0.518 0.426 -0.038 -0.901 0.333 0.614 -0.675 -0.002 -0.165 -0.856 0.237 0.003 -0.828 0.207 -0.052 -0.502 0.087 0.334 -0.416 0.046 -0.089 -0.406 0.148 0.025 -0.384 
0.978 0.041 -0.043 0.201 0.854 0.024 0.052 0.518 0.428 -0.041 -0.900 0.333 0.613 -0.675 -0.002 -0.165 -0.856 0.238 0.003 -0.828 0.208 -0.054 -0.502 0.087 0.333 -0.416 0.047 -0.089 -0.406 0.148 0.025 -0.384 
0.978 0.041 -0.043 0.202 0.853 0.025 0.054 0.519 0.429 -0.048 -0.899 0.335 0.608 -0.675 -0.001 -0.171 -0.856 0.239 -0.003 -0.828 0.209 -0.057 -0.501 0.088 0.330 -0.416 0.047 -0.092 -0.406 0.149 0.022 -0.384 
0.979 0.034 -0.042 0.197 0.856 0.020 0.049 0.514 0.425 -0.048 -0.901 0.282 0.616 -0.686 -0.004 -0.157 -0.856 0.239 0.028 -0.824 0.209 -0.055 -0.502 0.045 0.331 -0.423 0.047 -0.083 -0.407 0.154 0.045 -0.379 
0.979 0.033 -0.040 0.198 0.856 0.021 0.047 0.514 0.419 -0.043 -0.904 0.225 0.603 -0.710 -0.006 -0.155 -0.858 0.238 0.031 -0.826 0.204 -0.054 -0.504 0.004 0.319 -0.435 0.044 -0.081 -0.408 0.152 0.047 -0.380 
0.979 0.033 -0.040 0.198 0.857 0.020 0.048 0.514 0.421 -0.042 -0.903 0.226 0.603 -0.710 -0.004 -0.155 -0.858 0.239 0.032 -0.826 0.205 -0.054 -0.503 0.004 0.319 -0.435 0.045 -0.081 -0.408 0.152 0.047 -0.380 
0.979 0.035 -0.042 0.198 0.859 0.018 0.047 0.509 0.419 -0.037 -0.904 0.211 0.599 -0.717 -0.007 -0.150 -0.857 0.234 0.039 -0.826 0.204 -0.052 -0.504 -0.008 0.316 -0.438 0.048 -0.081 -0.407 0.156 0.054 -0.377 
0.978 0.035 -0.039 0.201 0.857 0.020 0.051 0.513 0.421 -0.058 -0.902 0.207 0.594 -0.721 -0.002 -0.159 -0.856 0.243 0.032 -0.825 0.204 -0.065 -0.503 -0.006 0.312 -0.438 0.050 -0.087 -0.407 0.155 0.048 -0.378 
0.978 0.035 -0.038 0.201 0.856 0.021 0.046 0.514 0.414 -0.055 -0.905 0.204 0.596 -0.724 -0.009 -0.154 -0.855 0.237 0.036 -0.827 0.200 -0.063 -0.504 -0.008 0.314 -0.439 0.047 -0.085 -0.407 0.152 0.050 -0.379 
0.954 0.040 -0.008 0.297 0.920 0.024 0.016 0.391 0.366 0.054 -0.927 -0.065 0.572 -0.763 -0.032 -0.129 -0.880 0.219 -0.045 -0.854 0.191 0.008 -0.510 -0.158 0.259 -0.448 0.027 -0.057 -0.413 0.128 -0.005 -0.392 
0.949 0.038 -0.002 0.313 0.938 0.017 0.010 0.345 0.360 0.081 -0.927 -0.054 0.519 -0.777 -0.031 -0.111 -0.895 0.206 -0.020 -0.862 0.190 0.026 -0.510 -0.175 0.210 -0.467 0.028 -0.050 -0.414 0.112 0.019 -0.396 
0.962 0.027 -0.005 0.273 0.946 0.016 0.008 0.324 0.353 0.052 -0.933 -0.080 0.352 -0.900 -0.015 -0.116 -0.885 0.201 -0.018 -0.864 0.187 0.017 -0.511 -0.151 0.151 -0.498 0.031 -0.055 -0.413 0.108 0.022 -0.397 
0.966 0.025 -0.012 0.255 0.955 0.013 0.013 0.295 0.362 0.062 -0.929 -0.051 0.268 -0.935 -0.004 -0.115 -0.892 0.197 -0.002 -0.866 0.193 0.025 -0.509 -0.129 0.116 -0.514 0.034 -0.056 -0.412 0.102 0.023 -0.399 
0.969 0.030 -0.013 0.247 0.958 0.017 0.018 0.286 0.361 0.038 -0.930 -0.107 0.243 -0.928 0.011 -0.130 -0.885 0.207 -0.015 -0.863 0.183 -0.004 -0.514 -0.180 0.100 -0.502 0.047 -0.066 -0.410 0.105 0.016 -0.398 
0.969 0.021 -0.023 0.244 0.974 0.008 0.018 0.224 0.340 0.041 -0.936 -0.023 0.155 -0.930 0.008 -0.096 -0.910 0.189 0.036 -0.880 0.168 -0.013 -0.519 -0.170 0.041 -0.514 0.050 -0.044 -0.412 0.084 0.038 -0.402 
0.979 0.001 -0.041 0.200 0.973 0.011 0.024 0.231 0.371 0.010 -0.921 0.129 0.078 -0.944 -0.006 -0.089 -0.917 0.188 0.035 -0.882 0.172 -0.040 -0.516 -0.070 0.013 -0.539 0.038 -0.042 -0.414 0.085 0.037 -0.402 
0.982 -0.001 -0.038 0.185 0.977 0.011 0.020 0.213 0.355 -0.012 -0.929 0.124 0.084 -0.947 0.001 -0.089 -0.918 0.170 0.045 -0.888 0.165 -0.048 -0.518 -0.069 0.022 -0.539 0.035 -0.040 -0.414 0.078 0.038 -0.403 
0.987 -0.001 -0.033 0.158 0.974 0.015 0.010 0.224 0.328 -0.069 -0.938 0.151 0.126 -0.967 -0.027 -0.090 -0.913 0.153 0.033 -0.883 0.148 -0.072 -0.520 0.006 0.062 -0.540 0.014 -0.047 -0.414 0.073 0.029 -0.405 
0.989 0.003 -0.028 0.148 0.984 0.016 0.015 0.177 0.338 -0.095 -0.932 0.113 0.130 -0.970 0.007 -0.103 -0.908 0.150 0.040 -0.883 0.152 -0.087 -0.517 -0.022 0.067 -0.539 0.037 -0.061 -0.411 0.084 0.022 -0.403 
0.992 -0.002 -0.018 0.122 0.984 0.013 0.008 0.176 0.318 -0.123 -0.934 -0.293 0.297 -0.893 0.013 -0.112 -0.885 0.148 0.040 -0.872 0.131 -0.101 -0.520 -0.236 0.165 -0.461 0.029 -0.059 -0.412 0.092 0.025 -0.401 
0.994 -0.005 -0.015 0.109 0.985 0.012 0.009 0.170 0.301 -0.135 -0.938 -0.256 0.296 -0.904 0.024 -0.101 -0.883 0.153 0.036 -0.875 0.119 -0.106 -0.522 -0.214 0.166 -0.470 0.032 -0.059 -0.412 0.099 0.022 -0.400 
0.995 0.008 -0.021 0.102 0.996 0.002 0.015 0.084 0.313 -0.127 -0.933 -0.067 0.262 -0.939 0.066 -0.085 -0.877 0.142 0.079 -0.877 0.122 -0.108 -0.521 -0.139 0.153 -0.502 0.070 -0.051 -0.408 0.103 0.045 -0.397 
0.996 0.010 -0.020 0.090 0.998 -0.000 0.018 0.067 0.306 -0.130 -0.935 -0.046 0.263 -0.943 0.082 -0.076 -0.876 0.143 0.091 -0.875 0.117 -0.107 -0.522 -0.120 0.157 -0.506 0.081 -0.047 -0.406 0.106 0.053 -0.395 
0.998 0.007 -0.022 0.062 0.999 -0.004 0.016 0.045 0.241 -0.120 -0.946 -0.019 0.266 -0.949 0.082 -0.074 -0.880 0.133 0.103 -0.882 0.053 -0.109 -0.532 -0.090 0.165 -0.510 0.078 -0.040 -0.408 0.090 0.061 -0.398 
0.998 0.006 -0.016 0.064 1.000 -0.002 0.015 0.007 0.218 -0.156 -0.954 0.004 0.260 -0.944 0.094 -0.065 -0.881 0.109 0.110 -0.885 0.060 -0.120 -0.528 -0.097 0.164 -0.509 0.087 -0.035 -0.406 0.081 0.068 -0.399 
0.999 0.005 -0.015 0.051 1.000 -0.001 0.013 -0.000 0.216 -0.174 -0.952 0.026 0.268 -0.948 0.095 -0.066 -0.878 0.113 0.108 -0.881 0.060 -0.125 -0.527 -0.067 0.167 -0.513 0.087 -0.036 -0.406 0.076 0.071 -0.399 
0.999 0.011 -0.017 0.044 1.000 -0.007 0.014 -0.025 0.238 -0.176 -0.941 0.053 0.274 -0.936 0.104 -0.052 -0.878 0.100 0.127 -0.879 0.059 -0.131 -0.526 -0.074 0.178 -0.509 0.092 -0.028 -0.406 0.066 0.080 -0.400 
0.999 0.007 -0.022 0.022 0.999 -0.008 0.006 -0.048 0.206 -0.199 -0.946 0.082 0.281 -0.938 0.096 -0.052 -0.877 0.079 0.130 -0.877 0.044 -0.137 -0.526 -0.045 0.182 -0.511 0.087 -0.029 -0.407 0.049 0.078 -0.402 
1.000 0.003 -0.021 0.009 0.999 -0.007 0.008 -0.052 0.202 -0.202 -0.944 0.120 0.276 -0.937 0.101 -0.053 -0.877 0.083 0.130 -0.875 0.035 -0.138 -0.526 -0.018 0.181 -0.513 0.089 -0.030 -0.406 0.048 0.077 -0.403 
1.000 0.002 -0.021 0.007 0.999 -0.007 0.008 -0.053 0.195 -0.205 -0.945 0.130 0.275 -0.936 0.101 -0.053 -0.877 0.084 0.129 -0.875 0.031 -0.139 -0.526 -0.013 0.181 -0.513 0.089 -0.030 -0.406 0.048 0.077 -0.403 
1.000 0.002 -0.020 0.005 0.999 -0.005 0.008 -0.051 0.187 -0.213 -0.945 0.142 0.268 -0.936 0.102 -0.057 -0.877 0.085 0.125 -0.876 0.027 -0.142 -0.525 -0.007 0.178 -0.514 0.089 -0.032 -0.406 0.049 0.075 -0.403 
1.000 -0.001 -0.019 -0.006 0.997 -0.009 0.004 -0.072 0.131 -0.250 -0.950 0.175 0.252 -0.941 0.099 -0.048 -0.873 0.074 0.129 -0.868 0.010 -0.157 -0.521 0.025 0.162 -0.519 0.096 -0.032 -0.405 0.035 0.073 -0.405 
1.000 -0.001 -0.019 -0.006 0.997 -0.009 0.004 -0.072 0.131 -0.250 -0.950 0.175 0.252 -0.941 0.099 -0.048 -0.873 0.074 0.129 -0.868 0.010 -0.157 -0.521 0.025 0.162 -0.519 0.096 -0.032 -0.405 0.035 0.073 -0.405 
0.999 -0.004 -0.020 -0.025 0.997 -0.008 -0.003 -0.074 0.081 -0.268 -0.947 0.216 0.218 -0.942 0.091 -0.052 -0.878 0.063 0.126 -0.869 -0.030 -0.168 -0.517 0.054 0.143 -0.522 0.086 -0.038 -0.406 0.031 0.070 -0.406 
0.999 -0.005 -0.020 -0.028 0.997 -0.009 0.002 -0.075 0.080 -0.267 -0.948 0.230 0.224 -0.939 0.095 -0.051 -0.876 0.074 0.127 -0.865 -0.029 -0.166 -0.518 0.066 0.145 -0.520 0.089 -0.039 -0.405 0.036 0.071 -0.405 
0.999 -0.005 -0.020 -0.028 0.997 -0.006 -0.001 -0.073 0.074 -0.274 -0.946 0.226 0.216 -0.942 0.091 -0.058 -0.876 0.070 0.120 -0.866 -0.033 -0.170 -0.517 0.064 0.141 -0.521 0.087 -0.042 -0.406 0.034 0.068 -0.406 
0.999 -0.004 -0.023 -0.027 0.997 -0.006 0.002 -0.081 0.072 -0.273 -0.947 0.230 0.214 -0.941 0.099 -0.055 -0.872 0.069 0.123 -0.864 -0.032 -0.169 -0.517 0.066 0.140 -0.522 0.091 -0.041 -0.405 0.032 0.068 -0.406 
0.999 -0.002 -0.021 -0.026 0.996 -0.007 0.002 -0.085 0.075 -0.275 -0.947 0.228 0.212 -0.940 0.096 -0.053 -0.873 0.057 0.122 -0.868 -0.027 -0.169 -0.517 0.060 0.140 -0.522 0.090 -0.040 -0.405 0.029 0.068 -0.406 
0.999 -0.003 -0.023 -0.032 0.996 -0.008 0.005 -0.087 0.086 -0.276 -0.947 0.207 0.209 -0.948 0.100 -0.050 -0.870 0.056 0.125 -0.867 -0.017 -0.168 -0.518 0.053 0.137 -0.524 0.090 -0.039 -0.405 0.031 0.068 -0.406 
0.999 -0.003 -0.023 -0.031 0.996 -0.006 0.006 -0.085 0.093 -0.278 -0.946 0.208 0.207 -0.948 0.104 -0.053 -0.869 0.060 0.122 -0.867 -0.014 -0.169 -0.518 0.054 0.136 -0.524 0.092 -0.040 -0.405 0.033 0.067 -0.406 
1.000 -0.004 -0.025 -0.019 0.996 -0.004 0.011 -0.085 0.095 -0.282 -0.946 0.193 0.227 -0.946 0.099 -0.062 -0.872 0.069 0.113 -0.864 -0.006 -0.171 -0.517 0.044 0.145 -0.523 0.089 -0.044 -0.405 0.038 0.062 -0.406 
1.000 -0.001 -0.025 -0.011 0.996 -0.007 0.012 -0.091 0.099 -0.267 -0.951 0.185 0.240 -0.943 0.107 -0.050 -0.868 0.048 0.119 -0.868 0.001 -0.164 -0.520 0.035 0.152 -0.521 0.091 -0.040 -0.405 0.041 0.064 -0.406 
1.000 -0.003 -0.024 -0.005 0.996 -0.009 0.013 -0.084 0.107 -0.255 -0.954 0.175 0.260 -0.941 0.092 -0.054 -0.875 0.063 0.121 -0.861 0.006 -0.158 -0.521 0.032 0.161 -0.519 0.082 -0.040 -0.407 0.044 0.063 -0.406 
1.000 -0.003 -0.030 0.001 0.995 -0.009 0.018 -0.093 0.127 -0.255 -0.953 0.162 0.250 -0.943 0.096 -0.055 -0.869 0.053 0.120 -0.861 0.025 -0.156 -0.521 0.017 0.157 -0.521 0.092 -0.040 -0.405 0.054 0.064 -0.404 
1.000 -0.003 -0.030 0.002 0.995 -0.010 0.019 -0.094 0.134 -0.251 -0.953 0.162 0.253 -0.943 0.098 -0.053 -0.869 0.055 0.122 -0.861 0.029 -0.154 -0.522 0.017 0.159 -0.520 0.093 -0.039 -0.405 0.055 0.065 -0.404 
1.000 -0.003 -0.027 0.005 0.996 -0.010 0.021 -0.092 0.143 -0.243 -0.954 0.145 0.254 -0.945 0.095 -0.054 -0.870 0.059 0.120 -0.860 0.033 -0.150 -0.522 0.007 0.159 -0.520 0.092 -0.039 -0.405 0.057 0.064 -0.404 
0.999 -0.003 -0.035 0.008 0.995 -0.011 0.017 -0.095 0.136 -0.244 -0.956 0.097 0.246 -0.951 0.063 -0.060 -0.875 0.025 0.115 -0.868 0.036 -0.149 -0.523 -0.027 0.152 -0.522 0.060 -0.047 -0.410 0.045 0.057 -0.406 
0.999 0.002 -0.034 -0.000 0.998 -0.004 0.020 -0.052 0.124 -0.268 -0.947 0.158 0.260 -0.940 0.036 -0.097 -0.873 0.019 0.080 -0.870 0.010 -0.167 -0.519 0.011 0.164 -0.519 0.057 -0.060 -0.409 0.048 0.044 -0.408 
0.999 0.007 -0.035 0.001 0.998 -0.010 0.024 -0.053 0.132 -0.261 -0.948 0.153 0.273 -0.937 0.038 -0.087 -0.869 0.014 0.090 -0.871 0.017 -0.163 -0.520 0.006 0.170 -0.517 0.057 -0.051 -0.410 0.049 0.046 -0.407 
0.999 0.010 -0.039 0.003 0.999 -0.010 0.028 -0.043 0.131 -0.257 -0.949 0.160 0.255 -0.940 0.034 -0.094 -0.866 0.015 0.082 -0.868 0.015 -0.161 -0.520 0.011 0.162 -0.519 0.065 -0.052 -0.408 0.052 0.044 -0.407 
0.999 0.009 -0.039 -0.004 0.999 -0.013 0.029 -0.037 0.127 -0.245 -0.952 0.160 0.269 -0.934 0.029 -0.088 -0.868 0.001 0.080 -0.872 0.008 -0.155 -0.522 0.005 0.173 -0.516 0.066 -0.051 -0.409 0.048 0.048 -0.407 
0.999 0.010 -0.042 -0.004 0.999 -0.015 0.036 -0.035 0.126 -0.245 -0.953 0.183 0.263 -0.928 0.040 -0.091 -0.859 0.003 0.077 -0.871 0.014 -0.154 -0.523 0.010 0.173 -0.516 0.092 -0.049 -0.404 0.050 0.047 -0.407 
0.999 0.003 -0.044 -0.028 0.999 -0.015 0.035 -0.018 0.093 -0.242 -0.962 0.161 0.224 -0.943 0.030 -0.085 -0.812 -0.016 0.062 -0.859 0.014 -0.148 -0.525 0.005 0.167 -0.518 0.199 -0.029 -0.365 0.048 0.041 -0.408 
0.998 0.008 -0.043 -0.044 0.999 -0.019 0.042 0.004 0.085 -0.242 -0.961 0.239 0.232 -0.921 0.075 -0.088 -0.800 -0.007 0.067 -0.853 -0.000 -0.149 -0.524 0.045 0.179 -0.511 0.223 -0.040 -0.350 0.056 0.040 -0.407 
0.998 0.015 -0.045 -0.050 0.999 -0.024 0.043 0.013 0.069 -0.218 -0.967 0.257 0.224 -0.916 0.116 -0.071 -0.773 -0.032 0.080 -0.856 -0.017 -0.138 -0.527 0.055 0.183 -0.509 0.251 -0.037 -0.331 0.056 0.045 -0.406 
0.997 0.019 -0.042 -0.058 0.998 -0.027 0.042 0.027 0.029 -0.196 -0.973 0.269 0.207 -0.915 0.158 -0.066 -0.768 -0.054 0.087 -0.856 -0.040 -0.125 -0.529 0.062 0.180 -0.509 0.269 -0.041 -0.316 0.050 0.044 -0.407 
0.997 0.033 -0.036 -0.065 0.998 -0.036 0.044 0.028 0.035 -0.178 -0.973 0.281 0.204 -0.913 0.240 -0.048 -0.769 -0.068 0.108 -0.862 -0.049 -0.117 -0.530 0.075 0.184 -0.506 0.279 -0.036 -0.308 0.047 0.049 -0.407 
0.992 0.034 -0.030 -0.115 0.996 -0.032 0.051 0.064 0.008 -0.168 -0.975 0.176 0.176 -0.957 0.351 -0.082 -0.769 -0.093 0.123 -0.856 -0.070 -0.100 -0.532 0.052 0.154 -0.519 0.267 -0.063 -0.314 0.040 0.043 -0.408 
0.992 0.029 -0.017 -0.121 0.997 -0.030 0.045 0.061 -0.025 -0.170 -0.973 0.202 0.144 -0.944 0.407 -0.052 -0.773 -0.145 0.115 -0.851 -0.092 -0.101 -0.528 0.040 0.159 -0.518 0.259 -0.059 -0.322 0.010 0.043 -0.410 
0.995 0.035 -0.022 -0.090 0.997 -0.037 0.053 0.042 -0.027 -0.155 -0.973 0.275 0.134 -0.913 0.446 -0.010 -0.754 -0.150 0.121 -0.845 -0.099 -0.099 -0.527 0.051 0.162 -0.516 0.257 -0.045 -0.326 0.001 0.045 -0.410 
0.996 0.029 -0.023 -0.087 0.997 -0.032 0.054 0.051 -0.053 -0.154 -0.973 0.284 0.125 -0.903 0.437 -0.008 -0.761 -0.178 0.125 -0.837 -0.109 -0.100 -0.525 0.044 0.163 -0.517 0.251 -0.039 -0.331 -0.002 0.046 -0.410 
0.995 0.023 -0.018 -0.100 0.995 -0.023 0.039 0.084 -0.096 -0.128 -0.973 0.241 0.112 -0.926 0.332 -0.003 -0.828 -0.259 0.147 -0.814 -0.135 -0.084 -0.522 0.034 0.149 -0.521 0.208 -0.025 -0.360 0.013 0.056 -0.408 
0.995 0.027 0.007 -0.091 0.996 -0.024 0.026 0.087 -0.119 -0.130 -0.971 0.201 0.113 -0.937 0.325 0.011 -0.845 -0.292 0.158 -0.811 -0.145 -0.089 -0.518 0.017 0.151 -0.522 0.195 -0.013 -0.368 0.034 0.064 -0.406 
0.999 0.035 0.013 -0.030 0.998 -0.022 0.030 0.043 -0.042 -0.155 -0.977 0.179 0.135 -0.939 0.242 0.055 -0.857 -0.249 0.109 -0.795 -0.088 -0.116 -0.526 -0.007 0.150 -0.522 0.188 0.013 -0.372 0.099 0.048 -0.397 
0.999 0.033 0.021 -0.002 0.999 -0.020 0.029 0.028 -0.013 -0.180 -0.973 0.163 0.135 -0.943 0.216 0.062 -0.870 -0.188 0.082 -0.795 -0.067 -0.136 -0.524 -0.020 0.140 -0.525 0.173 0.015 -0.379 0.135 0.042 -0.387 
0.999 0.030 0.009 0.017 0.999 -0.012 0.043 0.015 0.087 -0.184 -0.965 0.174 0.123 -0.946 0.186 0.040 -0.866 -0.083 0.046 -0.798 -0.018 -0.149 -0.524 -0.012 0.124 -0.529 0.169 0.007 -0.381 0.186 0.027 -0.367 
0.999 0.020 0.002 0.043 0.999 -0.008 0.051 -0.004 0.157 -0.186 -0.956 0.184 0.132 -0.941 0.182 0.036 -0.863 0.007 0.023 -0.793 0.026 -0.156 -0.522 -0.015 0.120 -0.530 0.162 0.002 -0.384 0.221 0.039 -0.346 
0.997 0.007 0.011 0.076 0.998 -0.002 0.055 -0.030 0.204 -0.155 -0.948 0.180 0.141 -0.935 0.124 0.053 -0.865 0.103 -0.003 -0.799 0.050 -0.156 -0.520 -0.031 0.111 -0.532 0.152 -0.002 -0.388 0.241 0.038 -0.333 
0.994 0.002 0.041 0.101 0.998 0.003 0.036 -0.049 0.317 -0.131 -0.910 0.108 0.148 -0.946 0.044 0.008 -0.905 0.183 0.001 -0.815 0.108 -0.167 -0.508 -0.070 0.110 -0.528 0.101 -0.018 -0.404 0.259 0.048 -0.318 
0.994 -0.010 0.021 0.102 0.997 0.001 0.053 -0.047 0.396 -0.099 -0.872 0.126 0.164 -0.940 0.074 0.044 -0.900 0.222 0.061 -0.787 0.146 -0.168 -0.497 -0.064 0.118 -0.527 0.103 -0.017 -0.404 0.280 0.048 -0.299 
0.993 -0.009 0.035 0.117 0.997 -0.004 0.051 -0.057 0.435 -0.064 -0.842 0.117 0.184 -0.938 0.050 0.031 -0.894 0.473 0.041 -0.755 0.161 -0.165 -0.494 -0.068 0.127 -0.525 0.094 -0.007 -0.406 0.282 0.052 -0.297 
0.990 -0.020 0.041 0.131 0.996 0.001 0.048 -0.074 0.468 -0.009 -0.822 0.087 0.178 -0.941 -0.022 0.015 -0.901 0.467 0.055 -0.772 0.188 -0.146 -0.490 -0.088 0.117 -0.524 0.079 -0.016 -0.409 0.269 0.054 -0.308 
0.990 -0.024 0.042 0.133 0.996 -0.003 0.051 -0.069 0.512 0.009 -0.801 0.054 0.193 -0.951 -0.053 0.019 -0.898 0.477 0.069 -0.767 0.215 -0.127 -0.484 -0.088 0.123 -0.523 0.066 -0.013 -0.412 0.266 0.057 -0.311 
0.989 -0.014 0.022 0.146 0.995 -0.016 0.054 -0.084 0.618 0.097 -0.716 0.089 0.231 -0.925 -0.132 0.004 -0.882 0.450 0.073 -0.773 0.280 -0.072 -0.462 -0.095 0.142 -0.516 0.034 -0.014 -0.415 0.265 0.071 -0.309 
0.988 -0.012 0.024 0.154 0.994 -0.018 0.051 -0.095 0.642 0.126 -0.678 0.097 0.223 -0.928 -0.187 -0.049 -0.872 0.454 0.044 -0.788 0.294 -0.064 -0.455 -0.088 0.135 -0.520 0.009 -0.028 -0.416 0.257 0.058 -0.317 
0.988 -0.017 0.020 0.151 0.994 -0.025 0.065 -0.089 0.658 0.124 -0.658 0.114 0.228 -0.929 -0.180 -0.045 -0.873 0.484 0.058 -0.764 0.302 -0.068 -0.449 -0.071 0.138 -0.521 0.008 -0.026 -0.416 0.271 0.065 -0.304 
0.988 -0.024 0.007 0.152 0.993 -0.025 0.086 -0.082 0.669 0.103 -0.656 0.144 0.215 -0.933 -0.155 -0.061 -0.877 0.498 0.032 -0.753 0.311 -0.079 -0.441 -0.045 0.130 -0.526 0.007 -0.025 -0.416 0.276 0.049 -0.303 
0.987 -0.005 0.060 0.147 0.994 -0.046 0.068 -0.076 0.615 0.123 -0.721 0.173 0.263 -0.910 0.056 0.025 -0.901 0.517 0.046 -0.748 0.295 -0.060 -0.455 -0.037 0.169 -0.516 0.067 -0.001 -0.412 0.285 0.067 -0.291 
0.984 -0.003 0.092 0.152 0.993 -0.052 0.090 -0.065 0.635 0.166 -0.701 0.313 0.275 -0.862 0.239 0.051 -0.878 0.571 0.028 -0.722 0.326 -0.036 -0.435 0.036 0.183 -0.511 0.144 0.001 -0.391 0.271 0.040 -0.308 
0.987 0.006 0.091 0.134 0.991 -0.055 0.112 -0.042 0.728 0.161 -0.613 0.388 0.221 -0.858 0.359 0.059 -0.823 0.638 0.031 -0.644 0.376 -0.027 -0.394 0.099 0.161 -0.510 0.186 0.002 -0.373 0.299 0.037 -0.282 
0.988 0.002 0.094 0.126 0.990 -0.054 0.129 -0.023 0.752 0.145 -0.585 0.456 0.237 -0.831 0.405 0.049 -0.797 0.642 0.028 -0.635 0.391 -0.038 -0.378 0.159 0.168 -0.492 0.220 -0.011 -0.354 0.288 0.025 -0.295 
0.993 0.014 0.092 0.069 0.986 -0.045 0.154 0.046 0.803 0.018 -0.531 0.515 0.172 -0.821 0.453 -0.040 -0.774 0.597 -0.002 -0.673 0.394 -0.092 -0.366 0.212 0.138 -0.481 0.231 -0.053 -0.343 0.217 -0.011 -0.351 
0.991 0.018 0.099 0.085 0.984 -0.045 0.167 0.049 0.786 0.047 -0.576 0.623 0.116 -0.736 0.475 -0.023 -0.773 0.569 0.056 -0.708 0.404 -0.071 -0.360 0.258 0.122 -0.462 0.260 -0.049 -0.323 0.225 0.016 -0.345 
0.993 0.020 0.104 0.058 0.972 -0.036 0.213 0.090 0.788 0.004 -0.562 0.714 0.005 -0.654 0.485 -0.050 -0.765 0.555 0.094 -0.729 0.403 -0.113 -0.350 0.324 0.079 -0.429 0.285 -0.071 -0.296 0.239 0.043 -0.334 
0.993 0.016 0.099 0.058 0.967 -0.030 0.236 0.093 0.810 -0.015 -0.529 0.768 -0.006 -0.592 0.488 -0.061 -0.753 0.542 0.103 -0.731 0.417 -0.125 -0.328 0.362 0.073 -0.399 0.296 -0.084 -0.282 0.236 0.046 -0.335 
0.992 0.051 0.076 0.087 0.959 -0.059 0.267 0.075 0.883 -0.058 -0.401 0.801 0.064 -0.543 0.473 0.007 -0.735 0.523 0.149 -0.722 0.453 -0.132 -0.273 0.379 0.107 -0.375 0.313 -0.045 -0.272 0.203 0.050 -0.356 
0.994 0.061 0.080 0.035 0.948 -0.057 0.291 0.113 0.899 -0.164 -0.307 0.795 -0.003 -0.579 0.473 -0.028 -0.710 0.539 0.052 -0.726 0.449 -0.187 -0.247 0.404 0.071 -0.356 0.321 -0.069 -0.258 0.233 0.030 -0.339 
0.996 0.049 0.065 0.029 0.946 -0.063 0.286 0.136 0.859 -0.148 -0.363 0.752 0.046 -0.612 0.376 0.013 -0.835 0.487 0.048 -0.786 0.408 -0.183 -0.313 0.354 0.110 -0.397 0.192 -0.011 -0.370 0.185 0.013 -0.369 
0.996 0.032 0.062 0.062 0.953 -0.076 0.274 0.103 0.793 -0.043 -0.556 0.716 0.116 -0.640 0.330 0.024 -0.854 0.441 0.051 -0.809 0.388 -0.120 -0.365 0.320 0.141 -0.416 0.196 -0.005 -0.368 0.210 0.033 -0.354 
0.994 0.022 0.072 0.085 0.954 -0.082 0.282 0.061 0.788 0.027 -0.566 0.695 0.292 -0.572 0.360 0.002 -0.837 0.445 0.029 -0.790 0.397 -0.088 -0.364 0.281 0.263 -0.383 0.207 -0.016 -0.362 0.252 0.044 -0.324 
0.996 0.019 0.069 0.061 0.952 -0.076 0.282 0.092 0.765 -0.017 -0.601 0.702 0.282 -0.578 0.353 -0.013 -0.840 0.427 0.004 -0.794 0.374 -0.101 -0.384 0.294 0.260 -0.375 0.194 -0.019 -0.369 0.255 0.035 -0.323 
0.995 0.021 0.071 0.071 0.951 -0.085 0.287 0.077 0.756 0.008 -0.620 0.697 0.316 -0.570 0.367 -0.005 -0.835 0.434 0.012 -0.791 0.374 -0.078 -0.389 0.290 0.272 -0.370 0.187 -0.013 -0.373 0.253 0.038 -0.323 
0.997 0.021 0.057 0.037 0.946 -0.068 0.292 0.123 0.716 -0.059 -0.663 0.707 0.263 -0.600 0.350 -0.022 -0.842 0.414 -0.021 -0.804 0.336 -0.104 -0.417 0.309 0.236 -0.379 0.163 -0.016 -0.383 0.236 0.017 -0.338 
0.998 0.019 0.053 0.027 0.944 -0.063 0.295 0.134 0.696 -0.069 -0.687 0.700 0.245 -0.623 0.354 -0.022 -0.841 0.403 -0.024 -0.810 0.324 -0.102 -0.427 0.309 0.220 -0.388 0.161 -0.015 -0.385 0.226 0.012 -0.345 
0.998 0.018 0.057 0.032 0.945 -0.063 0.294 0.129 0.677 -0.053 -0.709 0.682 0.253 -0.639 0.358 -0.017 -0.841 0.398 -0.017 -0.815 0.317 -0.091 -0.435 0.297 0.222 -0.397 0.160 -0.012 -0.385 0.222 0.014 -0.347 
