0.999 -0.004 -0.038 0.003 0.999 0.001 0.007 -0.037 0.090 -0.114 -0.974 0.069 0.123 -0.979 0.051 -0.052 -0.891 0.080 0.104 -0.879 -0.032 -0.089 -0.537 -0.030 0.092 -0.535 0.070 -0.022 -0.411 0.080 0.056 -0.401 
0.999 -0.007 -0.039 0.001 0.999 0.003 0.011 -0.036 0.083 -0.127 -0.972 0.069 0.116 -0.981 0.056 -0.056 -0.887 0.082 0.089 -0.873 -0.038 -0.098 -0.535 -0.028 0.088 -0.536 0.077 -0.021 -0.409 0.087 0.047 -0.401 
0.999 -0.006 -0.040 0.001 0.999 0.002 0.010 -0.037 0.087 -0.125 -0.972 0.076 0.117 -0.980 0.054 -0.054 -0.887 0.080 0.092 -0.873 -0.037 -0.097 -0.535 -0.025 0.089 -0.536 0.076 -0.020 -0.410 0.086 0.048 -0.401 
0.999 -0.003 -0.046 0.006 0.999 0.002 0.010 -0.049 0.120 -0.119 -0.972 0.126 0.115 -0.971 0.061 -0.053 -0.887 0.076 0.095 -0.873 -0.011 -0.094 -0.537 -0.012 0.090 -0.536 0.086 -0.017 -0.408 0.087 0.047 -0.401 
0.999 -0.001 -0.049 0.003 0.999 -0.002 0.010 -0.049 0.135 -0.116 -0.971 0.132 0.112 -0.972 0.062 -0.047 -0.882 0.074 0.106 -0.869 -0.001 -0.091 -0.537 -0.003 0.088 -0.537 0.084 -0.013 -0.408 0.087 0.051 -0.400 
0.999 -0.001 -0.051 0.009 0.999 -0.000 0.013 -0.053 0.148 -0.112 -0.968 0.139 0.102 -0.969 0.062 -0.047 -0.887 0.081 0.106 -0.869 0.004 -0.091 -0.537 -0.007 0.084 -0.537 0.092 -0.012 -0.407 0.091 0.050 -0.399 
0.999 -0.003 -0.045 0.008 0.999 -0.002 0.008 -0.049 0.142 -0.114 -0.968 0.137 0.101 -0.970 0.053 -0.036 -0.890 0.079 0.108 -0.870 -0.001 -0.093 -0.537 -0.006 0.083 -0.537 0.087 -0.012 -0.408 0.087 0.052 -0.400 
0.999 -0.005 -0.051 0.004 0.999 -0.000 0.008 -0.050 0.143 -0.118 -0.966 0.127 0.100 -0.972 0.056 -0.044 -0.883 0.074 0.104 -0.870 -0.004 -0.094 -0.537 -0.011 0.083 -0.537 0.088 -0.013 -0.407 0.087 0.050 -0.400 
0.999 0.002 -0.051 0.011 0.999 -0.005 0.007 -0.053 0.133 -0.121 -0.969 0.133 0.114 -0.969 0.060 -0.037 -0.884 0.070 0.112 -0.869 -0.005 -0.095 -0.537 -0.009 0.088 -0.537 0.081 -0.011 -0.409 0.081 0.054 -0.401 
0.999 -0.001 -0.047 0.011 0.999 -0.005 0.008 -0.047 0.128 -0.124 -0.968 0.117 0.110 -0.975 0.057 -0.036 -0.883 0.078 0.112 -0.869 -0.013 -0.099 -0.536 -0.010 0.086 -0.537 0.085 -0.011 -0.408 0.088 0.053 -0.400 
0.999 -0.003 -0.048 0.012 0.999 -0.006 0.009 -0.048 0.128 -0.124 -0.969 0.126 0.116 -0.972 0.058 -0.036 -0.884 0.082 0.112 -0.866 -0.009 -0.099 -0.536 -0.009 0.089 -0.536 0.086 -0.011 -0.408 0.089 0.053 -0.400 
0.999 -0.003 -0.048 0.012 0.999 -0.006 0.010 -0.048 0.129 -0.124 -0.968 0.127 0.116 -0.971 0.059 -0.036 -0.884 0.083 0.112 -0.866 -0.009 -0.099 -0.536 -0.008 0.089 -0.536 0.087 -0.011 -0.408 0.089 0.053 -0.399 
0.999 -0.003 -0.047 0.012 0.999 -0.006 0.008 -0.048 0.120 -0.125 -0.970 0.119 0.116 -0.973 0.057 -0.035 -0.884 0.080 0.111 -0.866 -0.013 -0.099 -0.536 -0.013 0.089 -0.536 0.085 -0.011 -0.408 0.088 0.053 -0.400 
0.999 -0.003 -0.047 0.012 0.999 -0.006 0.007 -0.048 0.118 -0.126 -0.970 0.117 0.115 -0.973 0.055 -0.036 -0.884 0.079 0.110 -0.867 -0.014 -0.100 -0.536 -0.013 0.088 -0.536 0.085 -0.011 -0.408 0.087 0.052 -0.400 
0.999 -0.003 -0.047 0.012 0.999 -0.005 0.008 -0.047 0.120 -0.129 -0.969 0.119 0.113 -0.973 0.057 -0.039 -0.884 0.081 0.108 -0.867 -0.013 -0.101 -0.535 -0.012 0.087 -0.537 0.085 -0.012 -0.408 0.088 0.051 -0.400 
0.999 -0.003 -0.047 0.012 0.999 -0.004 0.007 -0.047 0.118 -0.130 -0.969 0.118 0.111 -0.973 0.055 -0.040 -0.884 0.079 0.107 -0.867 -0.014 -0.102 -0.535 -0.013 0.086 -0.537 0.085 -0.013 -0.408 0.087 0.050 -0.400 
0.999 -0.003 -0.047 0.012 0.999 -0.008 0.007 -0.050 0.120 -0.122 -0.970 0.118 0.120 -0.972 0.057 -0.032 -0.884 0.079 0.114 -0.866 -0.013 -0.097 -0.536 -0.013 0.091 -0.536 0.085 -0.009 -0.408 0.088 0.054 -0.400 
0.999 -0.003 -0.047 0.012 0.999 -0.006 0.008 -0.048 0.121 -0.127 -0.969 0.119 0.115 -0.973 0.057 -0.037 -0.884 0.081 0.110 -0.866 -0.013 -0.100 -0.536 -0.012 0.088 -0.536 0.086 -0.011 -0.408 0.088 0.052 -0.400 
0.999 -0.003 -0.047 0.011 0.999 -0.006 0.008 -0.048 0.121 -0.127 -0.969 0.121 0.115 -0.972 0.058 -0.037 -0.884 0.081 0.110 -0.866 -0.013 -0.100 -0.536 -0.011 0.089 -0.536 0.086 -0.011 -0.408 0.088 0.052 -0.400 
0.999 -0.009 -0.041 0.006 0.998 -0.005 0.009 -0.059 0.122 -0.131 -0.971 0.102 0.115 -0.975 0.066 -0.034 -0.886 0.083 0.109 -0.866 -0.007 -0.100 -0.536 -0.022 0.089 -0.536 0.088 -0.011 -0.408 0.086 0.053 -0.400 
0.999 -0.009 -0.041 0.006 0.998 -0.005 0.012 -0.060 0.127 -0.130 -0.970 0.106 0.116 -0.974 0.070 -0.033 -0.886 0.087 0.111 -0.865 -0.004 -0.099 -0.536 -0.019 0.090 -0.536 0.090 -0.010 -0.407 0.088 0.054 -0.400 
0.999 -0.009 -0.041 0.006 0.998 -0.006 0.009 -0.060 0.122 -0.128 -0.971 0.101 0.118 -0.974 0.066 -0.032 -0.886 0.082 0.112 -0.866 -0.007 -0.098 -0.536 -0.022 0.091 -0.536 0.088 -0.010 -0.408 0.086 0.055 -0.400 
0.999 -0.005 -0.042 0.003 0.998 -0.007 0.014 -0.061 0.118 -0.114 -0.972 0.106 0.124 -0.973 0.072 -0.038 -0.883 0.088 0.110 -0.870 -0.011 -0.091 -0.537 -0.019 0.096 -0.535 0.092 -0.013 -0.407 0.092 0.052 -0.399 
0.999 -0.004 -0.041 0.001 0.998 -0.007 0.014 -0.060 0.115 -0.112 -0.974 0.104 0.123 -0.973 0.074 -0.038 -0.885 0.087 0.108 -0.870 -0.012 -0.089 -0.538 -0.020 0.096 -0.535 0.089 -0.013 -0.407 0.092 0.052 -0.399 
0.999 -0.004 -0.041 0.001 0.998 -0.008 0.015 -0.060 0.118 -0.109 -0.974 0.105 0.125 -0.973 0.076 -0.036 -0.884 0.089 0.110 -0.870 -0.010 -0.087 -0.538 -0.019 0.097 -0.535 0.090 -0.012 -0.407 0.092 0.053 -0.399 
0.999 -0.004 -0.038 0.000 0.998 -0.006 0.017 -0.060 0.116 -0.113 -0.975 0.103 0.126 -0.975 0.081 -0.037 -0.885 0.096 0.106 -0.868 -0.008 -0.088 -0.538 -0.016 0.097 -0.535 0.095 -0.014 -0.406 0.091 0.051 -0.399 
0.999 -0.002 -0.040 -0.001 0.998 -0.007 0.016 -0.057 0.112 -0.110 -0.975 0.111 0.124 -0.973 0.076 -0.036 -0.886 0.095 0.112 -0.868 -0.012 -0.086 -0.538 -0.014 0.096 -0.535 0.089 -0.013 -0.407 0.091 0.052 -0.399 
0.999 0.001 -0.036 0.003 0.998 -0.008 0.020 -0.058 0.110 -0.109 -0.974 0.113 0.138 -0.972 0.085 -0.033 -0.888 0.101 0.111 -0.866 -0.016 -0.088 -0.538 -0.011 0.104 -0.534 0.095 -0.011 -0.406 0.093 0.053 -0.399 
0.999 0.009 -0.034 0.007 0.998 -0.013 0.022 -0.064 0.100 -0.099 -0.978 0.107 0.146 -0.970 0.091 -0.019 -0.887 0.098 0.122 -0.869 -0.016 -0.081 -0.539 -0.016 0.109 -0.533 0.098 -0.005 -0.405 0.095 0.059 -0.397 
0.999 0.010 -0.035 0.007 0.998 -0.011 0.025 -0.064 0.107 -0.091 -0.977 0.118 0.148 -0.969 0.099 -0.028 -0.885 0.105 0.119 -0.869 -0.015 -0.078 -0.539 -0.010 0.111 -0.532 0.100 -0.008 -0.405 0.097 0.056 -0.397 
0.999 0.012 -0.032 0.008 0.998 -0.012 0.030 -0.062 0.103 -0.087 -0.974 0.119 0.153 -0.965 0.105 -0.024 -0.883 0.111 0.122 -0.873 -0.027 -0.079 -0.539 -0.016 0.117 -0.531 0.104 -0.007 -0.404 0.102 0.058 -0.396 
1.000 0.014 -0.024 0.005 0.997 -0.011 0.036 -0.064 0.106 -0.082 -0.976 0.121 0.167 -0.963 0.118 -0.027 -0.885 0.126 0.120 -0.872 -0.021 -0.076 -0.539 -0.014 0.126 -0.529 0.107 -0.008 -0.403 0.105 0.058 -0.395 
1.000 0.014 -0.014 0.006 0.997 -0.007 0.041 -0.064 0.094 -0.088 -0.977 0.113 0.165 -0.965 0.127 -0.033 -0.884 0.141 0.113 -0.872 -0.027 -0.080 -0.539 -0.017 0.126 -0.529 0.111 -0.012 -0.402 0.110 0.056 -0.394 
1.000 0.005 -0.001 0.002 0.996 -0.005 0.069 -0.059 0.095 -0.086 -0.976 0.126 0.169 -0.959 0.194 -0.039 -0.879 0.204 0.108 -0.861 -0.025 -0.085 -0.538 -0.016 0.138 -0.526 0.149 -0.016 -0.389 0.148 0.060 -0.381 
1.000 0.007 0.007 0.004 0.995 -0.004 0.079 -0.059 0.087 -0.090 -0.978 0.125 0.173 -0.958 0.223 -0.039 -0.873 0.224 0.113 -0.861 -0.026 -0.087 -0.537 -0.016 0.142 -0.525 0.160 -0.016 -0.385 0.156 0.062 -0.377 
1.000 0.009 0.026 0.002 0.993 0.001 0.098 -0.064 0.084 -0.090 -0.973 0.114 0.180 -0.955 0.277 -0.043 -0.853 0.270 0.107 -0.863 -0.039 -0.095 -0.535 -0.026 0.156 -0.521 0.184 -0.020 -0.374 0.179 0.066 -0.366 
0.999 0.009 0.045 0.002 0.991 0.002 0.120 -0.062 0.068 -0.097 -0.973 0.087 0.185 -0.958 0.324 -0.041 -0.837 0.310 0.105 -0.846 -0.047 -0.106 -0.533 -0.033 0.163 -0.518 0.214 -0.023 -0.357 0.212 0.067 -0.348 
0.999 0.005 0.037 0.010 0.988 0.005 0.137 -0.068 0.082 -0.093 -0.966 0.120 0.195 -0.948 0.364 -0.045 -0.813 0.353 0.111 -0.822 -0.047 -0.114 -0.531 -0.023 0.171 -0.516 0.227 -0.032 -0.348 0.229 0.072 -0.336 
0.999 0.005 0.041 0.010 0.986 0.008 0.151 -0.067 0.078 -0.099 -0.968 0.117 0.191 -0.952 0.390 -0.054 -0.801 0.379 0.105 -0.808 -0.046 -0.116 -0.530 -0.020 0.169 -0.517 0.237 -0.035 -0.341 0.244 0.070 -0.325 
0.999 0.002 0.036 0.001 0.982 0.012 0.177 -0.061 0.084 -0.102 -0.964 0.121 0.194 -0.947 0.445 -0.068 -0.763 0.440 0.100 -0.761 -0.050 -0.119 -0.529 -0.024 0.177 -0.514 0.255 -0.047 -0.327 0.264 0.078 -0.308 
0.999 -0.001 0.036 0.001 0.980 0.014 0.192 -0.057 0.071 -0.101 -0.965 0.124 0.189 -0.946 0.467 -0.071 -0.742 0.458 0.097 -0.745 -0.054 -0.121 -0.529 -0.025 0.174 -0.515 0.266 -0.049 -0.317 0.276 0.076 -0.298 
0.999 -0.006 0.044 0.001 0.977 0.019 0.203 -0.056 0.058 -0.108 -0.970 0.118 0.181 -0.949 0.485 -0.081 -0.731 0.482 0.091 -0.733 -0.051 -0.122 -0.529 -0.026 0.171 -0.516 0.278 -0.053 -0.306 0.284 0.072 -0.291 
0.999 0.001 0.053 -0.001 0.974 0.022 0.221 -0.039 0.025 -0.107 -0.963 0.101 0.188 -0.948 0.510 -0.097 -0.708 0.519 0.080 -0.705 -0.082 -0.136 -0.521 -0.030 0.185 -0.511 0.299 -0.060 -0.284 0.307 0.068 -0.267 
0.999 0.001 0.053 -0.001 0.974 0.022 0.221 -0.039 0.025 -0.107 -0.963 0.101 0.188 -0.948 0.510 -0.097 -0.708 0.519 0.080 -0.705 -0.082 -0.136 -0.521 -0.030 0.185 -0.511 0.299 -0.060 -0.284 0.307 0.068 -0.267 
0.998 0.002 0.060 -0.008 0.974 0.024 0.224 -0.033 -0.001 -0.109 -0.963 0.072 0.187 -0.955 0.512 -0.099 -0.707 0.523 0.072 -0.703 -0.095 -0.136 -0.519 -0.036 0.181 -0.512 0.299 -0.065 -0.284 0.309 0.065 -0.265 
0.998 0.002 0.060 -0.008 0.974 0.024 0.224 -0.033 -0.001 -0.109 -0.963 0.072 0.187 -0.955 0.512 -0.099 -0.707 0.523 0.072 -0.703 -0.095 -0.136 -0.519 -0.036 0.181 -0.512 0.299 -0.065 -0.284 0.309 0.065 -0.265 
0.997 -0.004 0.076 0.000 0.962 0.030 0.270 -0.035 -0.029 -0.100 -0.965 0.018 0.165 -0.958 0.587 -0.104 -0.633 0.593 0.065 -0.626 -0.099 -0.141 -0.517 -0.067 0.178 -0.510 0.339 -0.071 -0.232 0.343 0.064 -0.220 
0.997 -0.001 0.082 -0.004 0.961 0.029 0.274 -0.028 -0.046 -0.107 -0.965 -0.001 0.171 -0.963 0.591 -0.106 -0.623 0.598 0.064 -0.619 -0.107 -0.142 -0.515 -0.067 0.174 -0.511 0.338 -0.074 -0.232 0.346 0.064 -0.215 
0.991 0.015 0.124 -0.045 0.956 0.030 0.292 0.003 -0.072 -0.113 -0.963 -0.031 0.188 -0.978 0.611 -0.127 -0.592 0.644 0.040 -0.576 -0.127 -0.136 -0.512 -0.028 0.145 -0.523 0.352 -0.087 -0.207 0.364 0.052 -0.187 
0.989 0.020 0.137 -0.048 0.955 0.025 0.297 -0.002 -0.080 -0.115 -0.961 -0.032 0.203 -0.975 0.623 -0.111 -0.582 0.652 0.054 -0.572 -0.133 -0.138 -0.510 -0.026 0.153 -0.521 0.354 -0.081 -0.205 0.365 0.060 -0.182 
0.987 0.021 0.147 -0.054 0.950 0.030 0.310 0.003 -0.082 -0.113 -0.961 -0.039 0.198 -0.977 0.638 -0.124 -0.559 0.672 0.041 -0.550 -0.136 -0.138 -0.510 -0.025 0.143 -0.524 0.363 -0.089 -0.185 0.374 0.052 -0.167 
0.986 0.020 0.157 -0.044 0.947 0.038 0.319 0.001 -0.074 -0.118 -0.961 -0.029 0.188 -0.980 0.644 -0.139 -0.545 0.683 0.024 -0.530 -0.127 -0.145 -0.510 -0.018 0.131 -0.528 0.366 -0.100 -0.174 0.380 0.047 -0.154 
0.985 0.018 0.163 -0.051 0.944 0.035 0.329 -0.003 -0.053 -0.118 -0.964 -0.040 0.190 -0.980 0.662 -0.130 -0.526 0.694 0.036 -0.512 -0.113 -0.144 -0.513 -0.023 0.130 -0.528 0.370 -0.096 -0.166 0.383 0.052 -0.145 
0.983 0.010 0.180 -0.024 0.939 0.030 0.341 -0.021 -0.053 -0.128 -0.979 -0.036 0.193 -0.979 0.681 -0.098 -0.512 0.701 0.066 -0.499 -0.069 -0.133 -0.524 -0.024 0.135 -0.526 0.375 -0.080 -0.163 0.381 0.069 -0.142 
0.983 0.010 0.182 -0.024 0.939 0.031 0.342 -0.019 -0.054 -0.132 -0.978 -0.038 0.192 -0.979 0.680 -0.101 -0.513 0.701 0.062 -0.499 -0.069 -0.134 -0.524 -0.025 0.134 -0.526 0.375 -0.082 -0.163 0.381 0.068 -0.142 
0.983 0.010 0.181 -0.024 0.939 0.032 0.343 -0.019 -0.051 -0.132 -0.978 -0.035 0.192 -0.979 0.681 -0.102 -0.511 0.702 0.061 -0.497 -0.068 -0.134 -0.524 -0.024 0.134 -0.527 0.375 -0.082 -0.162 0.382 0.067 -0.141 
0.982 0.008 0.188 -0.021 0.936 0.036 0.350 -0.027 -0.065 -0.149 -0.974 -0.026 0.185 -0.978 0.697 -0.105 -0.506 0.710 0.063 -0.497 -0.074 -0.149 -0.519 -0.023 0.146 -0.523 0.377 -0.085 -0.156 0.381 0.068 -0.143 
0.980 -0.001 0.197 0.003 0.936 0.034 0.349 -0.031 -0.092 -0.144 -0.979 -0.023 0.183 -0.980 0.699 -0.091 -0.508 0.708 0.077 -0.502 -0.068 -0.129 -0.525 -0.024 0.136 -0.526 0.379 -0.074 -0.158 0.379 0.077 -0.144 
0.980 -0.006 0.198 0.004 0.934 0.041 0.354 -0.030 -0.082 -0.153 -0.981 0.007 0.174 -0.980 0.707 -0.106 -0.499 0.710 0.068 -0.499 -0.056 -0.123 -0.528 -0.015 0.143 -0.525 0.379 -0.079 -0.156 0.377 0.076 -0.151 
0.980 -0.006 0.197 0.004 0.933 0.043 0.356 -0.027 -0.080 -0.154 -0.981 0.012 0.173 -0.980 0.708 -0.111 -0.496 0.712 0.063 -0.496 -0.055 -0.124 -0.528 -0.012 0.142 -0.525 0.379 -0.082 -0.154 0.378 0.073 -0.149 
0.980 -0.006 0.197 0.004 0.934 0.040 0.355 -0.031 -0.080 -0.152 -0.981 0.008 0.175 -0.979 0.708 -0.103 -0.498 0.710 0.071 -0.498 -0.055 -0.123 -0.528 -0.015 0.143 -0.525 0.379 -0.078 -0.155 0.377 0.077 -0.150 
0.980 -0.003 0.200 0.005 0.933 0.041 0.355 -0.033 -0.075 -0.155 -0.981 0.022 0.177 -0.978 0.707 -0.104 -0.499 0.712 0.072 -0.500 -0.051 -0.123 -0.529 -0.007 0.146 -0.524 0.381 -0.077 -0.152 0.376 0.078 -0.152 
0.980 -0.003 0.200 0.005 0.933 0.043 0.355 -0.030 -0.074 -0.156 -0.981 0.025 0.176 -0.978 0.707 -0.109 -0.498 0.713 0.068 -0.499 -0.050 -0.123 -0.529 -0.005 0.146 -0.524 0.380 -0.079 -0.152 0.376 0.075 -0.152 
0.980 -0.003 0.200 0.005 0.933 0.042 0.355 -0.032 -0.074 -0.155 -0.982 0.023 0.177 -0.978 0.707 -0.105 -0.499 0.712 0.072 -0.500 -0.050 -0.123 -0.529 -0.007 0.146 -0.524 0.381 -0.077 -0.152 0.376 0.077 -0.152 
0.980 -0.003 0.199 0.005 0.933 0.043 0.356 -0.030 -0.072 -0.156 -0.982 0.027 0.176 -0.978 0.708 -0.109 -0.497 0.714 0.068 -0.498 -0.049 -0.123 -0.529 -0.004 0.146 -0.524 0.381 -0.079 -0.151 0.376 0.075 -0.151 
0.979 -0.003 0.203 0.006 0.934 0.042 0.354 -0.030 -0.069 -0.158 -0.983 0.015 0.184 -0.979 0.707 -0.100 -0.494 0.709 0.072 -0.504 -0.045 -0.114 -0.531 -0.008 0.140 -0.525 0.380 -0.076 -0.153 0.373 0.078 -0.157 
0.979 -0.007 0.202 0.008 0.933 0.045 0.355 -0.035 -0.049 -0.169 -0.981 0.017 0.174 -0.978 0.708 -0.102 -0.501 0.711 0.071 -0.504 -0.034 -0.126 -0.529 -0.014 0.147 -0.524 0.381 -0.078 -0.151 0.372 0.078 -0.160 
0.979 -0.007 0.202 0.008 0.933 0.045 0.355 -0.034 -0.051 -0.169 -0.981 0.016 0.173 -0.978 0.707 -0.104 -0.501 0.710 0.069 -0.505 -0.035 -0.126 -0.529 -0.014 0.146 -0.524 0.380 -0.079 -0.151 0.372 0.077 -0.161 
0.979 -0.007 0.202 0.008 0.933 0.044 0.355 -0.036 -0.050 -0.168 -0.982 0.015 0.174 -0.978 0.708 -0.100 -0.501 0.710 0.073 -0.505 -0.035 -0.126 -0.529 -0.015 0.147 -0.524 0.381 -0.077 -0.151 0.372 0.079 -0.161 
0.979 -0.004 0.203 0.008 0.935 0.043 0.351 -0.033 -0.052 -0.168 -0.978 0.015 0.175 -0.976 0.708 -0.099 -0.507 0.710 0.068 -0.505 -0.043 -0.143 -0.524 -0.017 0.155 -0.521 0.379 -0.076 -0.156 0.370 0.081 -0.164 
0.980 0.001 0.200 0.014 0.935 0.039 0.350 -0.032 -0.028 -0.159 -0.982 0.038 0.173 -0.980 0.709 -0.093 -0.501 0.720 0.073 -0.488 -0.029 -0.131 -0.528 0.002 0.137 -0.526 0.376 -0.077 -0.163 0.371 0.079 -0.162 
0.981 -0.006 0.193 0.010 0.937 0.036 0.345 -0.036 0.004 -0.152 -0.984 0.036 0.186 -0.979 0.705 -0.082 -0.497 0.711 0.075 -0.487 -0.012 -0.125 -0.530 0.004 0.137 -0.526 0.374 -0.075 -0.169 0.374 0.083 -0.154 
0.984 -0.010 0.176 0.012 0.943 0.029 0.329 -0.042 0.026 -0.147 -0.986 0.030 0.173 -0.979 0.690 -0.065 -0.524 0.674 0.095 -0.535 0.003 -0.115 -0.533 -0.010 0.140 -0.526 0.371 -0.060 -0.182 0.367 0.091 -0.165 
0.988 -0.015 0.147 0.032 0.948 0.029 0.315 -0.044 0.038 -0.149 -0.983 0.036 0.165 -0.975 0.664 -0.068 -0.556 0.652 0.100 -0.553 0.008 -0.126 -0.530 -0.027 0.145 -0.524 0.362 -0.062 -0.197 0.362 0.091 -0.176 
0.994 -0.013 0.097 0.050 0.964 0.029 0.263 -0.040 0.011 -0.177 -0.977 0.058 0.165 -0.969 0.573 -0.085 -0.652 0.565 0.094 -0.648 -0.015 -0.149 -0.524 -0.038 0.143 -0.523 0.326 -0.070 -0.250 0.333 0.086 -0.228 
0.996 -0.004 0.083 0.040 0.968 0.024 0.247 -0.042 -0.015 -0.171 -0.974 0.059 0.165 -0.968 0.551 -0.075 -0.673 0.543 0.104 -0.663 -0.044 -0.155 -0.521 -0.036 0.147 -0.522 0.318 -0.063 -0.262 0.326 0.089 -0.237 
0.998 -0.002 0.051 0.041 0.981 0.017 0.187 -0.052 -0.051 -0.207 -0.974 0.067 0.177 -0.973 0.452 -0.064 -0.736 0.443 0.116 -0.733 -0.046 -0.140 -0.525 -0.021 0.133 -0.527 0.280 -0.052 -0.304 0.284 0.092 -0.285 
0.998 -0.004 0.037 0.043 0.983 0.015 0.178 -0.052 -0.022 -0.213 -0.974 0.081 0.171 -0.973 0.432 -0.058 -0.747 0.424 0.117 -0.741 -0.030 -0.143 -0.525 -0.012 0.128 -0.529 0.276 -0.050 -0.309 0.279 0.092 -0.290 
0.999 -0.023 0.012 0.040 0.976 0.022 0.209 -0.060 0.052 -0.192 -0.974 0.146 0.119 -0.957 0.464 -0.062 -0.717 0.455 0.104 -0.712 -0.005 -0.143 -0.526 -0.024 0.106 -0.533 0.277 -0.050 -0.308 0.269 0.081 -0.302 
0.999 -0.020 0.002 0.034 0.977 0.014 0.202 -0.068 0.118 -0.163 -0.970 0.160 0.134 -0.948 0.456 -0.045 -0.724 0.441 0.117 -0.721 0.017 -0.135 -0.528 -0.025 0.114 -0.531 0.263 -0.040 -0.321 0.253 0.089 -0.314 
0.999 -0.025 0.002 0.029 0.982 0.019 0.179 -0.064 0.082 -0.179 -0.977 0.181 0.132 -0.949 0.414 -0.053 -0.751 0.413 0.102 -0.746 0.020 -0.122 -0.531 -0.004 0.110 -0.533 0.255 -0.038 -0.328 0.239 0.080 -0.327 
0.999 -0.020 -0.015 0.028 0.989 0.014 0.141 -0.053 0.083 -0.180 -0.977 0.226 0.139 -0.943 0.346 -0.053 -0.793 0.351 0.106 -0.783 0.015 -0.124 -0.531 0.030 0.107 -0.532 0.215 -0.038 -0.355 0.208 0.075 -0.348 
1.000 -0.019 -0.009 0.018 0.991 0.010 0.122 -0.053 0.112 -0.149 -0.978 0.199 0.112 -0.958 0.316 -0.042 -0.814 0.312 0.103 -0.804 0.023 -0.108 -0.534 0.027 0.090 -0.536 0.193 -0.034 -0.368 0.185 0.073 -0.362 
1.000 -0.017 -0.008 0.025 0.993 0.010 0.098 -0.066 0.104 -0.150 -0.981 0.208 0.111 -0.951 0.279 -0.038 -0.840 0.256 0.101 -0.833 0.031 -0.100 -0.535 0.019 0.091 -0.536 0.174 -0.023 -0.378 0.153 0.071 -0.377 
1.000 -0.018 -0.011 0.020 0.994 0.011 0.090 -0.062 0.119 -0.154 -0.977 0.207 0.107 -0.954 0.247 -0.045 -0.852 0.242 0.100 -0.841 0.032 -0.106 -0.534 0.023 0.088 -0.536 0.163 -0.028 -0.383 0.146 0.066 -0.380 
0.999 -0.019 -0.020 0.023 0.994 0.009 0.083 -0.064 0.108 -0.156 -0.980 0.210 0.109 -0.955 0.235 -0.046 -0.850 0.228 0.111 -0.840 0.037 -0.100 -0.534 0.029 0.085 -0.536 0.160 -0.024 -0.384 0.142 0.070 -0.381 
0.999 -0.019 -0.020 0.023 0.995 0.011 0.074 -0.068 0.111 -0.170 -0.978 0.202 0.107 -0.958 0.217 -0.050 -0.854 0.219 0.103 -0.841 0.044 -0.103 -0.533 0.028 0.082 -0.537 0.156 -0.027 -0.386 0.136 0.065 -0.384 
0.999 -0.016 -0.024 0.016 0.996 0.008 0.063 -0.063 0.120 -0.190 -0.973 0.212 0.105 -0.957 0.195 -0.043 -0.857 0.204 0.110 -0.842 0.045 -0.116 -0.530 0.036 0.081 -0.537 0.148 -0.023 -0.389 0.125 0.064 -0.388 
0.999 -0.016 -0.024 0.016 0.996 0.007 0.066 -0.063 0.129 -0.189 -0.972 0.216 0.107 -0.956 0.202 -0.041 -0.855 0.209 0.112 -0.841 0.049 -0.116 -0.530 0.038 0.082 -0.536 0.151 -0.022 -0.388 0.128 0.064 -0.387 
0.999 -0.016 -0.024 0.016 0.996 0.008 0.061 -0.062 0.120 -0.192 -0.972 0.207 0.104 -0.958 0.195 -0.044 -0.857 0.202 0.109 -0.843 0.044 -0.118 -0.530 0.033 0.080 -0.537 0.148 -0.024 -0.389 0.124 0.063 -0.388 
0.999 -0.010 -0.029 0.011 0.997 0.005 0.054 -0.058 0.128 -0.192 -0.970 0.189 0.111 -0.965 0.182 -0.038 -0.855 0.187 0.111 -0.844 0.040 -0.121 -0.530 0.034 0.082 -0.537 0.138 -0.023 -0.393 0.117 0.063 -0.391 
0.999 -0.013 -0.031 0.011 0.997 0.006 0.050 -0.057 0.132 -0.195 -0.969 0.180 0.110 -0.967 0.183 -0.043 -0.853 0.185 0.108 -0.842 0.043 -0.122 -0.529 0.031 0.080 -0.537 0.137 -0.024 -0.393 0.118 0.061 -0.391 
0.999 -0.013 -0.032 0.011 0.997 0.004 0.051 -0.058 0.139 -0.190 -0.969 0.181 0.115 -0.967 0.186 -0.039 -0.853 0.186 0.112 -0.842 0.046 -0.120 -0.530 0.032 0.083 -0.537 0.138 -0.022 -0.393 0.118 0.063 -0.390 
0.999 -0.013 -0.032 0.011 0.997 0.006 0.052 -0.057 0.141 -0.193 -0.968 0.184 0.112 -0.967 0.187 -0.042 -0.852 0.188 0.109 -0.842 0.047 -0.121 -0.529 0.033 0.081 -0.537 0.139 -0.024 -0.392 0.119 0.062 -0.390 
0.999 -0.013 -0.032 0.011 0.997 0.005 0.051 -0.058 0.139 -0.192 -0.969 0.181 0.113 -0.967 0.185 -0.040 -0.853 0.185 0.110 -0.842 0.046 -0.121 -0.530 0.032 0.082 -0.537 0.138 -0.023 -0.393 0.118 0.062 -0.391 
0.999 -0.013 -0.032 0.011 0.997 0.006 0.053 -0.057 0.142 -0.194 -0.968 0.185 0.111 -0.966 0.188 -0.042 -0.852 0.189 0.108 -0.842 0.048 -0.122 -0.529 0.034 0.081 -0.537 0.139 -0.024 -0.392 0.120 0.061 -0.390 
0.999 -0.021 -0.035 0.009 0.997 0.007 0.038 -0.067 0.181 -0.191 -0.959 0.167 0.109 -0.964 0.155 -0.041 -0.861 0.150 0.105 -0.849 0.057 -0.125 -0.527 0.006 0.082 -0.538 0.121 -0.024 -0.398 0.100 0.059 -0.396 
0.999 -0.019 -0.033 0.012 0.998 0.002 0.034 -0.061 0.159 -0.192 -0.964 0.176 0.132 -0.962 0.151 -0.033 -0.858 0.142 0.111 -0.849 0.048 -0.124 -0.528 0.017 0.093 -0.536 0.119 -0.020 -0.399 0.100 0.063 -0.396 
0.999 -0.021 -0.032 0.009 0.998 0.003 0.034 -0.061 0.163 -0.194 -0.963 0.161 0.127 -0.967 0.148 -0.036 -0.860 0.151 0.107 -0.844 0.051 -0.124 -0.528 0.014 0.090 -0.536 0.119 -0.021 -0.399 0.101 0.062 -0.395 
0.999 -0.021 -0.032 0.009 0.998 0.002 0.031 -0.061 0.158 -0.193 -0.964 0.156 0.128 -0.967 0.144 -0.035 -0.861 0.146 0.108 -0.845 0.048 -0.123 -0.529 0.010 0.090 -0.536 0.117 -0.020 -0.400 0.098 0.062 -0.396 
0.999 -0.021 -0.032 0.009 0.998 0.002 0.033 -0.062 0.161 -0.191 -0.964 0.159 0.129 -0.967 0.147 -0.034 -0.861 0.149 0.109 -0.844 0.050 -0.123 -0.529 0.012 0.091 -0.536 0.118 -0.020 -0.399 0.100 0.063 -0.396 
0.999 -0.021 -0.032 0.009 0.998 0.002 0.033 -0.061 0.162 -0.192 -0.964 0.160 0.129 -0.967 0.147 -0.034 -0.860 0.149 0.108 -0.844 0.050 -0.123 -0.529 0.013 0.090 -0.536 0.119 -0.020 -0.399 0.100 0.062 -0.396 
0.999 -0.021 -0.032 0.009 0.998 0.002 0.033 -0.061 0.162 -0.193 -0.964 0.160 0.128 -0.967 0.147 -0.035 -0.860 0.149 0.108 -0.844 0.050 -0.123 -0.528 0.013 0.090 -0.536 0.119 -0.020 -0.399 0.100 0.062 -0.396 
1.000 -0.021 -0.022 0.001 0.998 0.003 0.038 -0.059 0.153 -0.197 -0.964 0.145 0.133 -0.967 0.160 -0.038 -0.859 0.155 0.106 -0.849 0.042 -0.127 -0.528 0.003 0.096 -0.535 0.118 -0.024 -0.399 0.097 0.061 -0.396 
1.000 -0.021 -0.022 0.001 0.997 0.002 0.043 -0.060 0.162 -0.194 -0.963 0.153 0.137 -0.966 0.168 -0.034 -0.858 0.162 0.109 -0.847 0.047 -0.125 -0.528 0.008 0.098 -0.535 0.121 -0.022 -0.398 0.100 0.063 -0.395 
1.000 -0.021 -0.022 0.001 0.997 0.001 0.041 -0.060 0.159 -0.194 -0.963 0.150 0.137 -0.966 0.165 -0.034 -0.858 0.160 0.109 -0.848 0.045 -0.125 -0.529 0.006 0.098 -0.535 0.120 -0.022 -0.399 0.099 0.063 -0.396 
1.000 -0.021 -0.022 0.001 0.997 0.001 0.042 -0.060 0.161 -0.193 -0.963 0.152 0.137 -0.966 0.166 -0.034 -0.858 0.161 0.109 -0.848 0.046 -0.125 -0.528 0.007 0.098 -0.535 0.121 -0.022 -0.398 0.100 0.063 -0.396 
1.000 -0.021 -0.022 0.001 0.997 0.002 0.041 -0.060 0.159 -0.195 -0.963 0.150 0.136 -0.966 0.165 -0.036 -0.858 0.160 0.108 -0.848 0.045 -0.126 -0.528 0.006 0.098 -0.535 0.120 -0.023 -0.399 0.099 0.062 -0.396 
1.000 -0.018 0.004 0.010 0.994 0.006 0.088 -0.059 0.156 -0.194 -0.962 0.169 0.159 -0.959 0.254 -0.048 -0.840 0.249 0.102 -0.838 0.039 -0.134 -0.527 0.016 0.116 -0.531 0.163 -0.031 -0.383 0.142 0.055 -0.384 
1.000 -0.018 0.013 0.008 0.993 0.006 0.100 -0.057 0.130 -0.200 -0.967 0.187 0.173 -0.955 0.275 -0.049 -0.836 0.275 0.101 -0.825 0.034 -0.134 -0.527 0.031 0.123 -0.529 0.174 -0.031 -0.378 0.155 0.053 -0.379 
1.000 -0.018 0.013 0.008 0.994 0.006 0.098 -0.057 0.122 -0.202 -0.967 0.181 0.172 -0.956 0.270 -0.050 -0.838 0.270 0.100 -0.827 0.030 -0.134 -0.527 0.028 0.122 -0.529 0.172 -0.032 -0.379 0.153 0.053 -0.380 
0.999 -0.012 0.033 0.018 0.990 0.007 0.130 -0.053 0.058 -0.201 -0.975 0.171 0.172 -0.957 0.323 -0.053 -0.826 0.326 0.103 -0.816 0.003 -0.132 -0.529 0.020 0.125 -0.529 0.189 -0.036 -0.370 0.170 0.057 -0.372 
0.999 -0.014 0.043 0.025 0.988 0.008 0.144 -0.058 0.041 -0.198 -0.977 0.183 0.166 -0.948 0.358 -0.051 -0.815 0.352 0.107 -0.806 -0.002 -0.130 -0.529 0.006 0.127 -0.529 0.200 -0.034 -0.364 0.182 0.061 -0.366 
0.998 -0.014 0.061 0.032 0.980 0.014 0.187 -0.069 0.077 -0.185 -0.975 0.174 0.172 -0.939 0.453 -0.048 -0.763 0.440 0.115 -0.763 0.011 -0.134 -0.528 -0.016 0.141 -0.525 0.242 -0.033 -0.338 0.208 0.067 -0.350 
0.997 -0.015 0.063 0.032 0.978 0.015 0.200 -0.061 0.098 -0.183 -0.969 0.191 0.160 -0.934 0.479 -0.061 -0.751 0.472 0.110 -0.751 0.009 -0.148 -0.524 -0.010 0.141 -0.525 0.258 -0.037 -0.326 0.216 0.063 -0.346 
0.997 -0.013 0.071 0.027 0.975 0.019 0.214 -0.062 0.105 -0.173 -0.967 0.169 0.159 -0.934 0.495 -0.071 -0.742 0.498 0.097 -0.739 0.006 -0.151 -0.523 -0.027 0.150 -0.522 0.270 -0.041 -0.315 0.226 0.062 -0.339 
0.997 -0.008 0.075 0.027 0.961 0.027 0.271 -0.049 0.116 -0.169 -0.956 0.179 0.156 -0.920 0.590 -0.081 -0.654 0.597 0.093 -0.652 -0.001 -0.172 -0.517 -0.036 0.163 -0.518 0.310 -0.050 -0.275 0.277 0.063 -0.299 
0.996 -0.014 0.089 0.021 0.948 0.031 0.312 -0.048 0.142 -0.177 -0.943 0.169 0.153 -0.919 0.643 -0.091 -0.590 0.655 0.086 -0.588 0.006 -0.194 -0.509 -0.040 0.173 -0.514 0.339 -0.055 -0.237 0.315 0.069 -0.257 
0.991 -0.022 0.124 0.041 0.943 0.026 0.324 -0.066 0.108 -0.174 -0.953 0.147 0.160 -0.913 0.670 -0.062 -0.573 0.674 0.117 -0.566 0.019 -0.197 -0.508 -0.062 0.184 -0.508 0.357 -0.043 -0.211 0.325 0.089 -0.238 
0.986 -0.020 0.165 0.033 0.936 0.027 0.342 -0.075 0.079 -0.209 -0.958 0.053 0.181 -0.945 0.703 -0.050 -0.531 0.696 0.130 -0.531 0.019 -0.198 -0.507 -0.066 0.191 -0.505 0.370 -0.047 -0.187 0.344 0.095 -0.207 
0.979 -0.015 0.204 -0.008 0.921 0.033 0.387 -0.044 0.049 -0.210 -0.962 0.026 0.199 -0.968 0.740 -0.081 -0.468 0.750 0.099 -0.459 -0.002 -0.190 -0.511 -0.014 0.177 -0.514 0.381 -0.061 -0.157 0.369 0.084 -0.165 
0.966 0.015 0.257 -0.005 0.915 0.034 0.401 -0.036 0.037 -0.198 -0.957 0.030 0.210 -0.963 0.771 -0.093 -0.442 0.776 0.095 -0.424 -0.004 -0.207 -0.504 0.016 0.195 -0.508 0.392 -0.069 -0.124 0.392 0.079 -0.100 
0.959 0.026 0.280 -0.019 0.910 0.036 0.413 -0.020 0.009 -0.194 -0.965 0.014 0.248 -0.957 0.769 -0.089 -0.404 0.766 0.090 -0.415 -0.012 -0.189 -0.511 0.022 0.208 -0.502 0.402 -0.069 -0.084 0.398 0.088 -0.064 
0.961 0.014 0.276 -0.013 0.904 0.021 0.425 -0.029 -0.002 -0.180 -0.975 0.008 0.221 -0.968 0.775 -0.056 -0.383 0.763 0.127 -0.377 -0.007 -0.159 -0.521 0.014 0.177 -0.514 0.407 -0.057 -0.072 0.394 0.115 -0.046 
0.956 0.002 0.291 -0.023 0.891 0.042 0.451 -0.040 0.022 -0.226 -0.968 -0.002 0.189 -0.979 0.796 -0.090 -0.313 0.788 0.089 -0.323 0.009 -0.175 -0.516 0.004 0.140 -0.525 0.406 -0.083 -0.044 0.400 0.094 -0.041 
0.955 0.004 0.298 -0.007 0.888 0.040 0.457 -0.043 -0.008 -0.227 -0.968 -0.008 0.184 -0.980 0.798 -0.082 -0.293 0.789 0.096 -0.301 -0.002 -0.176 -0.516 0.000 0.141 -0.525 0.408 -0.083 -0.028 0.401 0.096 -0.022 
0.954 0.004 0.300 -0.004 0.886 0.038 0.459 -0.045 -0.014 -0.229 -0.967 -0.013 0.183 -0.980 0.798 -0.077 -0.296 0.787 0.100 -0.301 -0.004 -0.178 -0.515 -0.003 0.141 -0.525 0.408 -0.080 -0.028 0.400 0.099 -0.020 
0.954 0.007 0.298 0.024 0.884 0.031 0.463 -0.050 -0.036 -0.224 -0.968 -0.001 0.189 -0.975 0.805 -0.057 -0.291 0.785 0.123 -0.301 -0.009 -0.174 -0.516 -0.002 0.163 -0.519 0.411 -0.068 -0.027 0.396 0.114 -0.017 
0.954 0.007 0.298 0.024 0.884 0.030 0.464 -0.051 -0.034 -0.223 -0.968 0.000 0.189 -0.975 0.805 -0.055 -0.290 0.785 0.124 -0.300 -0.008 -0.174 -0.516 -0.002 0.163 -0.519 0.411 -0.067 -0.027 0.396 0.115 -0.016 
0.954 0.007 0.299 0.024 0.885 0.030 0.462 -0.051 -0.036 -0.224 -0.968 -0.002 0.188 -0.975 0.804 -0.056 -0.292 0.784 0.124 -0.302 -0.009 -0.174 -0.516 -0.003 0.163 -0.519 0.411 -0.067 -0.028 0.396 0.115 -0.017 
0.960 0.001 0.277 0.047 0.885 0.014 0.458 -0.082 0.031 -0.175 -0.981 0.400 0.088 -0.902 0.797 -0.012 -0.297 0.758 0.166 -0.297 0.027 -0.134 -0.528 0.205 0.116 -0.490 0.411 -0.058 -0.041 0.386 0.145 -0.019 
0.964 0.034 0.253 0.070 0.895 0.013 0.438 -0.086 0.031 -0.172 -0.981 0.229 0.264 -0.920 0.784 -0.023 -0.331 0.737 0.173 -0.338 0.021 -0.131 -0.529 0.103 0.228 -0.483 0.408 -0.061 -0.063 0.383 0.147 -0.042 
0.968 0.020 0.246 0.030 0.905 0.023 0.417 -0.077 0.076 -0.158 -0.983 0.101 0.196 -0.973 0.762 -0.051 -0.373 0.731 0.136 -0.376 0.040 -0.108 -0.533 0.048 0.141 -0.523 0.401 -0.078 -0.084 0.386 0.126 -0.073 
0.968 0.020 0.245 0.053 0.921 0.024 0.383 -0.069 0.048 -0.133 -0.979 0.050 0.223 -0.959 0.766 -0.041 -0.375 0.739 0.142 -0.379 0.030 -0.144 -0.525 0.005 0.202 -0.505 0.402 -0.076 -0.079 0.389 0.124 -0.059 
0.958 -0.009 0.279 0.066 0.946 0.007 0.318 -0.064 0.029 -0.168 -0.971 0.074 0.268 -0.943 0.738 0.009 -0.461 0.704 0.166 -0.451 0.041 -0.168 -0.517 0.013 0.231 -0.492 0.403 -0.043 -0.098 0.392 0.123 -0.040 
0.962 0.003 0.269 0.054 0.958 0.010 0.277 -0.079 0.076 -0.166 -0.971 0.030 0.250 -0.956 0.698 0.004 -0.505 0.652 0.155 -0.503 0.058 -0.163 -0.517 0.001 0.208 -0.502 0.399 -0.046 -0.113 0.391 0.118 -0.056 
0.973 0.001 0.228 0.039 0.964 0.004 0.261 -0.051 0.091 -0.160 -0.975 0.113 0.274 -0.946 0.654 -0.007 -0.580 0.625 0.152 -0.565 0.047 -0.148 -0.522 0.042 0.210 -0.500 0.378 -0.039 -0.171 0.379 0.118 -0.113 
0.985 -0.009 0.171 0.030 0.965 0.023 0.257 -0.056 0.066 -0.222 -0.961 0.039 0.257 -0.954 0.604 -0.056 -0.653 0.574 0.120 -0.658 0.014 -0.189 -0.511 -0.023 0.199 -0.506 0.329 -0.070 -0.246 0.343 0.099 -0.208 
0.990 -0.005 0.135 0.043 0.961 0.022 0.268 -0.060 0.128 -0.198 -0.964 0.125 0.241 -0.952 0.601 -0.049 -0.631 0.581 0.124 -0.628 0.049 -0.162 -0.518 0.019 0.183 -0.512 0.336 -0.054 -0.241 0.344 0.096 -0.207 
0.997 0.012 0.059 0.054 0.972 0.023 0.229 -0.055 0.121 -0.149 -0.973 0.165 0.217 -0.948 0.514 -0.061 -0.691 0.499 0.110 -0.694 0.033 -0.135 -0.527 0.022 0.168 -0.517 0.300 -0.059 -0.284 0.308 0.093 -0.259 
0.996 0.002 0.041 0.078 0.974 0.018 0.214 -0.069 0.135 -0.155 -0.973 0.199 0.199 -0.945 0.491 -0.042 -0.713 0.473 0.119 -0.709 0.049 -0.126 -0.528 0.033 0.143 -0.524 0.278 -0.052 -0.307 0.280 0.095 -0.288 
0.998 -0.001 0.031 0.062 0.967 0.014 0.243 -0.081 0.182 -0.134 -0.964 0.201 0.180 -0.937 0.536 -0.018 -0.676 0.500 0.130 -0.680 0.059 -0.126 -0.527 0.008 0.143 -0.525 0.289 -0.039 -0.298 0.281 0.097 -0.286 
0.999 -0.011 0.016 0.051 0.969 0.016 0.234 -0.080 0.176 -0.164 -0.965 0.218 0.170 -0.937 0.504 -0.027 -0.699 0.478 0.123 -0.693 0.064 -0.128 -0.526 0.020 0.132 -0.527 0.273 -0.036 -0.313 0.269 0.090 -0.300 
0.999 -0.012 -0.004 0.041 0.978 0.022 0.193 -0.076 0.223 -0.167 -0.947 0.234 0.161 -0.932 0.437 -0.049 -0.750 0.410 0.097 -0.750 0.062 -0.143 -0.522 0.023 0.125 -0.529 0.238 -0.048 -0.339 0.228 0.070 -0.337 
0.999 -0.011 -0.018 0.042 0.981 0.018 0.176 -0.080 0.244 -0.168 -0.939 0.248 0.174 -0.925 0.399 -0.043 -0.773 0.380 0.108 -0.767 0.066 -0.144 -0.521 0.028 0.128 -0.528 0.225 -0.040 -0.348 0.211 0.074 -0.347 
0.999 -0.001 -0.030 0.038 0.987 0.012 0.137 -0.086 0.240 -0.156 -0.945 0.248 0.179 -0.931 0.327 -0.035 -0.805 0.294 0.118 -0.807 0.065 -0.126 -0.526 0.040 0.125 -0.528 0.185 -0.035 -0.372 0.167 0.068 -0.371 
0.999 -0.007 -0.034 0.038 0.989 0.015 0.117 -0.085 0.239 -0.155 -0.942 0.255 0.190 -0.926 0.276 -0.052 -0.828 0.261 0.102 -0.824 0.056 -0.127 -0.527 0.041 0.129 -0.527 0.162 -0.040 -0.382 0.145 0.063 -0.381 
0.999 -0.010 -0.033 0.026 0.992 0.014 0.092 -0.081 0.224 -0.176 -0.945 0.241 0.184 -0.933 0.228 -0.050 -0.846 0.217 0.098 -0.842 0.053 -0.133 -0.526 0.039 0.125 -0.528 0.139 -0.041 -0.391 0.123 0.060 -0.389 
0.999 -0.010 -0.038 0.011 0.995 0.014 0.069 -0.077 0.249 -0.195 -0.930 0.230 0.178 -0.935 0.181 -0.054 -0.860 0.176 0.095 -0.853 0.053 -0.142 -0.524 0.028 0.124 -0.529 0.113 -0.043 -0.399 0.099 0.055 -0.397 
0.999 -0.011 -0.040 0.020 0.995 0.011 0.057 -0.085 0.236 -0.222 -0.931 0.246 0.187 -0.930 0.154 -0.056 -0.868 0.141 0.097 -0.861 0.054 -0.154 -0.520 0.039 0.124 -0.528 0.101 -0.039 -0.403 0.076 0.055 -0.402 
0.999 -0.011 -0.041 0.020 0.995 0.011 0.056 -0.085 0.237 -0.222 -0.930 0.248 0.188 -0.930 0.155 -0.056 -0.868 0.141 0.097 -0.861 0.055 -0.154 -0.520 0.040 0.125 -0.528 0.102 -0.039 -0.402 0.076 0.055 -0.402 
0.999 -0.010 -0.047 0.013 0.996 0.007 0.027 -0.082 0.199 -0.239 -0.941 0.251 0.211 -0.928 0.092 -0.049 -0.873 0.079 0.102 -0.869 0.048 -0.154 -0.520 0.050 0.135 -0.525 0.084 -0.027 -0.407 0.048 0.061 -0.405 
0.998 -0.007 -0.053 0.013 0.997 0.004 0.021 -0.073 0.175 -0.239 -0.945 0.267 0.208 -0.926 0.065 -0.043 -0.877 0.065 0.112 -0.866 0.033 -0.153 -0.522 0.064 0.132 -0.524 0.076 -0.023 -0.409 0.039 0.064 -0.406 
0.998 -0.007 -0.054 0.015 0.998 0.008 0.008 -0.067 0.145 -0.258 -0.944 0.263 0.192 -0.930 0.040 -0.048 -0.878 0.038 0.103 -0.868 0.014 -0.164 -0.519 0.060 0.122 -0.527 0.064 -0.025 -0.411 0.025 0.060 -0.408 
0.998 -0.008 -0.058 0.016 0.998 0.008 0.007 -0.067 0.158 -0.261 -0.941 0.263 0.190 -0.930 0.033 -0.049 -0.878 0.038 0.102 -0.869 0.020 -0.166 -0.518 0.061 0.121 -0.527 0.063 -0.025 -0.411 0.026 0.059 -0.408 
0.998 -0.008 -0.058 0.016 0.998 0.006 0.006 -0.068 0.157 -0.258 -0.942 0.262 0.193 -0.930 0.033 -0.046 -0.879 0.037 0.105 -0.869 0.019 -0.165 -0.519 0.060 0.122 -0.527 0.063 -0.024 -0.412 0.026 0.061 -0.407 
0.997 -0.014 -0.076 0.008 0.999 0.009 -0.004 -0.052 0.174 -0.280 -0.933 0.281 0.188 -0.925 -0.010 -0.040 -0.870 -0.004 0.113 -0.856 0.027 -0.172 -0.516 0.070 0.115 -0.527 0.037 -0.016 -0.415 0.011 0.059 -0.408 
0.996 -0.016 -0.083 0.004 0.999 0.009 0.001 -0.042 0.187 -0.275 -0.927 0.292 0.183 -0.924 -0.022 -0.038 -0.867 -0.015 0.112 -0.855 0.021 -0.173 -0.516 0.081 0.112 -0.526 0.035 -0.016 -0.415 0.016 0.057 -0.408 
0.996 -0.013 -0.088 0.017 0.998 0.008 0.006 -0.055 0.213 -0.259 -0.926 0.291 0.181 -0.921 -0.027 -0.032 -0.866 -0.017 0.111 -0.853 0.037 -0.168 -0.517 0.069 0.112 -0.528 0.035 -0.016 -0.415 0.035 0.057 -0.407 
0.996 -0.017 -0.082 0.029 0.998 0.008 0.006 -0.061 0.228 -0.248 -0.924 0.275 0.191 -0.922 -0.039 -0.021 -0.872 -0.008 0.108 -0.847 0.044 -0.168 -0.516 0.055 0.116 -0.529 0.026 -0.014 -0.416 0.065 0.057 -0.403 
