0.999 0.003 -0.040 -0.012 0.983 -0.005 -0.000 -0.183 0.054 -0.150 -0.974 0.114 0.178 -0.972 0.056 -0.058 -0.882 0.095 0.122 -0.864 -0.041 -0.103 -0.533 0.005 0.117 -0.532 0.029 -0.022 -0.415 0.066 0.056 -0.404 
0.999 0.011 -0.042 -0.005 0.982 -0.005 0.001 -0.190 0.052 -0.148 -0.975 0.112 0.180 -0.970 0.062 -0.055 -0.881 0.090 0.124 -0.866 -0.042 -0.100 -0.533 0.001 0.120 -0.531 0.030 -0.019 -0.415 0.060 0.055 -0.405 
0.999 0.008 -0.040 -0.005 0.981 -0.007 -0.001 -0.193 0.046 -0.148 -0.976 0.127 0.199 -0.963 0.054 -0.046 -0.884 0.079 0.130 -0.868 -0.042 -0.100 -0.533 0.001 0.132 -0.529 0.024 -0.015 -0.416 0.055 0.061 -0.405 
0.999 0.009 -0.039 -0.010 0.982 -0.011 0.000 -0.187 0.029 -0.154 -0.977 0.163 0.248 -0.948 0.049 -0.040 -0.879 0.077 0.136 -0.867 -0.048 -0.101 -0.533 0.025 0.158 -0.521 0.024 -0.012 -0.416 0.058 0.069 -0.403 
0.999 0.007 -0.041 -0.007 0.982 -0.011 -0.003 -0.187 0.024 -0.154 -0.980 0.169 0.249 -0.947 0.044 -0.041 -0.880 0.072 0.131 -0.861 -0.039 -0.099 -0.534 0.030 0.157 -0.521 0.021 -0.010 -0.416 0.056 0.069 -0.404 
0.999 0.007 -0.040 -0.007 0.982 -0.011 -0.003 -0.187 0.017 -0.155 -0.980 0.165 0.250 -0.947 0.044 -0.041 -0.881 0.072 0.131 -0.861 -0.042 -0.099 -0.533 0.028 0.157 -0.521 0.021 -0.010 -0.416 0.056 0.069 -0.404 
0.999 0.006 -0.042 -0.013 0.984 -0.010 -0.003 -0.175 0.004 -0.155 -0.978 0.191 0.258 -0.940 0.033 -0.045 -0.880 0.071 0.128 -0.859 -0.059 -0.100 -0.532 0.041 0.163 -0.518 0.020 -0.011 -0.416 0.055 0.068 -0.404 
0.999 0.007 -0.043 -0.007 0.983 -0.011 -0.003 -0.186 0.017 -0.153 -0.981 0.171 0.265 -0.943 0.035 -0.045 -0.878 0.065 0.130 -0.859 -0.040 -0.097 -0.534 0.032 0.165 -0.519 0.019 -0.011 -0.416 0.049 0.069 -0.404 
0.999 0.009 -0.040 -0.009 0.982 -0.011 -0.003 -0.190 0.021 -0.148 -0.978 0.159 0.268 -0.943 0.033 -0.046 -0.882 0.061 0.129 -0.864 -0.053 -0.098 -0.533 0.020 0.169 -0.518 0.019 -0.012 -0.416 0.047 0.068 -0.405 
0.999 0.009 -0.039 -0.009 0.982 -0.009 -0.004 -0.189 0.013 -0.153 -0.979 0.153 0.265 -0.945 0.031 -0.049 -0.881 0.061 0.125 -0.862 -0.053 -0.098 -0.533 0.021 0.167 -0.519 0.017 -0.012 -0.416 0.046 0.068 -0.405 
0.999 0.007 -0.044 -0.013 0.982 -0.007 -0.003 -0.189 0.015 -0.154 -0.981 0.147 0.263 -0.948 0.034 -0.050 -0.875 0.059 0.125 -0.859 -0.041 -0.096 -0.534 0.019 0.164 -0.520 0.015 -0.013 -0.416 0.045 0.067 -0.405 
0.999 0.005 -0.044 -0.012 0.983 -0.004 -0.003 -0.184 0.021 -0.158 -0.977 0.155 0.273 -0.944 0.025 -0.059 -0.876 0.060 0.117 -0.859 -0.052 -0.100 -0.532 0.025 0.169 -0.518 0.011 -0.018 -0.416 0.047 0.064 -0.406 
0.999 0.012 -0.042 -0.012 0.982 -0.003 -0.005 -0.191 0.007 -0.171 -0.976 0.156 0.275 -0.941 0.030 -0.061 -0.873 0.055 0.114 -0.863 -0.054 -0.107 -0.531 0.018 0.172 -0.517 0.018 -0.019 -0.416 0.043 0.062 -0.406 
0.999 0.012 -0.042 -0.012 0.981 -0.004 -0.003 -0.192 0.012 -0.166 -0.977 0.160 0.279 -0.939 0.032 -0.057 -0.874 0.057 0.118 -0.862 -0.052 -0.105 -0.531 0.020 0.174 -0.517 0.019 -0.017 -0.416 0.044 0.064 -0.406 
0.999 0.013 -0.044 -0.009 0.981 -0.001 -0.004 -0.193 0.004 -0.172 -0.978 0.170 0.277 -0.940 0.027 -0.064 -0.874 0.053 0.110 -0.863 -0.049 -0.107 -0.531 0.032 0.171 -0.517 0.019 -0.018 -0.416 0.044 0.061 -0.406 
0.999 0.015 -0.046 -0.017 0.983 0.001 -0.006 -0.184 0.052 -0.151 -0.974 0.178 0.279 -0.936 0.021 -0.068 -0.875 0.051 0.109 -0.864 -0.047 -0.098 -0.533 0.032 0.177 -0.515 0.017 -0.020 -0.416 0.045 0.061 -0.406 
0.999 0.015 -0.043 -0.012 0.983 -0.002 -0.007 -0.181 0.011 -0.148 -0.983 0.190 0.288 -0.933 0.020 -0.058 -0.872 0.045 0.120 -0.862 -0.042 -0.092 -0.535 0.044 0.177 -0.514 0.016 -0.015 -0.416 0.039 0.070 -0.406 
0.999 0.010 -0.040 -0.004 0.982 0.004 -0.006 -0.186 -0.005 -0.167 -0.981 0.190 0.274 -0.933 0.028 -0.066 -0.874 0.042 0.117 -0.865 -0.043 -0.102 -0.533 0.030 0.171 -0.517 0.020 -0.018 -0.416 0.031 0.071 -0.406 
0.999 0.006 -0.041 0.007 0.982 0.009 -0.010 -0.188 0.031 -0.189 -0.973 0.177 0.243 -0.932 0.020 -0.067 -0.883 0.035 0.122 -0.867 -0.040 -0.120 -0.529 -0.005 0.158 -0.522 0.027 -0.026 -0.415 0.025 0.067 -0.407 
0.999 0.009 -0.041 0.009 0.982 0.006 -0.006 -0.188 0.035 -0.185 -0.971 0.177 0.238 -0.928 0.026 -0.056 -0.883 0.044 0.131 -0.870 -0.044 -0.123 -0.528 -0.015 0.158 -0.522 0.035 -0.022 -0.415 0.044 0.071 -0.405 
0.999 0.002 -0.041 0.004 0.985 0.010 -0.006 -0.169 0.192 -0.160 -0.938 0.163 0.216 -0.928 0.027 -0.059 -0.892 0.066 0.129 -0.874 -0.006 -0.120 -0.530 -0.035 0.156 -0.521 0.034 -0.023 -0.415 0.047 0.067 -0.405 
0.999 0.008 -0.036 0.019 0.986 0.008 -0.004 -0.164 0.156 -0.169 -0.958 0.084 0.213 -0.947 0.035 -0.047 -0.890 0.075 0.143 -0.872 0.009 -0.120 -0.531 -0.068 0.146 -0.521 0.038 -0.018 -0.415 0.055 0.073 -0.403 
0.999 0.001 -0.031 0.036 0.986 0.014 -0.004 -0.165 0.301 -0.132 -0.902 0.036 0.185 -0.937 0.039 -0.037 -0.905 0.100 0.150 -0.885 0.045 -0.132 -0.526 -0.124 0.141 -0.512 0.041 -0.016 -0.415 0.100 0.063 -0.396 
0.998 -0.006 -0.016 0.065 0.985 0.018 -0.012 -0.171 0.290 -0.088 -0.927 -0.095 0.200 -0.951 0.059 -0.022 -0.898 0.111 0.148 -0.862 0.069 -0.104 -0.530 -0.158 0.141 -0.502 0.042 -0.015 -0.414 0.180 0.056 -0.367 
0.996 -0.024 0.002 0.087 0.980 0.020 -0.012 -0.198 0.205 -0.148 -0.965 -0.289 0.105 -0.947 0.076 -0.011 -0.888 0.144 0.143 -0.812 0.100 -0.091 -0.527 -0.203 0.067 -0.500 0.058 -0.012 -0.413 0.229 0.066 -0.338 
0.998 -0.040 -0.015 0.037 0.986 0.022 -0.020 -0.163 0.548 -0.057 -0.749 -0.277 0.085 -0.931 0.032 -0.014 -0.902 0.149 0.116 -0.790 0.173 -0.123 -0.501 -0.248 0.091 -0.476 0.034 -0.016 -0.415 0.286 0.050 -0.294 
0.999 -0.024 -0.021 0.039 0.987 0.018 -0.027 -0.160 0.591 -0.027 -0.697 -0.345 0.096 -0.913 0.006 -0.005 -0.902 0.115 0.116 -0.773 0.188 -0.104 -0.500 -0.268 0.099 -0.463 0.014 -0.012 -0.417 0.297 0.038 -0.284 
0.999 -0.026 -0.022 0.035 0.986 0.016 -0.027 -0.162 0.596 -0.036 -0.692 -0.362 0.087 -0.911 -0.006 -0.003 -0.899 0.104 0.101 -0.772 0.189 -0.103 -0.500 -0.270 0.091 -0.464 0.013 -0.011 -0.417 0.297 0.040 -0.284 
0.999 -0.028 -0.019 0.032 0.987 0.018 -0.023 -0.159 0.613 -0.040 -0.670 -0.370 0.086 -0.910 -0.001 -0.005 -0.901 0.119 0.093 -0.778 0.198 -0.106 -0.496 -0.268 0.089 -0.465 0.014 -0.013 -0.416 0.297 0.037 -0.284 
0.999 -0.028 -0.015 0.010 0.990 0.013 -0.021 -0.136 0.626 -0.070 -0.670 -0.393 0.118 -0.907 0.021 -0.012 -0.904 0.153 0.084 -0.813 0.207 -0.098 -0.494 -0.252 0.093 -0.474 0.007 -0.019 -0.416 0.276 0.013 -0.306 
0.999 -0.031 -0.017 0.002 0.991 0.017 -0.021 -0.130 0.639 -0.072 -0.639 -0.380 0.126 -0.911 0.009 -0.022 -0.909 0.152 0.075 -0.821 0.210 -0.101 -0.492 -0.245 0.099 -0.476 0.003 -0.025 -0.416 0.271 0.004 -0.311 
0.999 -0.017 -0.017 -0.027 0.995 0.012 -0.031 -0.097 0.584 -0.080 -0.637 -0.384 0.164 -0.905 -0.032 -0.037 -0.905 0.139 0.048 -0.863 0.145 -0.085 -0.518 -0.239 0.118 -0.474 -0.026 -0.031 -0.415 0.227 -0.018 -0.344 
0.999 -0.002 -0.030 -0.020 0.991 -0.000 -0.019 -0.130 0.570 -0.063 -0.730 -0.356 0.142 -0.922 -0.026 -0.028 -0.893 0.136 0.071 -0.873 0.169 -0.054 -0.515 -0.218 0.094 -0.490 -0.015 -0.027 -0.416 0.193 0.014 -0.364 
0.999 -0.003 -0.036 0.028 0.978 0.005 -0.013 -0.208 0.233 -0.049 -0.971 -0.351 0.099 -0.932 -0.002 -0.083 -0.861 0.106 0.067 -0.855 0.129 -0.026 -0.529 -0.192 0.054 -0.506 0.009 -0.046 -0.414 0.143 0.041 -0.385 
0.999 -0.013 -0.042 0.001 0.980 0.008 -0.018 -0.198 0.208 -0.082 -0.967 -0.257 0.133 -0.958 -0.028 -0.104 -0.868 0.084 0.038 -0.862 0.061 -0.059 -0.538 -0.154 0.077 -0.517 -0.004 -0.064 -0.411 0.125 0.018 -0.393 
0.997 -0.008 -0.053 -0.051 0.991 -0.007 -0.005 -0.135 0.267 -0.115 -0.877 -0.035 0.200 -0.977 -0.056 -0.067 -0.869 0.090 0.031 -0.862 -0.034 -0.081 -0.537 -0.058 0.130 -0.526 -0.004 -0.044 -0.414 0.128 0.005 -0.392 
0.997 0.005 -0.059 -0.048 0.986 -0.012 0.008 -0.166 0.111 -0.143 -0.904 0.182 0.168 -0.963 -0.025 -0.081 -0.846 0.109 0.017 -0.867 -0.126 -0.109 -0.518 0.048 0.123 -0.529 0.098 -0.038 -0.403 0.107 0.004 -0.398 
0.996 0.022 -0.050 -0.068 0.986 -0.024 0.018 -0.167 -0.078 -0.107 -0.970 0.335 0.189 -0.921 0.023 -0.065 -0.765 0.135 0.025 -0.839 -0.140 -0.077 -0.521 0.152 0.130 -0.507 0.210 -0.007 -0.360 0.105 0.023 -0.399 
0.998 -0.004 -0.032 -0.061 0.980 -0.023 0.007 -0.196 0.204 -0.027 -0.949 0.545 0.061 -0.735 0.029 -0.078 -0.713 0.103 0.022 -0.898 0.004 -0.054 -0.542 0.175 0.165 -0.489 0.301 0.014 -0.289 0.063 0.032 -0.407 
0.997 -0.024 -0.037 -0.066 0.981 -0.008 0.005 -0.195 0.211 -0.046 -0.925 0.606 0.013 -0.609 0.037 -0.095 -0.684 0.095 -0.017 -0.906 -0.024 -0.084 -0.537 0.198 0.169 -0.479 0.327 0.008 -0.258 0.057 0.015 -0.409 
0.997 -0.023 -0.036 -0.065 0.980 -0.009 0.005 -0.200 0.216 -0.035 -0.927 0.591 -0.001 -0.587 0.033 -0.097 -0.680 0.089 -0.013 -0.909 -0.017 -0.081 -0.538 0.183 0.174 -0.484 0.330 0.013 -0.255 0.056 0.018 -0.409 
0.997 -0.020 -0.029 -0.076 0.980 -0.015 0.001 -0.199 0.216 -0.037 -0.914 0.570 -0.031 -0.564 0.035 -0.086 -0.697 0.083 -0.002 -0.915 -0.033 -0.086 -0.537 0.171 0.175 -0.487 0.330 0.018 -0.254 0.049 0.023 -0.409 
0.996 -0.013 -0.032 -0.085 0.984 -0.018 0.005 -0.175 0.220 -0.023 -0.862 0.589 -0.071 -0.549 0.070 -0.062 -0.737 0.084 0.008 -0.925 -0.087 -0.085 -0.531 0.199 0.154 -0.483 0.327 -0.007 -0.259 0.076 0.013 -0.405 
0.998 -0.003 -0.038 -0.057 0.980 -0.023 0.013 -0.195 0.230 -0.019 -0.890 0.540 -0.003 -0.646 0.077 -0.052 -0.832 0.095 0.040 -0.917 -0.051 -0.077 -0.537 0.139 0.160 -0.502 0.257 0.004 -0.328 0.084 0.030 -0.403 
0.999 0.025 -0.039 0.006 0.971 -0.033 0.013 -0.238 0.064 -0.049 -0.944 0.518 0.112 -0.702 0.076 -0.030 -0.870 0.092 0.073 -0.903 -0.106 -0.098 -0.525 0.107 0.163 -0.510 0.191 0.021 -0.370 0.073 0.051 -0.404 
0.998 0.006 -0.040 0.048 0.967 -0.015 0.018 -0.252 -0.122 -0.166 -0.970 0.432 0.150 -0.779 0.095 -0.049 -0.886 0.120 0.059 -0.876 -0.110 -0.126 -0.517 0.050 0.110 -0.532 0.142 0.009 -0.392 0.079 0.044 -0.403 
0.999 0.014 -0.036 0.037 0.977 -0.014 0.024 -0.213 -0.001 -0.150 -0.977 0.195 0.154 -0.939 0.107 -0.030 -0.883 0.154 0.069 -0.861 -0.063 -0.113 -0.528 -0.011 0.111 -0.534 0.082 0.002 -0.409 0.095 0.047 -0.399 
0.997 0.014 -0.041 0.057 0.979 -0.003 0.019 -0.204 0.166 -0.124 -0.962 0.144 0.204 -0.923 0.093 -0.036 -0.881 0.155 0.068 -0.871 0.017 -0.108 -0.533 -0.067 0.136 -0.524 0.039 -0.002 -0.415 0.092 0.038 -0.401 
0.999 0.004 -0.033 0.033 0.986 0.002 0.011 -0.165 0.281 -0.119 -0.936 -0.090 0.157 -0.976 0.075 -0.026 -0.872 0.168 0.063 -0.860 0.076 -0.096 -0.530 -0.111 0.104 -0.523 0.020 -0.007 -0.416 0.106 0.035 -0.398 
0.998 0.008 -0.016 0.056 0.987 0.006 0.013 -0.160 0.401 -0.088 -0.881 -0.130 0.154 -0.971 0.108 -0.011 -0.875 0.210 0.068 -0.862 0.125 -0.100 -0.520 -0.135 0.105 -0.517 0.034 -0.008 -0.416 0.168 0.029 -0.376 
0.995 0.012 0.016 0.094 0.987 0.006 0.001 -0.162 0.243 -0.098 -0.962 -0.397 0.165 -0.902 0.113 0.006 -0.856 0.226 0.073 -0.826 0.108 -0.072 -0.529 -0.189 0.079 -0.504 0.046 -0.009 -0.414 0.242 0.032 -0.333 
0.986 0.003 0.033 0.164 0.981 0.008 -0.007 -0.196 0.137 -0.062 -0.987 -0.314 0.123 -0.938 0.118 0.018 -0.880 0.237 0.104 -0.784 0.065 -0.048 -0.539 -0.215 0.073 -0.495 0.049 -0.002 -0.414 0.292 0.061 -0.286 
0.985 -0.007 0.040 0.170 0.978 0.009 -0.016 -0.208 0.126 -0.066 -0.989 -0.383 0.086 -0.917 0.100 0.025 -0.878 0.229 0.097 -0.770 0.072 -0.031 -0.539 -0.243 0.050 -0.484 0.040 -0.002 -0.415 0.298 0.067 -0.278 
0.994 -0.016 0.023 0.110 0.985 0.016 -0.014 -0.170 0.567 0.060 -0.772 -0.430 0.040 -0.899 0.090 0.011 -0.889 0.241 0.063 -0.716 0.233 -0.065 -0.488 -0.266 0.035 -0.473 0.040 -0.015 -0.415 0.350 0.038 -0.215 
0.993 -0.007 0.014 0.117 0.982 0.015 -0.019 -0.186 0.590 0.091 -0.747 -0.443 0.023 -0.889 0.086 0.019 -0.883 0.211 0.065 -0.706 0.248 -0.052 -0.482 -0.289 0.032 -0.460 0.060 -0.005 -0.413 0.354 0.046 -0.207 
0.994 0.003 0.007 0.113 0.981 0.016 -0.020 -0.190 0.617 0.117 -0.713 -0.422 0.022 -0.896 0.091 0.011 -0.884 0.191 0.058 -0.710 0.254 -0.033 -0.481 -0.288 0.035 -0.460 0.045 -0.010 -0.414 0.353 0.047 -0.209 
0.997 0.010 0.001 0.082 0.986 0.010 -0.014 -0.167 0.659 0.094 -0.657 -0.440 0.050 -0.892 0.111 0.018 -0.884 0.180 0.049 -0.716 0.259 -0.031 -0.479 -0.275 0.048 -0.467 0.047 -0.007 -0.414 0.350 0.030 -0.217 
1.000 -0.004 -0.008 0.026 0.993 0.019 -0.008 -0.116 0.665 -0.004 -0.653 -0.406 0.096 -0.906 0.112 -0.011 -0.890 0.163 0.023 -0.757 0.248 -0.062 -0.481 -0.248 0.076 -0.478 0.065 -0.013 -0.412 0.329 -0.014 -0.249 
0.999 0.009 -0.017 0.035 0.990 0.015 -0.014 -0.141 0.462 -0.042 -0.848 -0.367 0.116 -0.920 0.098 -0.023 -0.876 0.105 0.030 -0.852 0.144 -0.056 -0.523 -0.233 0.081 -0.485 0.061 -0.018 -0.412 0.239 -0.006 -0.336 
0.998 -0.005 -0.032 -0.051 0.997 0.020 -0.014 -0.077 0.524 -0.109 -0.701 -0.297 0.156 -0.936 0.050 -0.051 -0.895 0.108 0.014 -0.875 0.104 -0.087 -0.528 -0.199 0.121 -0.492 0.062 -0.037 -0.411 0.202 -0.043 -0.357 
0.999 -0.001 -0.040 0.012 0.987 0.012 -0.012 -0.159 0.049 -0.087 -0.994 -0.240 0.124 -0.963 0.092 -0.037 -0.856 0.075 0.025 -0.846 0.022 -0.050 -0.542 -0.150 0.073 -0.518 0.088 -0.024 -0.407 0.127 0.001 -0.393 
0.999 -0.002 -0.041 0.018 0.983 0.007 -0.007 -0.185 -0.040 -0.181 -0.976 -0.186 0.137 -0.973 0.108 -0.025 -0.839 0.074 0.038 -0.833 0.022 -0.078 -0.538 -0.123 0.079 -0.524 0.101 -0.009 -0.405 0.103 0.020 -0.399 
0.998 -0.015 -0.051 -0.028 0.988 0.009 -0.011 -0.154 -0.015 -0.207 -0.969 0.014 0.159 -0.983 0.081 -0.071 -0.847 0.062 0.000 -0.837 -0.066 -0.129 -0.524 -0.041 0.104 -0.533 0.088 -0.042 -0.405 0.080 -0.005 -0.405 
0.998 -0.010 -0.057 -0.035 0.986 0.007 -0.010 -0.164 -0.157 -0.243 -0.953 0.181 0.162 -0.955 0.093 -0.072 -0.839 0.060 -0.006 -0.829 -0.114 -0.143 -0.512 0.015 0.116 -0.532 0.127 -0.029 -0.396 0.070 -0.007 -0.406 
0.997 -0.022 -0.059 -0.051 0.988 0.007 -0.011 -0.155 -0.341 -0.217 -0.913 0.288 0.097 -0.926 0.096 -0.074 -0.796 0.062 -0.028 -0.809 -0.178 -0.114 -0.502 0.056 0.093 -0.533 0.229 -0.006 -0.348 0.068 -0.009 -0.407 
0.997 -0.017 -0.042 -0.065 0.989 -0.006 -0.013 -0.144 -0.389 -0.178 -0.901 0.458 0.070 -0.834 0.125 -0.033 -0.756 0.060 -0.015 -0.813 -0.200 -0.090 -0.498 0.127 0.095 -0.521 0.287 0.003 -0.303 0.060 0.007 -0.408 
0.992 0.011 -0.049 -0.119 0.994 -0.023 -0.014 -0.102 -0.016 -0.030 -0.918 0.488 -0.020 -0.770 0.118 -0.026 -0.718 0.067 0.002 -0.871 -0.203 -0.042 -0.504 0.155 0.139 -0.503 0.326 -0.021 -0.259 0.065 0.007 -0.407 
0.990 -0.009 -0.053 -0.133 0.994 -0.019 -0.021 -0.103 0.148 -0.045 -0.912 0.525 -0.066 -0.720 0.119 -0.035 -0.696 0.052 -0.016 -0.882 -0.104 -0.047 -0.533 0.172 0.123 -0.502 0.342 -0.033 -0.236 0.046 -0.003 -0.410 
0.992 -0.002 -0.053 -0.112 0.992 -0.020 -0.023 -0.126 0.137 -0.027 -0.909 0.553 -0.086 -0.664 0.141 -0.032 -0.655 0.041 -0.017 -0.899 -0.114 -0.053 -0.530 0.185 0.123 -0.497 0.365 -0.016 -0.200 0.028 -0.002 -0.412 
0.994 -0.010 -0.065 -0.093 0.986 -0.016 -0.032 -0.165 0.178 -0.015 -0.930 0.591 -0.107 -0.532 0.111 -0.028 -0.670 -0.014 -0.033 -0.898 -0.049 -0.063 -0.539 0.183 0.094 -0.504 0.355 0.035 -0.216 -0.012 -0.004 -0.412 
0.995 -0.006 -0.054 -0.087 0.981 -0.017 -0.026 -0.192 0.038 -0.006 -0.937 0.561 -0.094 -0.518 0.138 -0.025 -0.666 -0.002 -0.032 -0.907 -0.136 -0.076 -0.522 0.154 0.112 -0.511 0.363 0.055 -0.199 0.006 -0.005 -0.412 
0.997 -0.007 -0.042 -0.058 0.974 -0.014 -0.027 -0.224 0.062 0.007 -0.952 0.546 -0.067 -0.511 0.148 -0.027 -0.687 -0.005 -0.033 -0.914 -0.090 -0.079 -0.531 0.124 0.107 -0.520 0.358 0.064 -0.204 0.014 -0.005 -0.412 
0.994 -0.019 -0.051 -0.093 0.987 -0.007 -0.026 -0.160 0.227 0.007 -0.890 0.608 -0.118 -0.522 0.115 -0.057 -0.749 -0.006 -0.045 -0.918 -0.055 -0.059 -0.539 0.198 0.081 -0.500 0.326 0.000 -0.259 0.031 -0.015 -0.411 
0.995 -0.013 -0.057 -0.076 0.986 -0.008 -0.013 -0.165 0.241 -0.006 -0.850 0.581 -0.070 -0.562 0.112 -0.052 -0.811 0.034 -0.027 -0.916 -0.080 -0.069 -0.534 0.162 0.103 -0.510 0.285 -0.004 -0.304 0.046 -0.013 -0.410 
0.998 0.008 -0.063 -0.024 0.977 -0.013 -0.013 -0.212 0.181 -0.047 -0.864 0.449 0.043 -0.576 0.067 -0.041 -0.878 0.013 -0.005 -0.912 -0.106 -0.123 -0.519 0.012 0.163 -0.520 0.207 0.019 -0.362 0.047 0.013 -0.410 
0.997 0.027 -0.065 0.008 0.972 -0.018 -0.002 -0.236 0.154 -0.064 -0.879 0.380 0.076 -0.636 0.084 -0.026 -0.893 0.045 0.035 -0.913 -0.108 -0.141 -0.514 -0.055 0.153 -0.521 0.192 0.025 -0.370 0.058 0.033 -0.408 
0.997 0.020 -0.063 0.048 0.968 -0.017 0.002 -0.252 -0.119 -0.165 -0.958 0.307 0.156 -0.759 0.103 -0.002 -0.893 0.050 0.055 -0.879 -0.142 -0.141 -0.505 -0.084 0.121 -0.525 0.111 0.027 -0.401 0.047 0.050 -0.408 
0.996 0.009 -0.064 0.057 0.973 -0.005 -0.002 -0.229 -0.016 -0.141 -0.984 0.235 0.145 -0.861 0.111 0.001 -0.880 0.060 0.052 -0.860 -0.049 -0.102 -0.532 -0.077 0.094 -0.531 0.078 0.015 -0.410 0.059 0.038 -0.407 
0.997 0.008 -0.060 0.056 0.976 -0.001 -0.001 -0.216 0.030 -0.143 -0.980 0.188 0.144 -0.882 0.115 -0.003 -0.876 0.073 0.046 -0.856 -0.036 -0.110 -0.531 -0.096 0.098 -0.527 0.074 0.010 -0.410 0.072 0.037 -0.405 
0.997 0.001 -0.050 0.062 0.974 0.000 -0.004 -0.224 0.150 -0.082 -0.969 0.096 0.129 -0.915 0.118 0.022 -0.875 0.081 0.064 -0.852 0.010 -0.094 -0.536 -0.130 0.098 -0.520 0.072 0.013 -0.411 0.156 0.054 -0.379 
0.997 -0.001 -0.032 0.067 0.978 -0.000 -0.020 -0.210 0.258 -0.043 -0.927 -0.034 0.113 -0.950 0.085 0.036 -0.885 0.099 0.082 -0.828 0.035 -0.099 -0.534 -0.160 0.097 -0.512 0.051 0.009 -0.414 0.233 0.056 -0.336 
0.998 0.002 -0.029 0.062 0.979 -0.003 -0.023 -0.201 0.307 -0.034 -0.913 -0.097 0.119 -0.961 0.082 0.046 -0.885 0.123 0.092 -0.805 0.063 -0.091 -0.533 -0.164 0.099 -0.510 0.052 0.008 -0.414 0.256 0.056 -0.320 
0.996 0.001 -0.017 0.087 0.973 -0.003 -0.036 -0.229 0.299 -0.023 -0.947 -0.235 0.092 -0.958 0.049 0.055 -0.884 0.177 0.134 -0.767 0.122 -0.051 -0.528 -0.196 0.066 -0.503 0.044 0.013 -0.415 0.270 0.074 -0.304 
0.993 -0.013 -0.009 0.115 0.968 0.003 -0.044 -0.248 0.288 -0.007 -0.955 -0.285 0.039 -0.948 0.002 0.045 -0.878 0.152 0.069 -0.744 0.137 -0.027 -0.527 -0.221 0.030 -0.496 0.047 0.009 -0.414 0.288 0.073 -0.287 
0.991 -0.022 -0.002 0.133 0.965 0.009 -0.045 -0.259 0.256 -0.010 -0.966 -0.319 -0.008 -0.943 0.009 0.035 -0.882 0.172 0.083 -0.715 0.127 -0.023 -0.529 -0.219 -0.000 -0.498 0.047 -0.001 -0.414 0.314 0.073 -0.258 
0.993 -0.026 -0.008 0.114 0.969 0.011 -0.040 -0.243 0.385 0.042 -0.911 -0.316 -0.010 -0.945 0.020 0.032 -0.883 0.180 0.073 -0.707 0.167 -0.029 -0.518 -0.212 0.002 -0.501 0.046 -0.004 -0.414 0.330 0.062 -0.241 
0.998 -0.016 -0.022 0.054 0.984 -0.000 -0.030 -0.177 0.613 0.067 -0.686 -0.300 0.039 -0.950 0.032 0.056 -0.888 0.214 0.059 -0.679 0.214 -0.049 -0.498 -0.197 0.043 -0.506 0.049 0.016 -0.414 0.362 0.024 -0.196 
0.999 -0.013 -0.023 0.037 0.988 -0.001 -0.031 -0.152 0.618 0.050 -0.653 -0.297 0.046 -0.950 0.024 0.053 -0.889 0.200 0.049 -0.681 0.202 -0.057 -0.503 -0.195 0.052 -0.505 0.053 0.016 -0.413 0.363 0.006 -0.195 
0.998 -0.006 -0.018 0.066 0.984 -0.007 -0.037 -0.177 0.631 0.094 -0.615 -0.271 0.040 -0.946 0.036 0.069 -0.903 0.146 0.077 -0.701 0.214 -0.046 -0.499 -0.221 0.064 -0.493 0.007 0.015 -0.417 0.352 0.027 -0.213 
0.999 -0.022 -0.024 0.037 0.987 0.008 -0.039 -0.157 0.632 0.051 -0.607 -0.227 0.047 -0.943 0.024 0.023 -0.908 0.121 0.040 -0.772 0.210 -0.078 -0.497 -0.225 0.083 -0.488 0.016 -0.007 -0.417 0.308 -0.001 -0.274 
1.000 -0.001 -0.031 0.004 0.990 0.005 -0.041 -0.133 0.571 -0.006 -0.646 -0.148 0.083 -0.957 0.021 0.002 -0.910 0.084 0.043 -0.864 0.138 -0.070 -0.523 -0.177 0.111 -0.503 0.030 -0.019 -0.415 0.227 -0.007 -0.344 
0.997 -0.003 -0.038 0.069 0.978 0.009 -0.032 -0.203 0.172 -0.047 -0.981 -0.051 0.075 -0.976 0.056 -0.024 -0.887 0.056 0.051 -0.867 0.067 -0.042 -0.539 -0.127 0.054 -0.527 0.061 -0.021 -0.412 0.125 0.040 -0.392 
0.998 -0.007 -0.059 0.035 0.981 0.009 -0.028 -0.189 0.257 -0.045 -0.961 0.064 0.089 -0.978 0.043 -0.039 -0.882 0.053 0.032 -0.862 0.104 -0.041 -0.533 -0.055 0.065 -0.538 0.063 -0.030 -0.411 0.096 0.022 -0.401 
0.998 -0.012 -0.065 0.017 0.982 0.003 -0.027 -0.189 0.286 -0.064 -0.949 0.116 0.107 -0.973 0.048 -0.024 -0.875 0.050 0.034 -0.860 0.107 -0.054 -0.531 -0.022 0.078 -0.538 0.067 -0.019 -0.411 0.088 0.021 -0.403 
0.997 -0.007 -0.076 -0.028 0.986 -0.001 -0.023 -0.163 0.368 -0.106 -0.871 0.235 0.121 -0.944 0.045 -0.028 -0.877 0.042 0.031 -0.865 0.064 -0.087 -0.533 0.036 0.106 -0.533 0.064 -0.023 -0.411 0.077 0.008 -0.405 
0.996 -0.013 -0.069 -0.059 0.990 -0.004 -0.024 -0.142 0.199 -0.173 -0.909 0.359 0.100 -0.903 0.018 -0.032 -0.861 0.050 0.005 -0.858 -0.044 -0.124 -0.528 0.105 0.106 -0.524 0.114 -0.015 -0.401 0.065 0.006 -0.407 
0.992 -0.032 -0.061 -0.106 0.994 0.001 -0.027 -0.104 0.052 -0.155 -0.931 0.426 0.017 -0.879 0.023 -0.056 -0.822 0.060 -0.032 -0.846 -0.129 -0.114 -0.517 0.155 0.075 -0.516 0.203 -0.029 -0.363 0.067 -0.019 -0.407 
0.989 -0.028 -0.054 -0.134 0.994 -0.009 -0.037 -0.103 -0.167 -0.101 -0.964 0.511 -0.032 -0.829 0.066 -0.053 -0.752 0.041 -0.014 -0.836 -0.176 -0.071 -0.511 0.206 0.052 -0.501 0.275 -0.021 -0.312 0.053 0.000 -0.409 
0.993 0.007 -0.054 -0.100 0.988 -0.026 -0.035 -0.151 -0.335 -0.089 -0.933 0.551 0.016 -0.777 0.111 -0.006 -0.690 0.018 0.012 -0.848 -0.223 -0.063 -0.493 0.199 0.094 -0.498 0.320 0.033 -0.266 0.034 0.025 -0.411 
0.994 0.004 -0.049 -0.100 0.986 -0.023 -0.036 -0.164 -0.139 -0.077 -0.965 0.565 -0.048 -0.716 0.154 -0.009 -0.674 0.016 0.003 -0.875 -0.171 -0.073 -0.512 0.189 0.095 -0.502 0.348 0.041 -0.226 0.032 0.019 -0.411 
0.995 0.004 -0.058 -0.080 0.984 -0.013 -0.037 -0.172 -0.144 -0.062 -0.963 0.604 -0.055 -0.674 0.186 -0.016 -0.629 -0.000 -0.035 -0.888 -0.178 -0.075 -0.509 0.212 0.091 -0.493 0.369 0.032 -0.192 0.036 -0.000 -0.411 
0.994 -0.011 -0.046 -0.098 0.987 -0.014 -0.028 -0.158 -0.102 -0.056 -0.981 0.601 -0.065 -0.655 0.206 -0.010 -0.603 0.023 -0.025 -0.879 -0.123 -0.061 -0.527 0.208 0.099 -0.493 0.384 0.039 -0.158 0.051 0.004 -0.409 
0.995 -0.009 -0.048 -0.085 0.985 -0.014 -0.029 -0.169 -0.045 -0.036 -0.986 0.595 -0.072 -0.612 0.201 -0.004 -0.608 0.023 -0.024 -0.883 -0.092 -0.055 -0.534 0.190 0.104 -0.500 0.385 0.046 -0.153 0.038 0.003 -0.411 
0.995 -0.010 -0.049 -0.083 0.985 -0.013 -0.026 -0.171 -0.046 -0.038 -0.986 0.600 -0.066 -0.613 0.196 -0.005 -0.609 0.032 -0.026 -0.881 -0.092 -0.057 -0.534 0.193 0.105 -0.498 0.386 0.045 -0.153 0.039 0.001 -0.411 
0.995 -0.001 -0.051 -0.087 0.987 -0.019 -0.027 -0.154 0.041 -0.016 -0.958 0.530 -0.034 -0.670 0.139 -0.017 -0.674 0.031 -0.020 -0.893 -0.111 -0.055 -0.530 0.144 0.144 -0.505 0.354 0.019 -0.219 0.037 0.005 -0.411 
0.996 0.010 -0.058 -0.061 0.983 -0.022 -0.029 -0.181 -0.278 -0.136 -0.910 0.557 0.040 -0.674 0.109 -0.013 -0.755 0.021 -0.003 -0.872 -0.269 -0.126 -0.456 0.144 0.139 -0.507 0.290 0.031 -0.299 0.028 0.016 -0.411 
0.998 0.018 -0.053 -0.041 0.982 -0.030 -0.028 -0.186 -0.125 -0.119 -0.934 0.413 0.070 -0.811 0.062 -0.017 -0.854 0.015 0.028 -0.883 -0.210 -0.119 -0.488 0.065 0.134 -0.524 0.203 0.026 -0.364 0.038 0.026 -0.410 
0.997 0.007 -0.061 -0.038 0.986 -0.024 -0.031 -0.162 -0.073 -0.132 -0.956 0.367 0.091 -0.882 0.022 -0.020 -0.872 0.026 0.023 -0.863 -0.158 -0.106 -0.510 0.079 0.105 -0.528 0.126 0.012 -0.397 0.032 0.024 -0.411 
0.997 0.010 -0.070 0.017 0.982 -0.019 -0.022 -0.188 0.006 -0.136 -0.966 0.351 0.132 -0.881 0.029 -0.020 -0.874 0.035 0.031 -0.863 -0.095 -0.113 -0.524 0.059 0.106 -0.531 0.082 0.006 -0.409 0.042 0.029 -0.410 
0.997 0.011 -0.073 0.014 0.987 -0.012 -0.017 -0.159 0.110 -0.138 -0.957 0.229 0.150 -0.942 0.039 -0.024 -0.864 0.055 0.029 -0.857 -0.047 -0.109 -0.531 0.030 0.106 -0.533 0.044 -0.008 -0.415 0.063 0.018 -0.408 
0.998 0.007 -0.068 0.016 0.988 -0.011 -0.018 -0.153 0.143 -0.104 -0.945 0.180 0.161 -0.942 0.041 -0.011 -0.875 0.060 0.041 -0.862 -0.051 -0.095 -0.534 -0.015 0.119 -0.531 0.035 -0.001 -0.416 0.067 0.025 -0.407 
0.997 0.015 -0.061 0.039 0.986 -0.008 -0.018 -0.165 0.220 -0.084 -0.946 -0.023 0.170 -0.971 0.050 0.000 -0.870 0.071 0.049 -0.856 0.019 -0.083 -0.538 -0.098 0.114 -0.524 0.035 -0.005 -0.416 0.113 0.030 -0.396 
0.997 0.019 -0.048 0.056 0.983 -0.007 -0.028 -0.183 0.289 -0.029 -0.942 -0.306 0.158 -0.940 0.050 0.037 -0.848 0.069 0.071 -0.811 0.083 -0.046 -0.536 -0.165 0.085 -0.512 0.030 0.006 -0.416 0.216 0.045 -0.349 
0.991 0.023 -0.018 0.129 0.975 0.001 -0.052 -0.218 0.235 0.002 -0.960 -0.302 0.144 -0.937 0.014 0.021 -0.868 0.077 0.060 -0.787 0.068 -0.043 -0.539 -0.217 0.088 -0.492 0.017 -0.007 -0.417 0.254 0.054 -0.322 
0.991 0.021 -0.011 0.133 0.974 0.005 -0.054 -0.222 0.199 -0.028 -0.973 -0.375 0.126 -0.915 0.007 0.014 -0.867 0.105 0.058 -0.770 0.065 -0.049 -0.538 -0.246 0.076 -0.480 0.018 -0.010 -0.416 0.271 0.055 -0.307 
1.000 -0.015 -0.024 0.012 0.993 0.014 -0.047 -0.105 0.568 -0.021 -0.716 -0.426 0.070 -0.902 0.010 -0.002 -0.888 0.168 0.009 -0.672 0.161 -0.063 -0.517 -0.235 0.041 -0.489 0.042 -0.011 -0.415 0.360 -0.028 -0.199 
1.000 -0.013 -0.024 0.016 0.993 0.016 -0.046 -0.103 0.573 -0.011 -0.718 -0.435 0.068 -0.898 0.009 -0.005 -0.888 0.168 0.006 -0.670 0.169 -0.056 -0.515 -0.239 0.039 -0.487 0.041 -0.013 -0.415 0.361 -0.032 -0.198 
0.999 -0.009 -0.033 0.015 0.994 0.012 -0.039 -0.101 0.607 -0.002 -0.665 -0.440 0.079 -0.895 0.024 0.007 -0.885 0.175 0.017 -0.658 0.183 -0.058 -0.510 -0.244 0.048 -0.484 0.035 -0.007 -0.415 0.366 -0.036 -0.186 
0.999 -0.009 -0.033 0.013 0.994 0.011 -0.039 -0.104 0.613 -0.002 -0.648 -0.442 0.080 -0.894 0.034 0.008 -0.887 0.169 0.020 -0.660 0.183 -0.061 -0.509 -0.248 0.051 -0.481 0.033 -0.007 -0.416 0.364 -0.037 -0.190 
0.999 -0.006 -0.033 0.018 0.993 0.008 -0.043 -0.112 0.605 -0.008 -0.583 -0.454 0.077 -0.883 0.020 0.013 -0.893 0.147 0.021 -0.719 0.163 -0.088 -0.512 -0.280 0.073 -0.461 0.021 -0.009 -0.416 0.338 -0.039 -0.233 
0.999 -0.011 -0.043 -0.012 0.995 0.013 -0.037 -0.093 0.618 -0.045 -0.556 -0.368 0.107 -0.917 0.026 0.004 -0.894 0.106 0.015 -0.779 0.168 -0.099 -0.509 -0.236 0.098 -0.480 0.039 -0.016 -0.415 0.299 -0.060 -0.277 
0.998 -0.007 -0.059 -0.023 0.993 0.004 -0.046 -0.104 0.540 -0.076 -0.567 -0.363 0.146 -0.906 -0.036 0.006 -0.889 0.066 0.041 -0.842 0.087 -0.093 -0.530 -0.254 0.132 -0.463 0.009 -0.018 -0.416 0.228 -0.036 -0.342 
0.998 -0.009 -0.065 -0.025 0.993 0.003 -0.043 -0.108 0.536 -0.085 -0.575 -0.308 0.127 -0.922 -0.026 0.004 -0.891 0.057 0.041 -0.862 0.083 -0.100 -0.529 -0.240 0.130 -0.471 0.015 -0.019 -0.416 0.201 -0.034 -0.358 
0.997 0.003 -0.062 0.037 0.982 -0.009 -0.037 -0.184 0.245 -0.063 -0.945 -0.233 0.121 -0.954 -0.001 0.011 -0.870 0.042 0.065 -0.858 0.040 -0.067 -0.539 -0.199 0.087 -0.499 0.036 -0.005 -0.415 0.137 0.033 -0.388 
0.997 -0.006 -0.079 -0.005 0.988 -0.011 -0.033 -0.152 0.257 -0.076 -0.939 -0.175 0.153 -0.969 -0.017 0.002 -0.857 0.035 0.051 -0.848 0.039 -0.061 -0.540 -0.139 0.099 -0.517 0.026 -0.017 -0.416 0.093 0.010 -0.402 
0.996 -0.011 -0.085 -0.023 0.991 -0.016 -0.029 -0.131 0.286 -0.107 -0.892 0.015 0.166 -0.970 -0.024 0.002 -0.867 0.028 0.047 -0.852 0.002 -0.082 -0.538 -0.076 0.124 -0.525 0.028 -0.011 -0.416 0.079 0.006 -0.405 
0.996 -0.012 -0.080 -0.043 0.992 -0.022 -0.022 -0.126 0.138 -0.132 -0.941 0.156 0.153 -0.961 -0.000 0.015 -0.859 0.040 0.044 -0.842 -0.060 -0.094 -0.533 0.005 0.119 -0.532 0.071 0.001 -0.411 0.076 0.013 -0.405 
0.995 -0.019 -0.081 -0.064 0.992 -0.014 -0.022 -0.120 -0.018 -0.150 -0.967 0.292 0.095 -0.939 0.012 -0.030 -0.824 0.046 0.003 -0.827 -0.106 -0.103 -0.524 0.091 0.087 -0.529 0.159 -0.015 -0.385 0.075 -0.003 -0.406 
0.992 -0.022 -0.078 -0.099 0.994 -0.016 -0.027 -0.101 -0.065 -0.130 -0.961 0.410 0.061 -0.894 0.012 -0.035 -0.769 0.041 -0.004 -0.824 -0.148 -0.090 -0.516 0.157 0.082 -0.514 0.223 -0.014 -0.352 0.074 -0.005 -0.406 
0.990 -0.018 -0.085 -0.111 0.995 -0.017 -0.032 -0.094 -0.069 -0.118 -0.956 0.458 0.027 -0.869 0.026 -0.030 -0.748 0.027 -0.008 -0.821 -0.164 -0.081 -0.513 0.181 0.068 -0.508 0.238 -0.012 -0.342 0.062 -0.005 -0.408 
0.988 0.004 -0.080 -0.130 0.994 -0.030 -0.033 -0.095 -0.160 -0.074 -0.971 0.385 0.044 -0.920 0.073 0.002 -0.705 0.021 0.014 -0.816 -0.167 -0.043 -0.517 0.187 0.047 -0.509 0.273 0.013 -0.315 0.051 0.018 -0.409 
0.995 0.018 -0.063 -0.076 0.987 -0.038 -0.039 -0.153 -0.126 -0.050 -0.980 0.356 0.083 -0.929 0.095 0.034 -0.660 -0.000 0.038 -0.828 -0.001 -0.010 -0.545 0.166 0.064 -0.514 0.307 0.060 -0.276 0.027 0.045 -0.410 
0.992 -0.001 -0.079 -0.098 0.992 -0.020 -0.043 -0.120 0.279 -0.034 -0.901 0.558 -0.094 -0.669 0.055 -0.007 -0.653 -0.018 -0.015 -0.880 0.000 -0.057 -0.542 0.178 0.097 -0.505 0.339 0.018 -0.242 0.025 0.002 -0.412 
0.991 -0.001 -0.089 -0.098 0.992 -0.018 -0.036 -0.119 0.309 -0.019 -0.888 0.574 -0.103 -0.618 0.050 -0.005 -0.627 -0.006 -0.019 -0.877 0.016 -0.055 -0.542 0.185 0.104 -0.501 0.352 0.014 -0.223 0.030 -0.002 -0.412 
0.992 -0.005 -0.090 -0.087 0.992 -0.020 -0.030 -0.125 0.308 -0.009 -0.878 0.602 -0.103 -0.561 0.039 -0.005 -0.628 0.007 -0.015 -0.882 0.006 -0.058 -0.542 0.198 0.099 -0.497 0.353 0.020 -0.222 0.031 0.003 -0.411 
0.994 0.006 -0.092 -0.063 0.989 -0.021 -0.013 -0.142 0.316 0.004 -0.872 0.609 -0.078 -0.547 0.035 -0.002 -0.658 0.049 0.000 -0.885 0.008 -0.055 -0.542 0.194 0.105 -0.498 0.340 0.032 -0.239 0.039 0.013 -0.411 
0.996 0.005 -0.079 -0.052 0.989 -0.018 -0.014 -0.149 0.281 -0.009 -0.856 0.588 -0.052 -0.561 0.022 -0.013 -0.728 0.040 -0.004 -0.899 -0.038 -0.077 -0.538 0.168 0.117 -0.505 0.300 0.031 -0.288 0.044 0.009 -0.410 
0.997 0.016 -0.069 -0.015 0.985 -0.018 -0.011 -0.170 0.254 -0.018 -0.858 0.550 0.007 -0.583 0.028 -0.016 -0.810 0.039 0.006 -0.907 -0.054 -0.102 -0.532 0.114 0.126 -0.517 0.255 0.033 -0.328 0.046 0.015 -0.410 
0.997 0.008 -0.063 -0.031 0.990 -0.027 -0.008 -0.140 0.091 -0.082 -0.892 0.523 0.026 -0.627 -0.006 -0.003 -0.882 0.035 0.045 -0.894 -0.151 -0.120 -0.509 0.089 0.122 -0.523 0.160 0.040 -0.383 0.054 0.039 -0.408 
0.996 0.008 -0.064 0.061 0.986 -0.021 0.002 -0.163 -0.158 -0.197 -0.965 0.322 0.166 -0.899 0.028 -0.007 -0.873 0.071 0.062 -0.838 -0.102 -0.117 -0.522 0.058 0.102 -0.532 0.079 0.022 -0.409 0.064 0.050 -0.405 
0.996 0.006 -0.051 0.069 0.982 -0.022 0.004 -0.185 -0.051 -0.186 -0.978 0.238 0.139 -0.901 0.039 0.024 -0.882 0.076 0.093 -0.842 -0.047 -0.114 -0.530 -0.032 0.083 -0.537 0.073 0.033 -0.410 0.067 0.069 -0.402 
0.993 0.001 -0.042 0.106 0.979 -0.011 0.003 -0.205 0.037 -0.183 -0.980 0.122 0.150 -0.918 0.052 0.013 -0.876 0.097 0.082 -0.844 0.006 -0.111 -0.532 -0.106 0.080 -0.528 0.079 0.024 -0.409 0.106 0.069 -0.393 
0.996 0.006 -0.024 0.082 0.985 -0.014 -0.008 -0.171 0.131 -0.137 -0.980 -0.251 0.111 -0.962 0.037 0.059 -0.851 0.111 0.097 -0.795 0.054 -0.086 -0.535 -0.157 0.066 -0.517 0.062 0.024 -0.412 0.226 0.065 -0.340 
0.996 0.011 -0.016 0.089 0.985 -0.013 -0.013 -0.171 0.133 -0.141 -0.980 -0.345 0.119 -0.932 0.037 0.060 -0.844 0.127 0.095 -0.787 0.069 -0.079 -0.534 -0.175 0.061 -0.512 0.055 0.020 -0.413 0.237 0.065 -0.332 
0.996 -0.001 -0.016 0.092 0.986 -0.004 -0.018 -0.169 0.131 -0.139 -0.980 -0.398 0.081 -0.911 0.028 0.048 -0.842 0.144 0.059 -0.743 0.083 -0.068 -0.534 -0.182 0.034 -0.512 0.057 0.013 -0.413 0.271 0.054 -0.307 
0.992 -0.025 -0.034 0.116 0.984 0.006 -0.014 -0.177 0.191 -0.085 -0.975 -0.335 0.014 -0.942 0.036 0.027 -0.847 0.156 0.054 -0.684 0.125 -0.026 -0.530 -0.196 0.009 -0.507 0.064 0.013 -0.412 0.309 0.050 -0.269 
0.989 -0.029 -0.035 0.139 0.982 0.015 -0.016 -0.189 0.194 -0.066 -0.976 -0.285 -0.004 -0.954 0.037 0.007 -0.851 0.158 0.038 -0.670 0.124 -0.012 -0.531 -0.202 -0.001 -0.505 0.071 0.003 -0.411 0.319 0.050 -0.257 
0.990 -0.040 -0.032 0.131 0.982 0.024 -0.029 -0.184 0.331 0.038 -0.937 -0.351 -0.048 -0.924 -0.011 -0.030 -0.868 0.142 0.022 -0.707 0.146 -0.017 -0.525 -0.257 -0.017 -0.479 0.051 -0.016 -0.413 0.326 0.022 -0.252 
0.995 -0.012 -0.041 0.092 0.988 0.011 -0.022 -0.151 0.612 0.084 -0.719 -0.320 0.003 -0.937 -0.011 -0.006 -0.875 0.156 0.035 -0.723 0.239 -0.038 -0.488 -0.236 0.022 -0.489 0.042 -0.014 -0.415 0.333 0.004 -0.243 
0.996 0.011 -0.047 0.079 0.990 -0.003 -0.028 -0.137 0.647 0.092 -0.656 -0.328 0.028 -0.931 -0.017 0.022 -0.881 0.120 0.058 -0.761 0.240 -0.026 -0.489 -0.248 0.046 -0.482 0.030 -0.001 -0.416 0.304 0.004 -0.279 
0.995 -0.003 -0.049 0.088 0.989 0.003 -0.025 -0.142 0.618 0.093 -0.637 -0.086 0.045 -0.924 -0.021 0.007 -0.904 0.109 0.057 -0.817 0.217 -0.067 -0.495 -0.224 0.073 -0.490 0.039 -0.006 -0.415 0.265 0.003 -0.316 
0.995 -0.003 -0.049 0.088 0.990 0.004 -0.025 -0.142 0.619 0.091 -0.637 -0.086 0.043 -0.924 -0.020 0.005 -0.904 0.110 0.056 -0.817 0.217 -0.068 -0.495 -0.224 0.073 -0.491 0.039 -0.006 -0.415 0.266 0.002 -0.316 
0.999 -0.011 -0.048 0.012 0.996 -0.003 -0.022 -0.087 0.599 -0.060 -0.619 -0.245 0.119 -0.945 -0.016 -0.025 -0.899 0.099 0.037 -0.877 0.158 -0.098 -0.512 -0.211 0.106 -0.490 0.024 -0.041 -0.414 0.185 -0.026 -0.368 
0.998 -0.008 -0.054 -0.014 0.997 -0.013 -0.025 -0.072 0.592 -0.101 -0.633 -0.168 0.136 -0.963 -0.025 -0.023 -0.894 0.073 0.034 -0.885 0.153 -0.098 -0.514 -0.163 0.111 -0.507 0.009 -0.040 -0.415 0.136 -0.018 -0.389 
0.998 -0.007 -0.062 -0.027 0.997 -0.018 -0.024 -0.066 0.569 -0.110 -0.631 -0.128 0.145 -0.968 -0.037 -0.023 -0.896 0.058 0.028 -0.882 0.128 -0.096 -0.521 -0.141 0.118 -0.512 0.007 -0.041 -0.415 0.116 -0.022 -0.395 
0.998 -0.002 -0.066 -0.003 0.995 -0.012 -0.016 -0.094 0.178 -0.107 -0.974 -0.016 0.105 -0.989 -0.022 -0.048 -0.833 0.092 -0.001 -0.832 0.059 -0.071 -0.537 -0.060 0.074 -0.536 0.122 -0.014 -0.399 0.104 0.013 -0.399 
0.996 -0.002 -0.075 -0.047 0.998 -0.013 -0.017 -0.064 0.285 -0.103 -0.933 0.100 0.088 -0.985 0.003 -0.044 -0.786 0.087 -0.015 -0.831 0.066 -0.077 -0.535 0.007 0.074 -0.539 0.195 -0.034 -0.367 0.104 -0.006 -0.399 
0.988 0.007 -0.068 -0.135 0.999 -0.025 -0.023 0.010 0.298 -0.177 -0.849 0.109 0.142 -0.984 -0.004 -0.036 -0.742 0.085 -0.022 -0.835 -0.021 -0.086 -0.538 0.054 0.084 -0.534 0.220 -0.071 -0.347 0.091 -0.021 -0.402 
0.990 0.026 -0.061 -0.126 0.999 -0.033 -0.027 -0.016 0.177 -0.168 -0.877 0.194 0.127 -0.972 0.016 -0.027 -0.686 0.098 -0.018 -0.845 -0.103 -0.087 -0.528 0.090 0.089 -0.529 0.264 -0.060 -0.317 0.071 -0.008 -0.406 
0.990 0.027 -0.056 -0.128 0.999 -0.034 -0.034 -0.025 0.094 -0.167 -0.921 0.243 0.106 -0.959 0.048 -0.025 -0.657 0.079 -0.015 -0.850 -0.116 -0.095 -0.524 0.101 0.098 -0.525 0.301 -0.056 -0.283 0.066 -0.004 -0.407 
0.991 0.038 -0.035 -0.127 0.996 -0.049 -0.042 -0.054 -0.123 -0.122 -0.974 0.067 0.186 -0.981 0.103 0.001 -0.612 0.034 0.029 -0.852 -0.138 -0.069 -0.523 0.042 0.094 -0.534 0.338 -0.021 -0.244 0.029 0.026 -0.411 
0.992 0.041 -0.028 -0.117 0.995 -0.053 -0.049 -0.070 -0.255 -0.079 -0.962 0.138 0.140 -0.980 0.129 -0.004 -0.617 0.010 0.037 -0.863 -0.161 -0.046 -0.519 0.061 0.090 -0.533 0.344 -0.005 -0.236 0.017 0.034 -0.411 
0.998 0.019 -0.051 -0.037 0.986 -0.033 -0.043 -0.157 -0.337 -0.118 -0.932 0.540 0.006 -0.690 0.158 -0.007 -0.626 0.003 0.009 -0.872 -0.200 -0.076 -0.501 0.126 0.096 -0.521 0.370 0.047 -0.186 -0.013 0.021 -0.412 
0.998 0.019 -0.063 -0.017 0.983 -0.034 -0.035 -0.178 -0.375 -0.133 -0.913 0.560 0.047 -0.671 0.123 0.016 -0.648 0.017 0.014 -0.857 -0.233 -0.095 -0.483 0.136 0.108 -0.516 0.348 0.067 -0.221 -0.020 0.021 -0.412 
0.998 0.018 -0.059 -0.031 0.984 -0.035 -0.036 -0.173 -0.366 -0.127 -0.907 0.520 0.030 -0.676 0.096 0.020 -0.671 0.015 0.014 -0.863 -0.260 -0.112 -0.465 0.097 0.108 -0.525 0.336 0.064 -0.239 -0.021 0.020 -0.412 
0.997 0.030 -0.065 0.022 0.978 -0.035 -0.023 -0.206 -0.322 -0.181 -0.926 0.537 0.100 -0.703 0.081 0.011 -0.768 0.037 0.037 -0.855 -0.194 -0.115 -0.495 0.118 0.105 -0.521 0.270 0.082 -0.308 -0.001 0.033 -0.412 
0.997 0.040 -0.067 0.010 0.985 -0.042 -0.021 -0.168 -0.208 -0.119 -0.951 0.478 0.096 -0.770 0.041 0.009 -0.836 0.038 0.057 -0.864 -0.195 -0.108 -0.497 0.094 0.114 -0.524 0.202 0.063 -0.360 0.012 0.045 -0.410 
0.997 0.034 -0.066 0.036 0.985 -0.032 -0.017 -0.171 -0.173 -0.148 -0.958 0.386 0.138 -0.835 0.032 -0.008 -0.873 0.056 0.046 -0.866 -0.165 -0.122 -0.504 0.047 0.115 -0.530 0.148 0.042 -0.388 0.035 0.044 -0.409 
0.997 0.021 -0.071 0.030 0.988 -0.014 -0.009 -0.152 0.102 -0.139 -0.945 0.240 0.140 -0.907 0.038 -0.024 -0.878 0.078 0.034 -0.872 -0.071 -0.125 -0.525 -0.019 0.115 -0.532 0.073 0.011 -0.410 0.063 0.034 -0.407 
0.998 0.011 -0.064 0.024 0.988 -0.007 -0.010 -0.152 0.090 -0.164 -0.960 0.165 0.136 -0.934 0.049 -0.020 -0.872 0.076 0.032 -0.863 -0.046 -0.125 -0.528 -0.050 0.102 -0.532 0.056 0.003 -0.413 0.065 0.041 -0.406 
0.997 0.019 -0.062 0.043 0.984 -0.004 -0.006 -0.177 0.276 -0.103 -0.924 0.019 0.161 -0.962 0.076 0.008 -0.872 0.092 0.057 -0.857 0.044 -0.101 -0.533 -0.097 0.117 -0.523 0.050 0.006 -0.414 0.140 0.046 -0.386 
0.995 0.025 -0.046 0.085 0.980 -0.000 -0.012 -0.197 0.374 -0.064 -0.896 -0.114 0.138 -0.972 0.083 0.019 -0.864 0.102 0.067 -0.825 0.114 -0.094 -0.524 -0.139 0.095 -0.518 0.051 0.003 -0.414 0.215 0.056 -0.348 
0.988 0.025 -0.026 0.148 0.975 0.009 -0.025 -0.222 0.278 -0.038 -0.954 -0.236 0.078 -0.956 0.064 0.014 -0.865 0.095 0.054 -0.784 0.117 -0.058 -0.529 -0.205 0.047 -0.502 0.046 -0.004 -0.414 0.250 0.067 -0.322 
0.990 0.007 -0.012 0.139 0.979 0.012 -0.042 -0.199 0.206 -0.038 -0.977 -0.357 0.061 -0.932 0.007 -0.005 -0.868 0.157 0.022 -0.740 0.113 -0.021 -0.533 -0.214 0.035 -0.499 0.027 -0.013 -0.416 0.281 0.053 -0.298 
0.990 0.005 -0.022 0.141 0.978 0.018 -0.037 -0.206 0.230 -0.033 -0.972 -0.421 0.018 -0.907 0.018 -0.016 -0.863 0.126 0.021 -0.727 0.135 -0.008 -0.528 -0.238 0.010 -0.489 0.038 -0.018 -0.415 0.288 0.049 -0.292 
0.992 -0.013 -0.041 0.123 0.979 0.020 -0.029 -0.199 0.561 0.065 -0.807 -0.389 -0.007 -0.913 0.025 -0.019 -0.876 0.189 0.063 -0.707 0.256 -0.025 -0.480 -0.267 0.004 -0.474 0.046 -0.019 -0.414 0.327 0.047 -0.247 
0.990 -0.001 -0.055 0.127 0.980 0.014 -0.032 -0.195 0.662 0.172 -0.638 -0.144 0.016 -0.898 0.022 -0.004 -0.899 0.082 0.039 -0.752 0.292 -0.026 -0.459 -0.283 0.032 -0.464 0.043 -0.007 -0.415 0.297 0.045 -0.283 
0.994 -0.009 -0.065 0.086 0.988 0.018 -0.022 -0.154 0.709 0.116 -0.582 -0.224 0.034 -0.909 0.037 -0.015 -0.898 0.103 0.028 -0.769 0.303 -0.043 -0.451 -0.288 0.060 -0.458 0.047 -0.016 -0.414 0.289 0.013 -0.295 
0.994 -0.010 -0.067 0.083 0.988 0.013 -0.020 -0.154 0.709 0.113 -0.579 -0.258 0.033 -0.903 0.041 -0.006 -0.896 0.099 0.038 -0.778 0.301 -0.042 -0.453 -0.300 0.059 -0.450 0.050 -0.012 -0.414 0.282 0.017 -0.300 
0.997 0.011 -0.064 0.047 0.987 0.001 -0.028 -0.156 0.643 0.036 -0.635 -0.246 0.030 -0.922 0.014 -0.007 -0.896 0.058 0.052 -0.872 0.221 -0.060 -0.494 -0.271 0.065 -0.467 0.041 -0.023 -0.414 0.197 0.010 -0.363 
0.997 0.012 -0.072 0.012 0.989 -0.002 -0.031 -0.144 0.661 -0.007 -0.653 -0.289 0.049 -0.942 0.005 -0.012 -0.889 0.041 0.049 -0.874 0.240 -0.048 -0.487 -0.227 0.062 -0.490 0.030 -0.029 -0.415 0.165 -0.001 -0.378 
0.999 0.003 -0.030 0.027 0.989 -0.015 -0.044 -0.138 0.112 -0.072 -0.989 -0.222 0.123 -0.963 0.037 -0.018 -0.873 0.027 0.057 -0.883 0.036 -0.048 -0.542 -0.167 0.078 -0.512 0.022 -0.029 -0.415 0.071 0.039 -0.405 
0.998 0.002 -0.049 0.042 0.985 -0.012 -0.024 -0.168 0.043 -0.089 -0.987 -0.128 0.119 -0.981 0.013 -0.029 -0.855 0.048 0.037 -0.841 0.077 -0.023 -0.539 -0.115 0.070 -0.527 0.051 -0.026 -0.413 0.071 0.033 -0.405 
0.998 0.003 -0.057 -0.012 0.989 -0.015 -0.026 -0.143 0.067 -0.082 -0.990 -0.224 0.174 -0.953 0.006 -0.027 -0.838 0.042 0.032 -0.832 0.080 -0.036 -0.538 -0.066 0.075 -0.535 0.047 -0.034 -0.413 0.050 0.021 -0.409 
0.996 -0.000 -0.069 -0.051 0.993 -0.011 -0.022 -0.112 0.036 -0.155 -0.985 0.165 0.124 -0.975 0.028 -0.055 -0.784 0.053 -0.020 -0.830 -0.002 -0.089 -0.537 0.051 0.085 -0.535 0.183 -0.027 -0.374 0.042 0.002 -0.410 
0.996 0.009 -0.067 -0.054 0.993 -0.016 -0.027 -0.114 -0.065 -0.157 -0.984 0.242 0.124 -0.957 0.029 -0.047 -0.760 0.039 -0.013 -0.831 -0.048 -0.089 -0.535 0.081 0.090 -0.531 0.203 -0.019 -0.364 0.024 0.015 -0.412 
0.996 0.006 -0.063 -0.065 0.991 -0.023 -0.032 -0.126 -0.225 -0.176 -0.956 0.329 0.111 -0.933 0.066 -0.040 -0.731 0.029 -0.007 -0.832 -0.101 -0.090 -0.528 0.135 0.084 -0.521 0.245 -0.002 -0.338 0.021 0.023 -0.412 
0.995 0.016 -0.042 -0.086 0.991 -0.034 -0.042 -0.124 -0.422 -0.124 -0.852 0.123 0.176 -0.965 0.069 -0.008 -0.666 0.007 0.011 -0.816 -0.112 -0.035 -0.532 0.135 0.052 -0.525 0.272 0.019 -0.316 0.020 0.040 -0.411 
0.995 0.016 -0.045 -0.088 0.991 -0.034 -0.044 -0.124 -0.377 -0.110 -0.879 0.133 0.172 -0.963 0.080 -0.010 -0.651 -0.008 0.011 -0.823 -0.089 -0.031 -0.537 0.141 0.048 -0.523 0.280 0.019 -0.309 0.016 0.039 -0.411 
0.996 0.029 -0.044 -0.065 0.986 -0.042 -0.046 -0.155 -0.441 -0.133 -0.825 0.174 0.231 -0.934 0.102 0.009 -0.626 -0.009 0.025 -0.816 -0.107 -0.033 -0.533 0.189 0.069 -0.506 0.281 0.042 -0.305 0.005 0.048 -0.410 
0.998 0.027 -0.061 0.004 0.974 -0.032 -0.044 -0.220 -0.232 -0.123 -0.951 0.588 0.102 -0.702 0.095 0.005 -0.641 -0.035 0.006 -0.861 -0.069 -0.023 -0.540 0.177 0.107 -0.504 0.325 0.089 -0.247 -0.012 0.036 -0.411 
0.998 0.024 -0.060 0.006 0.974 -0.032 -0.041 -0.222 -0.274 -0.128 -0.940 0.604 0.105 -0.682 0.090 0.007 -0.651 -0.020 0.009 -0.859 -0.095 -0.026 -0.536 0.185 0.110 -0.501 0.320 0.091 -0.253 -0.004 0.040 -0.411 
0.998 0.011 -0.066 0.001 0.973 -0.029 -0.034 -0.228 -0.270 -0.131 -0.952 0.596 0.097 -0.636 0.077 -0.004 -0.694 -0.014 0.005 -0.865 -0.136 -0.063 -0.523 0.159 0.123 -0.507 0.297 0.093 -0.278 -0.001 0.038 -0.411 
0.997 0.010 -0.070 -0.017 0.976 -0.022 -0.032 -0.214 -0.320 -0.158 -0.916 0.558 0.076 -0.609 0.082 -0.030 -0.774 0.001 -0.004 -0.872 -0.242 -0.129 -0.470 0.117 0.142 -0.513 0.263 0.069 -0.317 0.009 0.029 -0.412 
0.998 0.013 -0.064 0.002 0.976 -0.029 -0.034 -0.215 -0.259 -0.158 -0.932 0.513 0.100 -0.630 0.036 -0.014 -0.832 -0.015 0.015 -0.877 -0.214 -0.136 -0.481 0.071 0.131 -0.525 0.198 0.062 -0.362 -0.004 0.034 -0.412 
0.997 0.026 -0.068 0.015 0.979 -0.026 -0.031 -0.198 -0.113 -0.123 -0.944 0.507 0.107 -0.656 0.005 -0.014 -0.871 -0.001 0.019 -0.886 -0.181 -0.136 -0.494 0.071 0.129 -0.525 0.145 0.044 -0.389 0.014 0.031 -0.412 
0.997 0.031 -0.063 0.040 0.977 -0.026 -0.027 -0.210 -0.119 -0.124 -0.954 0.445 0.136 -0.680 0.014 -0.011 -0.882 0.008 0.028 -0.888 -0.162 -0.135 -0.501 0.014 0.131 -0.529 0.135 0.044 -0.393 0.018 0.036 -0.411 
0.997 0.024 -0.073 0.033 0.983 -0.022 -0.012 -0.183 0.086 -0.088 -0.950 0.358 0.167 -0.771 0.035 -0.007 -0.887 0.046 0.044 -0.885 -0.080 -0.108 -0.527 -0.025 0.153 -0.523 0.094 0.031 -0.405 0.057 0.045 -0.407 
0.996 0.014 -0.079 0.038 0.988 -0.012 -0.008 -0.155 0.176 -0.117 -0.953 0.299 0.203 -0.850 0.040 -0.009 -0.866 0.068 0.037 -0.857 -0.000 -0.104 -0.534 -0.016 0.147 -0.525 0.068 0.020 -0.411 0.070 0.038 -0.405 
0.996 0.026 -0.074 0.045 0.987 -0.008 -0.011 -0.161 0.309 -0.080 -0.928 0.058 0.146 -0.959 0.050 0.010 -0.860 0.084 0.041 -0.849 0.085 -0.078 -0.532 -0.085 0.109 -0.527 0.060 0.015 -0.413 0.110 0.032 -0.397 
0.994 0.024 -0.053 0.096 0.983 0.001 -0.019 -0.183 0.329 -0.049 -0.932 -0.058 0.156 -0.953 0.058 0.009 -0.860 0.096 0.030 -0.837 0.125 -0.068 -0.526 -0.158 0.105 -0.511 0.055 0.009 -0.413 0.179 0.027 -0.371 
0.989 0.025 -0.032 0.141 0.980 0.005 -0.025 -0.197 0.273 -0.052 -0.957 -0.165 0.157 -0.938 0.061 0.007 -0.861 0.121 0.043 -0.803 0.123 -0.059 -0.527 -0.220 0.096 -0.489 0.057 0.007 -0.413 0.238 0.048 -0.334 
0.987 0.012 -0.021 0.160 0.976 0.009 -0.028 -0.215 0.191 -0.075 -0.974 -0.166 0.128 -0.925 0.052 0.009 -0.863 0.106 0.049 -0.796 0.079 -0.077 -0.533 -0.249 0.069 -0.479 0.063 0.007 -0.412 0.243 0.059 -0.329 
0.983 0.008 -0.010 0.186 0.973 0.007 -0.037 -0.227 0.186 -0.110 -0.974 -0.282 0.114 -0.900 0.041 0.018 -0.867 0.109 0.063 -0.767 0.092 -0.078 -0.531 -0.306 0.051 -0.447 0.057 0.009 -0.413 0.258 0.075 -0.314 
0.992 -0.015 -0.012 0.124 0.982 0.022 -0.040 -0.181 0.683 0.059 -0.650 -0.410 0.090 -0.855 0.037 -0.004 -0.895 0.103 0.045 -0.751 0.309 -0.092 -0.438 -0.359 0.077 -0.402 0.044 -0.033 -0.413 0.296 0.039 -0.285 
0.991 -0.001 -0.028 0.129 0.985 0.013 -0.026 -0.173 0.654 0.082 -0.630 -0.383 0.100 -0.870 0.040 0.011 -0.884 0.103 0.061 -0.735 0.273 -0.100 -0.460 -0.341 0.086 -0.416 0.058 -0.020 -0.412 0.311 0.036 -0.269 
0.992 0.003 -0.040 0.116 0.987 0.017 -0.022 -0.156 0.698 0.098 -0.524 -0.386 0.108 -0.868 0.031 -0.006 -0.886 0.113 0.050 -0.737 0.296 -0.099 -0.447 -0.337 0.104 -0.415 0.058 -0.018 -0.412 0.317 0.020 -0.263 
0.992 -0.003 -0.045 0.116 0.988 0.020 -0.019 -0.150 0.695 0.121 -0.473 -0.299 0.133 -0.861 0.035 -0.015 -0.893 0.115 0.046 -0.747 0.301 -0.105 -0.441 -0.340 0.126 -0.407 0.058 -0.023 -0.412 0.315 0.015 -0.266 
0.995 -0.006 -0.051 0.085 0.994 0.019 -0.012 -0.111 0.708 0.073 -0.420 -0.304 0.216 -0.872 0.038 -0.020 -0.888 0.130 0.038 -0.767 0.295 -0.116 -0.443 -0.301 0.181 -0.416 0.050 -0.029 -0.413 0.304 -0.009 -0.279 
0.996 0.001 -0.051 0.077 0.993 0.011 -0.011 -0.116 0.686 0.055 -0.400 -0.290 0.255 -0.863 0.048 -0.008 -0.879 0.126 0.054 -0.828 0.269 -0.116 -0.459 -0.292 0.210 -0.409 0.054 -0.025 -0.413 0.266 0.001 -0.315 
0.996 -0.002 -0.053 0.065 0.993 0.011 -0.012 -0.114 0.681 0.044 -0.397 -0.261 0.255 -0.865 0.054 -0.013 -0.882 0.118 0.052 -0.850 0.261 -0.116 -0.464 -0.286 0.213 -0.411 0.047 -0.029 -0.413 0.248 -0.004 -0.330 
0.998 -0.004 -0.050 0.027 0.996 0.011 -0.012 -0.088 0.636 -0.020 -0.419 -0.198 0.285 -0.882 0.049 -0.022 -0.896 0.131 0.042 -0.889 0.201 -0.129 -0.489 -0.235 0.238 -0.430 0.038 -0.037 -0.413 0.207 -0.019 -0.356 
0.999 -0.002 -0.047 0.011 0.995 0.004 -0.013 -0.098 0.590 -0.056 -0.530 -0.103 0.287 -0.900 0.031 -0.022 -0.905 0.146 0.048 -0.904 0.143 -0.136 -0.507 -0.189 0.233 -0.455 0.031 -0.042 -0.414 0.167 -0.018 -0.377 
0.998 0.015 -0.059 -0.006 0.995 -0.002 -0.012 -0.098 0.559 -0.070 -0.677 0.011 0.253 -0.947 0.012 -0.038 -0.882 0.119 0.023 -0.895 0.132 -0.085 -0.522 -0.083 0.186 -0.505 0.034 -0.044 -0.413 0.115 -0.014 -0.396 
0.999 0.002 -0.053 0.002 0.994 -0.001 -0.018 -0.104 0.095 -0.103 -0.986 0.111 0.186 -0.969 0.010 -0.061 -0.863 0.073 0.019 -0.869 0.015 -0.069 -0.540 -0.001 0.119 -0.531 0.051 -0.032 -0.413 0.052 0.020 -0.409 
0.997 -0.002 -0.053 -0.051 0.996 -0.005 -0.013 -0.091 0.223 -0.109 -0.957 0.128 0.162 -0.978 0.022 -0.048 -0.841 0.086 0.009 -0.855 0.053 -0.073 -0.537 0.047 0.102 -0.532 0.142 -0.023 -0.391 0.062 0.014 -0.408 
0.994 0.005 -0.052 -0.097 0.998 -0.013 -0.008 -0.066 0.255 -0.140 -0.895 0.307 0.081 -0.933 0.036 -0.049 -0.799 0.085 0.003 -0.871 -0.021 -0.093 -0.537 0.109 0.105 -0.523 0.214 -0.030 -0.356 0.073 0.010 -0.406 
0.991 0.011 -0.040 -0.128 0.999 -0.022 -0.006 -0.044 0.051 -0.168 -0.940 0.366 0.039 -0.918 0.064 -0.036 -0.741 0.084 0.010 -0.862 -0.117 -0.102 -0.522 0.155 0.080 -0.515 0.269 -0.024 -0.318 0.076 0.014 -0.405 
0.994 0.030 -0.026 -0.098 0.996 -0.028 0.001 -0.079 -0.123 -0.128 -0.977 0.280 0.108 -0.952 0.120 -0.012 -0.679 0.111 0.030 -0.848 -0.121 -0.080 -0.525 0.130 0.084 -0.522 0.316 0.002 -0.272 0.078 0.029 -0.404 
0.999 0.019 -0.026 -0.041 0.991 -0.022 0.002 -0.129 -0.189 -0.158 -0.968 0.474 0.073 -0.833 0.152 -0.007 -0.662 0.100 0.031 -0.857 -0.114 -0.092 -0.524 0.157 0.116 -0.508 0.342 0.035 -0.236 0.068 0.034 -0.406 
1.000 0.018 -0.005 -0.019 0.987 -0.027 0.012 -0.159 -0.343 -0.173 -0.922 0.521 0.016 -0.712 0.182 0.008 -0.666 0.124 0.050 -0.869 -0.196 -0.104 -0.497 0.124 0.124 -0.516 0.363 0.062 -0.197 0.071 0.046 -0.404 
1.000 0.011 0.004 0.006 0.981 -0.020 0.028 -0.192 -0.356 -0.204 -0.910 0.527 0.057 -0.646 0.197 0.018 -0.684 0.140 0.052 -0.872 -0.198 -0.117 -0.493 0.098 0.143 -0.517 0.357 0.083 -0.200 0.075 0.050 -0.403 
0.999 0.004 0.024 0.041 0.976 -0.016 0.040 -0.214 -0.365 -0.194 -0.908 0.524 0.091 -0.599 0.211 0.021 -0.736 0.172 0.055 -0.878 -0.203 -0.116 -0.491 0.081 0.161 -0.515 0.339 0.090 -0.227 0.092 0.056 -0.399 
0.997 0.007 0.039 0.067 0.973 -0.012 0.054 -0.225 -0.349 -0.208 -0.911 0.507 0.123 -0.590 0.286 0.024 -0.806 0.210 0.057 -0.881 -0.197 -0.130 -0.490 0.060 0.175 -0.513 0.310 0.081 -0.268 0.091 0.060 -0.399 
0.996 0.006 0.044 0.071 0.972 -0.009 0.063 -0.227 -0.325 -0.200 -0.921 0.496 0.135 -0.592 0.297 0.022 -0.823 0.221 0.059 -0.886 -0.186 -0.129 -0.494 0.048 0.177 -0.514 0.298 0.075 -0.283 0.090 0.058 -0.399 
0.994 0.015 0.061 0.091 0.968 -0.002 0.087 -0.235 -0.264 -0.192 -0.942 0.427 0.186 -0.678 0.341 0.020 -0.854 0.265 0.071 -0.880 -0.152 -0.122 -0.508 0.001 0.181 -0.515 0.256 0.058 -0.325 0.096 0.057 -0.398 
0.994 0.020 0.067 0.080 0.969 0.021 0.127 -0.211 -0.129 -0.172 -0.972 0.308 0.195 -0.779 0.412 -0.000 -0.830 0.364 0.065 -0.838 -0.090 -0.124 -0.522 -0.062 0.180 -0.512 0.225 0.025 -0.350 0.146 0.055 -0.383 
0.996 0.011 0.063 0.064 0.971 0.038 0.149 -0.182 -0.018 -0.155 -0.974 0.204 0.176 -0.848 0.431 -0.032 -0.802 0.421 0.036 -0.818 -0.053 -0.148 -0.521 -0.099 0.175 -0.507 0.232 0.004 -0.346 0.208 0.044 -0.354 
0.997 0.003 0.063 0.051 0.972 0.055 0.160 -0.165 0.133 -0.147 -0.954 0.061 0.149 -0.920 0.450 -0.042 -0.771 0.495 0.024 -0.761 0.005 -0.167 -0.517 -0.131 0.154 -0.506 0.240 -0.014 -0.341 0.264 0.045 -0.314 
0.995 0.004 0.066 0.071 0.969 0.056 0.170 -0.171 0.223 -0.123 -0.945 -0.069 0.160 -0.942 0.474 -0.028 -0.747 0.485 0.025 -0.727 0.068 -0.150 -0.518 -0.167 0.150 -0.497 0.252 -0.009 -0.332 0.319 0.052 -0.257 
0.994 -0.002 0.067 0.085 0.965 0.055 0.173 -0.191 0.333 -0.093 -0.921 -0.212 0.149 -0.938 0.484 -0.015 -0.735 0.488 0.054 -0.681 0.144 -0.129 -0.508 -0.217 0.134 -0.482 0.255 -0.004 -0.330 0.347 0.067 -0.214 
0.994 -0.021 0.063 0.084 0.970 0.063 0.166 -0.165 0.355 -0.086 -0.908 -0.275 0.156 -0.925 0.474 -0.037 -0.731 0.488 0.031 -0.642 0.150 -0.137 -0.505 -0.240 0.133 -0.470 0.241 -0.026 -0.339 0.369 0.056 -0.177 
0.993 -0.031 0.063 0.100 0.975 0.080 0.155 -0.135 0.340 -0.028 -0.906 -0.336 0.130 -0.914 0.456 -0.082 -0.743 0.467 -0.009 -0.615 0.141 -0.130 -0.509 -0.260 0.116 -0.465 0.226 -0.050 -0.346 0.389 0.026 -0.134 
0.994 -0.010 0.054 0.092 0.977 0.070 0.153 -0.131 0.458 0.060 -0.793 -0.292 0.090 -0.921 0.441 -0.074 -0.771 0.438 -0.005 -0.638 0.170 -0.135 -0.499 -0.254 0.116 -0.468 0.212 -0.044 -0.356 0.392 0.016 -0.127 
0.994 -0.002 0.043 0.101 0.977 0.070 0.155 -0.128 0.512 0.134 -0.705 -0.166 0.059 -0.938 0.446 -0.070 -0.772 0.447 -0.009 -0.651 0.199 -0.119 -0.493 -0.216 0.109 -0.488 0.208 -0.045 -0.358 0.391 0.014 -0.130 
0.991 -0.016 0.049 0.125 0.972 0.071 0.154 -0.160 0.422 0.162 -0.738 0.037 0.055 -0.898 0.445 -0.057 -0.797 0.435 0.004 -0.685 0.188 -0.142 -0.490 -0.185 0.100 -0.502 0.201 -0.043 -0.363 0.381 0.031 -0.155 
0.997 -0.009 0.047 0.056 0.971 0.059 0.184 -0.143 0.553 0.128 -0.652 -0.058 0.050 -0.956 0.480 -0.057 -0.766 0.486 0.005 -0.717 0.196 -0.108 -0.496 -0.142 0.114 -0.513 0.218 -0.044 -0.352 0.359 0.017 -0.204 
0.999 -0.000 0.044 0.015 0.974 0.057 0.191 -0.105 0.534 0.046 -0.686 -0.088 0.063 -0.970 0.481 -0.084 -0.758 0.508 -0.026 -0.750 0.145 -0.113 -0.512 -0.122 0.113 -0.518 0.220 -0.054 -0.350 0.322 -0.013 -0.258 
0.999 -0.007 0.045 0.016 0.977 0.047 0.180 -0.103 0.384 -0.037 -0.843 -0.057 0.120 -0.970 0.443 -0.077 -0.772 0.472 -0.021 -0.774 0.081 -0.140 -0.520 -0.110 0.131 -0.517 0.212 -0.053 -0.355 0.289 -0.011 -0.294 
1.000 -0.020 0.014 0.016 0.978 0.051 0.183 -0.086 0.307 -0.085 -0.890 -0.053 0.139 -0.941 0.430 -0.101 -0.759 0.460 -0.042 -0.765 0.048 -0.149 -0.521 -0.161 0.150 -0.498 0.217 -0.059 -0.351 0.271 -0.019 -0.310 
1.000 -0.004 0.006 0.000 0.978 0.046 0.185 -0.085 0.242 -0.139 -0.919 -0.136 0.222 -0.945 0.407 -0.109 -0.725 0.427 -0.057 -0.757 0.018 -0.150 -0.523 -0.154 0.178 -0.491 0.257 -0.077 -0.319 0.260 -0.023 -0.319 
0.999 0.014 0.006 -0.038 0.984 0.034 0.169 -0.051 0.128 -0.164 -0.931 -0.013 0.241 -0.949 0.367 -0.109 -0.733 0.404 -0.063 -0.768 -0.065 -0.150 -0.520 -0.078 0.203 -0.499 0.286 -0.083 -0.291 0.235 -0.013 -0.339 
0.999 0.023 0.006 -0.027 0.981 0.016 0.173 -0.087 0.002 -0.164 -0.965 0.070 0.234 -0.947 0.361 -0.067 -0.689 0.402 -0.029 -0.772 -0.087 -0.134 -0.521 -0.042 0.197 -0.506 0.323 -0.057 -0.257 0.210 0.014 -0.355 
0.999 0.031 -0.003 -0.021 0.978 0.003 0.174 -0.112 -0.057 -0.192 -0.965 0.129 0.245 -0.945 0.359 -0.033 -0.658 0.392 0.001 -0.769 -0.103 -0.139 -0.516 0.000 0.189 -0.511 0.331 -0.040 -0.250 0.191 0.025 -0.365 
0.999 0.031 -0.009 -0.015 0.976 -0.007 0.180 -0.123 -0.115 -0.170 -0.965 0.270 0.190 -0.903 0.349 0.006 -0.627 0.402 0.030 -0.764 -0.129 -0.131 -0.512 0.037 0.185 -0.511 0.360 -0.011 -0.210 0.191 0.044 -0.364 
1.000 0.024 -0.017 -0.003 0.972 -0.005 0.183 -0.146 -0.178 -0.171 -0.958 0.316 0.130 -0.879 0.309 0.008 -0.617 0.401 0.040 -0.764 -0.149 -0.134 -0.506 0.037 0.161 -0.519 0.380 0.009 -0.172 0.183 0.040 -0.368 
0.999 0.032 -0.021 -0.016 0.972 -0.010 0.185 -0.147 -0.213 -0.144 -0.959 0.342 0.084 -0.875 0.343 0.015 -0.596 0.401 0.054 -0.762 -0.157 -0.111 -0.509 0.057 0.140 -0.523 0.388 0.017 -0.152 0.183 0.044 -0.367 
0.997 0.046 -0.000 -0.066 0.979 -0.014 0.180 -0.100 -0.275 -0.091 -0.957 0.065 0.124 -0.985 0.380 0.006 -0.581 0.391 0.053 -0.758 -0.151 -0.051 -0.521 0.002 0.107 -0.533 0.390 0.004 -0.148 0.185 0.040 -0.367 
0.996 0.059 0.009 -0.071 0.977 -0.020 0.186 -0.103 -0.245 -0.078 -0.966 0.016 0.070 -0.984 0.379 0.015 -0.632 0.403 0.069 -0.751 -0.145 -0.049 -0.523 -0.049 0.096 -0.533 0.383 0.017 -0.164 0.187 0.047 -0.365 
0.995 0.091 0.025 -0.033 0.970 -0.045 0.195 -0.135 -0.284 -0.052 -0.953 0.175 0.060 -0.895 0.459 0.069 -0.696 0.416 0.146 -0.760 -0.189 -0.054 -0.508 -0.047 0.175 -0.513 0.350 0.073 -0.215 0.191 0.090 -0.355 
0.996 0.083 0.015 -0.022 0.967 -0.044 0.205 -0.144 0.035 -0.023 -0.944 0.224 0.028 -0.826 0.485 0.066 -0.740 0.425 0.158 -0.794 -0.126 -0.087 -0.523 -0.043 0.206 -0.502 0.320 0.076 -0.257 0.187 0.097 -0.355 
0.999 0.039 0.030 0.004 0.967 -0.018 0.193 -0.165 -0.199 -0.143 -0.963 0.156 0.104 -0.896 0.473 0.041 -0.775 0.402 0.128 -0.785 -0.146 -0.110 -0.513 -0.092 0.149 -0.516 0.264 0.051 -0.319 0.153 0.064 -0.378 
0.999 0.029 0.026 0.026 0.966 0.000 0.192 -0.172 -0.098 -0.153 -0.977 0.111 0.126 -0.948 0.470 0.017 -0.761 0.401 0.094 -0.781 -0.092 -0.111 -0.525 -0.066 0.118 -0.528 0.227 0.018 -0.350 0.144 0.039 -0.385 
0.998 0.016 0.004 0.052 0.960 0.011 0.201 -0.193 0.064 -0.133 -0.974 0.154 0.075 -0.897 0.482 0.026 -0.748 0.396 0.111 -0.787 -0.027 -0.127 -0.528 -0.112 0.081 -0.527 0.221 0.016 -0.353 0.170 0.050 -0.373 
0.999 0.013 -0.011 0.033 0.967 0.024 0.198 -0.158 0.189 -0.107 -0.943 0.124 0.118 -0.899 0.458 -0.014 -0.749 0.398 0.081 -0.788 0.001 -0.125 -0.530 -0.125 0.118 -0.517 0.198 -0.000 -0.367 0.189 0.041 -0.364 
1.000 0.004 -0.011 0.024 0.971 0.035 0.190 -0.139 0.226 -0.089 -0.927 0.099 0.140 -0.896 0.437 -0.035 -0.773 0.391 0.058 -0.801 0.004 -0.119 -0.531 -0.140 0.139 -0.508 0.184 -0.009 -0.374 0.187 0.029 -0.367 
1.000 -0.000 -0.022 0.009 0.978 0.047 0.166 -0.114 0.341 -0.031 -0.884 -0.044 0.174 -0.921 0.387 -0.059 -0.794 0.374 0.032 -0.811 0.051 -0.077 -0.537 -0.182 0.167 -0.486 0.155 -0.014 -0.387 0.216 0.015 -0.351 
1.000 -0.002 -0.024 0.016 0.980 0.051 0.158 -0.113 0.373 -0.010 -0.874 -0.081 0.177 -0.928 0.379 -0.065 -0.791 0.374 0.028 -0.804 0.074 -0.067 -0.536 -0.188 0.163 -0.484 0.148 -0.018 -0.389 0.240 0.011 -0.336 
1.000 0.003 -0.020 0.015 0.987 0.047 0.128 -0.086 0.439 0.028 -0.829 -0.162 0.196 -0.950 0.333 -0.061 -0.807 0.346 0.029 -0.787 0.099 -0.038 -0.535 -0.162 0.160 -0.495 0.123 -0.019 -0.398 0.305 0.002 -0.278 
1.000 -0.008 -0.024 0.005 0.989 0.058 0.119 -0.070 0.452 0.014 -0.828 -0.199 0.192 -0.953 0.312 -0.095 -0.812 0.334 0.007 -0.763 0.110 -0.041 -0.532 -0.156 0.143 -0.502 0.111 -0.035 -0.400 0.320 -0.018 -0.260 
0.999 -0.038 -0.017 0.008 0.989 0.071 0.102 -0.078 0.350 -0.026 -0.918 -0.258 0.160 -0.950 0.280 -0.112 -0.826 0.308 -0.028 -0.719 0.114 -0.053 -0.530 -0.174 0.108 -0.504 0.102 -0.046 -0.402 0.335 -0.029 -0.239 
0.998 -0.037 -0.042 -0.001 0.991 0.070 0.086 -0.071 0.518 0.020 -0.784 -0.309 0.139 -0.937 0.238 -0.110 -0.842 0.264 -0.033 -0.664 0.156 -0.056 -0.519 -0.201 0.103 -0.495 0.101 -0.057 -0.400 0.364 -0.048 -0.189 
0.999 -0.036 -0.035 0.021 0.990 0.070 0.078 -0.092 0.493 0.057 -0.796 -0.328 0.120 -0.933 0.227 -0.098 -0.844 0.256 -0.037 -0.646 0.145 -0.051 -0.523 -0.215 0.093 -0.491 0.096 -0.056 -0.402 0.376 -0.040 -0.165 
0.998 -0.036 -0.040 0.017 0.991 0.069 0.067 -0.096 0.528 0.053 -0.777 -0.329 0.112 -0.934 0.203 -0.091 -0.852 0.237 -0.029 -0.626 0.171 -0.052 -0.515 -0.212 0.087 -0.494 0.099 -0.053 -0.401 0.380 -0.038 -0.155 
0.999 -0.030 -0.025 0.033 0.989 0.069 0.054 -0.123 0.478 0.077 -0.812 -0.329 0.104 -0.933 0.190 -0.081 -0.853 0.206 -0.031 -0.641 0.150 -0.046 -0.522 -0.221 0.086 -0.490 0.093 -0.047 -0.404 0.380 -0.021 -0.159 
0.999 -0.017 -0.027 0.012 0.989 0.060 0.065 -0.115 0.524 0.075 -0.771 -0.221 0.112 -0.956 0.227 -0.056 -0.849 0.222 -0.028 -0.673 0.165 -0.044 -0.518 -0.183 0.109 -0.501 0.112 -0.032 -0.400 0.372 -0.015 -0.179 
1.000 -0.006 -0.017 -0.004 0.990 0.056 0.065 -0.109 0.494 0.038 -0.792 -0.168 0.126 -0.965 0.233 -0.058 -0.860 0.255 -0.024 -0.741 0.136 -0.051 -0.525 -0.153 0.120 -0.508 0.114 -0.031 -0.400 0.340 -0.023 -0.233 
1.000 0.006 -0.010 0.024 0.985 0.046 0.056 -0.159 0.400 0.005 -0.860 -0.086 0.101 -0.973 0.218 -0.044 -0.871 0.271 0.013 -0.840 0.092 -0.069 -0.532 -0.131 0.100 -0.519 0.118 -0.030 -0.399 0.250 -0.003 -0.328 
1.000 0.006 -0.018 0.012 0.983 0.035 0.053 -0.174 0.348 -0.031 -0.893 -0.004 0.131 -0.969 0.198 -0.046 -0.871 0.232 0.014 -0.862 0.070 -0.069 -0.535 -0.099 0.117 -0.523 0.110 -0.030 -0.401 0.179 0.010 -0.372 
1.000 0.015 -0.020 0.017 0.982 0.025 0.045 -0.180 0.297 -0.052 -0.913 0.029 0.149 -0.960 0.224 -0.023 -0.851 0.208 0.033 -0.869 0.042 -0.079 -0.537 -0.097 0.123 -0.522 0.095 -0.024 -0.405 0.143 0.014 -0.387 
1.000 0.015 -0.020 0.017 0.982 0.025 0.045 -0.180 0.297 -0.052 -0.913 0.029 0.149 -0.960 0.224 -0.023 -0.851 0.208 0.033 -0.869 0.042 -0.079 -0.537 -0.097 0.123 -0.522 0.095 -0.024 -0.405 0.143 0.014 -0.387 
1.000 -0.003 -0.013 0.008 0.982 0.009 0.023 -0.186 0.075 -0.198 -0.959 0.145 0.119 -0.941 0.151 -0.037 -0.882 0.174 0.008 -0.855 -0.039 -0.145 -0.523 -0.059 0.096 -0.533 0.077 -0.025 -0.409 0.048 0.005 -0.410 
1.000 0.006 -0.016 0.004 0.984 0.000 0.029 -0.174 -0.053 -0.214 -0.972 0.290 0.138 -0.907 0.166 -0.029 -0.860 0.162 0.010 -0.851 -0.051 -0.129 -0.526 0.031 0.113 -0.532 0.158 -0.006 -0.386 0.058 0.018 -0.408 
1.000 0.012 -0.008 0.023 0.984 -0.018 0.032 -0.174 -0.202 -0.205 -0.955 0.379 0.143 -0.863 0.175 -0.001 -0.804 0.170 0.036 -0.845 -0.104 -0.106 -0.523 0.072 0.125 -0.525 0.248 0.036 -0.334 0.055 0.033 -0.408 
1.000 0.009 0.004 0.020 0.981 -0.026 0.035 -0.188 -0.255 -0.186 -0.947 0.366 0.113 -0.808 0.147 0.009 -0.761 0.183 0.051 -0.855 -0.141 -0.104 -0.515 0.008 0.139 -0.527 0.298 0.059 -0.287 0.063 0.042 -0.406 
0.999 0.002 0.001 0.039 0.975 -0.028 0.034 -0.216 -0.261 -0.206 -0.940 0.454 0.103 -0.658 0.155 0.029 -0.719 0.178 0.061 -0.862 -0.151 -0.124 -0.508 0.021 0.151 -0.524 0.323 0.086 -0.250 0.055 0.052 -0.406 
0.999 -0.001 -0.001 0.052 0.973 -0.029 0.035 -0.228 -0.241 -0.206 -0.945 0.490 0.106 -0.633 0.156 0.034 -0.723 0.176 0.060 -0.864 -0.137 -0.121 -0.512 0.048 0.142 -0.525 0.321 0.094 -0.251 0.061 0.056 -0.405 
0.998 -0.002 -0.003 0.060 0.971 -0.028 0.029 -0.235 -0.208 -0.207 -0.952 0.501 0.118 -0.638 0.138 0.032 -0.750 0.171 0.057 -0.867 -0.122 -0.126 -0.514 0.060 0.139 -0.524 0.303 0.091 -0.273 0.064 0.056 -0.405 
0.998 -0.003 -0.002 0.068 0.966 -0.031 0.026 -0.254 -0.180 -0.208 -0.958 0.457 0.121 -0.639 0.146 0.042 -0.776 0.154 0.066 -0.872 -0.107 -0.129 -0.517 0.014 0.131 -0.529 0.286 0.096 -0.289 0.062 0.062 -0.404 
0.998 -0.001 -0.011 0.069 0.967 -0.033 0.022 -0.253 -0.107 -0.184 -0.969 0.417 0.118 -0.672 0.123 0.034 -0.841 0.138 0.064 -0.882 -0.089 -0.142 -0.517 -0.017 0.122 -0.531 0.236 0.081 -0.335 0.064 0.061 -0.404 
0.997 0.008 -0.018 0.081 0.968 -0.035 0.017 -0.247 -0.030 -0.161 -0.973 0.405 0.138 -0.701 0.150 0.036 -0.894 0.127 0.071 -0.887 -0.065 -0.145 -0.520 -0.018 0.132 -0.529 0.187 0.066 -0.367 0.057 0.056 -0.406 
0.997 0.014 -0.023 0.069 0.978 -0.037 0.009 -0.206 0.083 -0.132 -0.955 0.370 0.147 -0.761 0.115 0.054 -0.908 0.106 0.076 -0.896 -0.051 -0.147 -0.521 -0.022 0.126 -0.530 0.111 0.045 -0.400 0.052 0.053 -0.406 
0.998 0.011 -0.024 0.060 0.981 -0.029 0.004 -0.193 0.152 -0.136 -0.937 0.334 0.152 -0.792 0.100 0.040 -0.913 0.134 0.059 -0.884 -0.032 -0.152 -0.521 -0.038 0.127 -0.529 0.084 0.030 -0.408 0.056 0.042 -0.407 
0.999 0.007 -0.034 0.033 0.989 -0.028 0.002 -0.147 0.298 -0.102 -0.888 0.239 0.130 -0.889 0.059 0.040 -0.903 0.148 0.057 -0.878 0.019 -0.126 -0.529 -0.042 0.123 -0.529 0.061 0.026 -0.412 0.084 0.040 -0.402 
0.998 0.009 -0.050 0.037 0.991 -0.012 -0.003 -0.130 0.433 -0.060 -0.807 0.190 0.132 -0.890 0.027 0.017 -0.898 0.124 0.024 -0.883 0.079 -0.116 -0.526 -0.082 0.129 -0.523 0.048 0.006 -0.414 0.130 0.024 -0.391 
0.995 0.008 -0.044 0.090 0.986 0.004 -0.016 -0.166 0.457 0.041 -0.800 0.078 0.162 -0.883 0.021 -0.008 -0.898 0.100 0.007 -0.876 0.116 -0.083 -0.526 -0.170 0.131 -0.501 0.038 -0.010 -0.415 0.183 0.025 -0.369 
0.992 0.028 -0.053 0.109 0.985 -0.007 -0.041 -0.165 0.565 0.074 -0.678 0.002 0.194 -0.877 -0.005 0.026 -0.879 0.060 0.034 -0.873 0.163 -0.066 -0.515 -0.216 0.141 -0.480 0.006 0.001 -0.417 0.178 0.045 -0.370 
0.992 0.023 -0.061 0.105 0.987 -0.003 -0.045 -0.154 0.549 0.067 -0.662 -0.010 0.188 -0.863 -0.013 0.018 -0.884 0.092 0.059 -0.863 0.145 -0.086 -0.518 -0.236 0.147 -0.469 0.009 0.002 -0.417 0.204 0.043 -0.356 
0.992 0.022 -0.073 0.101 0.988 0.002 -0.069 -0.141 0.565 0.087 -0.569 -0.060 0.177 -0.846 -0.074 0.003 -0.887 0.007 0.034 -0.864 0.145 -0.080 -0.519 -0.275 0.156 -0.443 -0.006 -0.010 -0.417 0.190 0.034 -0.365 
0.992 0.011 -0.088 0.087 0.988 0.008 -0.083 -0.128 0.605 0.083 -0.537 -0.055 0.173 -0.851 -0.124 -0.014 -0.885 -0.016 0.010 -0.868 0.175 -0.064 -0.512 -0.267 0.157 -0.448 -0.013 -0.016 -0.416 0.171 0.023 -0.375 
0.992 0.011 -0.098 0.084 0.988 0.005 -0.085 -0.129 0.631 0.090 -0.504 -0.034 0.178 -0.851 -0.122 -0.009 -0.886 -0.036 0.031 -0.863 0.200 -0.055 -0.504 -0.256 0.161 -0.453 -0.013 -0.014 -0.417 0.167 0.026 -0.377 
0.993 0.007 -0.101 0.066 0.988 0.006 -0.100 -0.120 0.614 0.071 -0.498 -0.017 0.167 -0.846 -0.153 0.000 -0.888 -0.073 0.034 -0.881 0.178 -0.061 -0.511 -0.252 0.162 -0.455 -0.037 -0.018 -0.415 0.141 0.022 -0.387 
0.994 0.014 -0.111 0.014 0.987 -0.006 -0.120 -0.104 0.528 -0.016 -0.574 0.169 0.152 -0.856 -0.200 0.004 -0.879 -0.197 0.034 -0.876 0.078 -0.076 -0.534 -0.126 0.148 -0.508 -0.074 -0.033 -0.409 0.052 0.011 -0.409 
0.983 0.025 -0.171 -0.059 0.989 -0.007 -0.105 -0.101 0.465 -0.046 -0.590 0.347 0.126 -0.829 -0.239 -0.006 -0.826 -0.218 0.013 -0.845 0.014 -0.016 -0.545 0.014 0.162 -0.520 -0.031 -0.024 -0.415 0.015 0.005 -0.412 
0.981 0.017 -0.182 -0.067 0.988 0.003 -0.101 -0.116 0.464 -0.043 -0.816 0.364 0.150 -0.861 -0.196 -0.036 -0.793 -0.173 -0.025 -0.808 0.109 -0.012 -0.534 0.057 0.137 -0.524 0.014 -0.020 -0.416 -0.018 -0.012 -0.412 
0.979 0.018 -0.187 -0.078 0.988 0.002 -0.097 -0.122 0.426 -0.054 -0.800 0.409 0.102 -0.777 -0.189 -0.037 -0.796 -0.171 -0.028 -0.812 0.053 -0.025 -0.542 0.032 0.146 -0.524 0.057 -0.008 -0.413 -0.011 -0.012 -0.412 
0.982 0.013 -0.155 -0.110 0.986 -0.001 -0.118 -0.115 0.176 -0.143 -0.719 0.524 0.000 -0.561 -0.219 -0.053 -0.799 -0.174 -0.040 -0.855 -0.214 -0.076 -0.495 0.095 0.149 -0.515 0.099 -0.013 -0.405 -0.039 -0.004 -0.411 
0.982 0.023 -0.148 -0.110 0.983 -0.001 -0.117 -0.143 -0.008 -0.146 -0.785 0.447 0.021 -0.483 -0.160 -0.056 -0.778 -0.162 -0.036 -0.845 -0.302 -0.098 -0.442 0.022 0.184 -0.513 0.164 0.007 -0.383 -0.049 -0.006 -0.410 
0.982 0.026 -0.150 -0.112 0.984 -0.003 -0.114 -0.139 -0.082 -0.162 -0.784 0.540 -0.001 -0.428 -0.125 -0.055 -0.761 -0.157 -0.043 -0.841 -0.338 -0.107 -0.413 0.124 0.172 -0.502 0.196 0.005 -0.368 -0.046 -0.009 -0.410 
0.977 0.009 -0.155 -0.146 0.985 -0.004 -0.120 -0.122 -0.187 -0.160 -0.732 0.565 -0.030 -0.395 -0.101 -0.059 -0.739 -0.178 -0.046 -0.829 -0.413 -0.084 -0.345 0.166 0.173 -0.489 0.222 0.001 -0.353 -0.059 -0.009 -0.408 
0.976 0.010 -0.153 -0.152 0.986 -0.008 -0.120 -0.119 -0.179 -0.132 -0.733 0.558 -0.033 -0.379 -0.085 -0.048 -0.737 -0.179 -0.049 -0.828 -0.413 -0.060 -0.350 0.167 0.177 -0.487 0.229 0.002 -0.348 -0.056 -0.005 -0.409 
0.976 0.012 -0.154 -0.153 0.986 -0.007 -0.117 -0.116 -0.199 -0.146 -0.739 0.557 -0.035 -0.370 -0.075 -0.048 -0.733 -0.173 -0.043 -0.829 -0.414 -0.069 -0.347 0.170 0.177 -0.487 0.235 0.002 -0.344 -0.055 -0.005 -0.409 
0.979 0.026 -0.163 -0.122 0.986 -0.022 -0.112 -0.120 -0.249 -0.144 -0.770 0.543 0.008 -0.294 -0.036 -0.018 -0.739 -0.206 -0.006 -0.831 -0.407 -0.105 -0.346 0.169 0.195 -0.480 0.250 0.017 -0.333 -0.065 0.013 -0.407 
0.979 0.026 -0.163 -0.122 0.986 -0.022 -0.112 -0.120 -0.249 -0.144 -0.770 0.543 0.008 -0.294 -0.036 -0.018 -0.739 -0.206 -0.006 -0.831 -0.407 -0.105 -0.346 0.169 0.195 -0.480 0.250 0.017 -0.333 -0.065 0.013 -0.407 
0.978 0.028 -0.167 -0.119 0.987 -0.021 -0.106 -0.116 -0.259 -0.107 -0.768 0.547 0.006 -0.283 -0.016 -0.015 -0.745 -0.199 -0.003 -0.835 -0.415 -0.090 -0.342 0.178 0.193 -0.477 0.253 0.015 -0.331 -0.064 0.013 -0.408 
0.980 0.034 -0.171 -0.097 0.986 -0.020 -0.103 -0.130 -0.288 -0.129 -0.757 0.530 0.022 -0.257 -0.029 -0.017 -0.759 -0.206 -0.008 -0.836 -0.422 -0.121 -0.322 0.170 0.191 -0.481 0.240 0.025 -0.340 -0.067 0.011 -0.407 
0.981 0.035 -0.173 -0.080 0.986 -0.013 -0.097 -0.134 -0.203 -0.149 -0.773 0.522 0.031 -0.242 -0.056 -0.032 -0.780 -0.186 -0.015 -0.847 -0.387 -0.142 -0.356 0.168 0.195 -0.480 0.226 0.021 -0.350 -0.063 0.007 -0.408 
0.985 0.033 -0.159 -0.065 0.986 -0.021 -0.110 -0.120 -0.198 -0.146 -0.774 0.561 0.053 -0.315 -0.135 -0.019 -0.829 -0.226 0.020 -0.846 -0.385 -0.138 -0.360 0.159 0.186 -0.487 0.141 0.024 -0.392 -0.083 0.025 -0.404 
0.987 0.028 -0.154 -0.037 0.985 -0.011 -0.114 -0.130 -0.098 -0.173 -0.793 0.530 0.097 -0.363 -0.174 -0.035 -0.848 -0.236 -0.013 -0.849 -0.333 -0.148 -0.404 0.103 0.171 -0.507 0.080 0.007 -0.409 -0.084 0.021 -0.404 
0.988 0.039 -0.150 0.003 0.984 -0.010 -0.118 -0.132 0.024 -0.183 -0.839 0.479 0.167 -0.515 -0.168 -0.033 -0.870 -0.225 0.034 -0.853 -0.231 -0.168 -0.463 0.023 0.177 -0.515 0.033 -0.014 -0.415 -0.059 0.031 -0.407 
0.987 0.037 -0.152 0.031 0.983 -0.008 -0.119 -0.139 0.092 -0.163 -0.850 0.418 0.192 -0.550 -0.187 -0.026 -0.866 -0.257 0.012 -0.825 -0.177 -0.175 -0.484 -0.037 0.169 -0.517 0.004 -0.015 -0.417 -0.020 0.034 -0.411 
0.986 0.039 -0.136 0.089 0.978 -0.011 -0.131 -0.165 0.254 -0.093 -0.848 0.260 0.242 -0.673 -0.185 0.012 -0.854 -0.242 0.028 -0.787 -0.053 -0.156 -0.518 -0.152 0.149 -0.502 -0.027 -0.004 -0.416 0.073 0.065 -0.401 
0.988 0.025 -0.101 0.118 0.973 0.002 -0.158 -0.166 0.376 -0.069 -0.825 0.106 0.221 -0.754 -0.221 0.026 -0.860 -0.186 0.038 -0.759 0.051 -0.158 -0.518 -0.240 0.109 -0.477 -0.066 -0.022 -0.411 0.146 0.067 -0.381 
0.983 0.009 -0.119 0.143 0.967 0.022 -0.166 -0.192 0.558 0.030 -0.770 -0.161 0.192 -0.746 -0.213 -0.045 -0.835 -0.104 0.007 -0.717 0.209 -0.077 -0.497 -0.391 0.061 -0.374 -0.066 -0.036 -0.410 0.206 0.074 -0.350 
0.979 0.001 -0.129 0.160 0.967 0.022 -0.176 -0.183 0.590 0.099 -0.683 -0.274 0.136 -0.780 -0.248 -0.054 -0.831 -0.033 0.005 -0.686 0.209 -0.068 -0.499 -0.411 0.056 -0.351 -0.077 -0.028 -0.409 0.259 0.080 -0.311 
0.980 -0.004 -0.128 0.149 0.970 0.021 -0.180 -0.163 0.607 0.126 -0.649 -0.347 0.122 -0.793 -0.259 -0.050 -0.832 0.007 0.007 -0.691 0.215 -0.048 -0.499 -0.415 0.067 -0.345 -0.085 -0.029 -0.407 0.271 0.066 -0.304 
0.982 -0.003 -0.126 0.141 0.972 0.019 -0.179 -0.148 0.616 0.161 -0.606 -0.406 0.118 -0.798 -0.266 -0.044 -0.836 0.004 0.006 -0.700 0.212 -0.022 -0.502 -0.414 0.083 -0.343 -0.085 -0.028 -0.407 0.281 0.052 -0.298 
0.982 -0.001 -0.129 0.138 0.973 0.014 -0.176 -0.150 0.632 0.200 -0.558 -0.390 0.114 -0.805 -0.266 -0.033 -0.836 -0.027 0.015 -0.713 0.224 0.009 -0.497 -0.406 0.093 -0.350 -0.082 -0.023 -0.408 0.275 0.048 -0.304 
0.988 -0.005 -0.137 0.078 0.980 0.014 -0.155 -0.128 0.649 0.155 -0.510 -0.334 0.113 -0.821 -0.244 -0.017 -0.858 0.010 0.038 -0.808 0.224 -0.006 -0.497 -0.381 0.126 -0.368 -0.067 -0.023 -0.411 0.239 0.033 -0.335 
0.987 0.047 -0.143 0.062 0.978 -0.005 -0.140 -0.155 0.531 0.135 -0.557 -0.263 0.140 -0.825 -0.200 0.009 -0.853 -0.144 0.070 -0.828 0.089 0.028 -0.537 -0.363 0.145 -0.379 -0.058 -0.012 -0.413 0.156 0.052 -0.379 
0.992 0.034 -0.121 -0.002 0.978 0.008 -0.141 -0.155 0.459 0.021 -0.715 -0.141 0.142 -0.886 -0.210 -0.021 -0.862 -0.203 0.011 -0.844 0.040 -0.021 -0.543 -0.276 0.132 -0.450 -0.059 -0.055 -0.409 0.066 0.007 -0.407 
0.987 0.017 -0.154 -0.053 0.984 0.019 -0.107 -0.143 0.283 -0.138 -0.882 0.156 0.237 -0.885 -0.162 -0.090 -0.813 -0.134 -0.025 -0.833 -0.009 -0.078 -0.539 -0.093 0.178 -0.506 -0.010 -0.045 -0.414 0.005 -0.002 -0.413 
0.982 0.011 -0.139 -0.129 0.989 0.010 -0.108 -0.104 0.019 -0.152 -0.883 0.261 0.128 -0.859 -0.115 -0.084 -0.779 -0.117 -0.039 -0.835 -0.209 -0.071 -0.498 -0.030 0.184 -0.512 0.141 -0.022 -0.392 -0.020 -0.003 -0.412 
0.981 0.024 -0.117 -0.151 0.990 0.001 -0.113 -0.089 -0.162 -0.128 -0.868 0.417 0.139 -0.797 -0.048 -0.072 -0.733 -0.083 -0.037 -0.842 -0.310 -0.052 -0.445 0.080 0.207 -0.497 0.215 -0.028 -0.356 -0.018 -0.003 -0.412 
0.982 0.044 -0.116 -0.143 0.989 0.001 -0.105 -0.103 -0.229 -0.116 -0.860 0.535 0.130 -0.664 0.040 -0.073 -0.681 -0.078 -0.044 -0.847 -0.339 -0.062 -0.422 0.138 0.241 -0.469 0.286 -0.021 -0.303 -0.002 -0.006 -0.413 
0.980 0.067 -0.117 -0.144 0.983 0.001 -0.103 -0.153 -0.355 -0.098 -0.790 0.450 0.054 -0.607 0.109 -0.055 -0.614 -0.106 -0.057 -0.854 -0.417 -0.089 -0.339 0.061 0.255 -0.478 0.360 0.032 -0.209 -0.002 -0.013 -0.412 
0.980 0.076 -0.126 -0.131 0.978 -0.003 -0.100 -0.183 -0.322 -0.116 -0.776 0.487 0.041 -0.519 0.109 -0.029 -0.631 -0.107 -0.050 -0.855 -0.419 -0.103 -0.332 0.092 0.264 -0.469 0.348 0.056 -0.223 -0.006 -0.006 -0.412 
0.985 0.060 -0.125 -0.107 0.977 0.003 -0.100 -0.188 -0.217 -0.155 -0.809 0.467 0.057 -0.522 0.050 -0.041 -0.712 -0.103 -0.063 -0.860 -0.367 -0.130 -0.381 0.048 0.236 -0.490 0.293 0.040 -0.295 -0.011 -0.009 -0.412 
0.986 0.037 -0.137 -0.091 0.983 0.010 -0.110 -0.145 -0.080 -0.171 -0.818 0.453 0.081 -0.579 -0.077 -0.081 -0.793 -0.142 -0.073 -0.844 -0.312 -0.113 -0.432 0.018 0.198 -0.507 0.170 -0.000 -0.381 -0.034 -0.016 -0.411 
0.988 0.032 -0.145 -0.045 0.982 0.017 -0.104 -0.157 0.123 -0.188 -0.830 0.395 0.127 -0.602 -0.137 -0.110 -0.817 -0.070 -0.073 -0.853 -0.180 -0.139 -0.494 -0.049 0.179 -0.512 0.105 -0.018 -0.403 -0.022 -0.018 -0.411 
0.989 0.019 -0.147 0.015 0.987 0.013 -0.101 -0.127 0.340 -0.137 -0.844 0.301 0.198 -0.781 -0.185 -0.084 -0.834 -0.060 -0.037 -0.853 0.010 -0.118 -0.531 -0.070 0.148 -0.519 0.009 -0.032 -0.415 -0.001 0.002 -0.413 
0.987 0.016 -0.150 0.057 0.988 0.013 -0.098 -0.121 0.562 -0.058 -0.728 0.167 0.213 -0.840 -0.171 -0.049 -0.832 -0.058 -0.031 -0.824 0.163 -0.093 -0.511 -0.138 0.139 -0.508 -0.028 -0.033 -0.415 0.113 -0.012 -0.397 
0.989 0.028 -0.107 0.101 0.979 0.011 -0.118 -0.165 0.629 0.119 -0.605 -0.085 0.186 -0.829 -0.146 -0.020 -0.871 -0.047 0.006 -0.834 0.210 -0.025 -0.502 -0.305 0.130 -0.432 -0.048 -0.025 -0.413 0.176 0.039 -0.371 
0.985 0.013 -0.106 0.136 0.972 0.023 -0.126 -0.194 0.721 0.183 -0.522 -0.249 0.122 -0.798 -0.150 -0.052 -0.863 0.014 0.010 -0.787 0.313 -0.004 -0.446 -0.394 0.072 -0.368 -0.034 -0.032 -0.414 0.231 0.047 -0.339 
0.987 0.011 -0.100 0.127 0.974 0.027 -0.131 -0.182 0.711 0.159 -0.514 -0.284 0.123 -0.800 -0.153 -0.062 -0.864 0.028 -0.014 -0.777 0.298 -0.023 -0.456 -0.399 0.085 -0.360 -0.035 -0.037 -0.414 0.244 0.039 -0.331 
0.989 0.012 -0.106 0.100 0.975 0.033 -0.133 -0.177 0.710 0.150 -0.461 -0.275 0.134 -0.843 -0.167 -0.073 -0.862 0.018 -0.022 -0.765 0.287 -0.016 -0.463 -0.357 0.115 -0.394 -0.035 -0.041 -0.413 0.261 0.028 -0.319 
0.991 0.011 -0.115 0.066 0.977 0.032 -0.126 -0.171 0.714 0.105 -0.451 -0.207 0.131 -0.874 -0.149 -0.065 -0.863 -0.036 -0.016 -0.774 0.280 -0.029 -0.467 -0.310 0.126 -0.429 -0.033 -0.043 -0.413 0.241 0.011 -0.335 
0.990 0.035 -0.121 0.056 0.974 0.028 -0.121 -0.187 0.690 0.098 -0.481 -0.094 0.154 -0.877 -0.131 -0.055 -0.855 -0.094 -0.023 -0.803 0.250 -0.018 -0.484 -0.266 0.142 -0.454 -0.031 -0.044 -0.413 0.197 0.011 -0.363 
0.990 0.044 -0.132 0.009 0.979 0.019 -0.108 -0.170 0.483 0.023 -0.509 0.045 0.176 -0.851 -0.118 -0.046 -0.860 -0.127 -0.013 -0.846 0.033 -0.032 -0.543 -0.203 0.190 -0.468 -0.024 -0.036 -0.415 0.148 0.001 -0.385 
0.990 0.035 -0.137 -0.018 0.980 0.023 -0.098 -0.173 0.428 -0.034 -0.568 0.191 0.176 -0.804 -0.106 -0.064 -0.865 -0.123 -0.026 -0.873 -0.025 -0.059 -0.541 -0.138 0.199 -0.489 -0.003 -0.042 -0.415 0.092 -0.017 -0.402 
0.985 0.029 -0.161 -0.057 0.981 0.032 -0.081 -0.172 0.422 -0.090 -0.645 0.336 0.162 -0.733 -0.098 -0.092 -0.856 -0.079 -0.016 -0.888 -0.020 -0.071 -0.540 -0.055 0.205 -0.502 0.028 -0.034 -0.414 0.043 -0.033 -0.409 
0.984 0.026 -0.153 -0.085 0.982 0.030 -0.078 -0.172 0.355 -0.172 -0.754 0.434 0.148 -0.735 -0.072 -0.091 -0.832 -0.054 -0.043 -0.857 -0.034 -0.083 -0.537 0.039 0.189 -0.510 0.085 -0.024 -0.407 0.010 -0.029 -0.411 
0.981 0.010 -0.104 -0.162 0.989 0.031 -0.107 -0.100 0.036 -0.166 -0.758 0.503 0.080 -0.641 -0.087 -0.117 -0.783 -0.117 -0.145 -0.848 -0.286 -0.043 -0.462 0.101 0.226 -0.485 0.180 -0.056 -0.372 -0.034 -0.036 -0.409 
0.978 0.020 -0.101 -0.184 0.990 0.024 -0.105 -0.096 -0.112 -0.116 -0.813 0.537 0.041 -0.582 -0.003 -0.112 -0.757 -0.089 -0.101 -0.853 -0.336 -0.028 -0.428 0.139 0.233 -0.472 0.246 -0.038 -0.335 -0.029 -0.026 -0.411 
0.974 0.043 -0.119 -0.190 0.991 0.006 -0.095 -0.094 -0.108 -0.040 -0.817 0.577 -0.012 -0.511 0.069 -0.077 -0.722 -0.085 -0.049 -0.864 -0.338 0.010 -0.428 0.196 0.232 -0.452 0.290 -0.020 -0.299 -0.014 -0.011 -0.412 
0.975 0.053 -0.130 -0.174 0.989 -0.001 -0.091 -0.113 -0.002 -0.039 -0.821 0.631 -0.045 -0.382 0.108 -0.052 -0.678 -0.137 -0.051 -0.859 -0.283 0.006 -0.466 0.266 0.227 -0.418 0.327 0.006 -0.259 -0.017 -0.006 -0.412 
0.975 0.052 -0.134 -0.171 0.989 -0.003 -0.091 -0.114 0.013 -0.045 -0.817 0.633 -0.042 -0.371 0.096 -0.051 -0.679 -0.136 -0.048 -0.859 -0.277 0.000 -0.470 0.268 0.228 -0.416 0.325 0.007 -0.262 -0.016 -0.004 -0.412 
0.979 0.046 -0.149 -0.132 0.987 0.001 -0.080 -0.137 0.052 -0.064 -0.843 0.619 -0.014 -0.334 0.060 -0.054 -0.688 -0.124 -0.052 -0.858 -0.234 -0.041 -0.491 0.238 0.215 -0.441 0.311 0.023 -0.277 -0.013 -0.003 -0.412 
0.986 0.039 -0.142 -0.085 0.984 0.006 -0.085 -0.159 -0.082 -0.115 -0.846 0.579 0.041 -0.341 0.005 -0.080 -0.772 -0.089 -0.049 -0.868 -0.296 -0.105 -0.445 0.172 0.197 -0.479 0.245 0.027 -0.337 -0.029 -0.000 -0.412 
0.987 0.033 -0.141 -0.072 0.986 0.002 -0.089 -0.142 0.028 -0.114 -0.831 0.499 0.060 -0.412 -0.049 -0.084 -0.833 -0.130 -0.019 -0.878 -0.249 -0.115 -0.470 0.070 0.185 -0.507 0.175 0.014 -0.378 -0.032 0.008 -0.411 
0.989 0.034 -0.138 -0.033 0.984 0.006 -0.095 -0.152 0.167 -0.084 -0.792 0.504 0.067 -0.472 -0.094 -0.095 -0.863 -0.165 -0.029 -0.894 -0.182 -0.112 -0.501 0.060 0.161 -0.517 0.114 0.004 -0.401 -0.034 0.010 -0.411 
0.991 0.026 -0.129 0.023 0.985 0.010 -0.102 -0.141 0.279 -0.058 -0.717 0.404 0.132 -0.519 -0.163 -0.097 -0.881 -0.145 -0.053 -0.892 -0.125 -0.119 -0.516 -0.052 0.161 -0.518 0.047 -0.022 -0.414 -0.013 0.003 -0.412 
0.987 0.032 -0.158 -0.022 0.992 -0.006 -0.092 -0.086 0.250 -0.107 -0.582 0.376 0.154 -0.566 -0.101 -0.033 -0.893 -0.113 0.082 -0.873 -0.196 -0.120 -0.494 -0.071 0.212 -0.496 0.008 -0.015 -0.417 0.058 0.001 -0.408 
0.989 0.042 -0.127 0.055 0.987 -0.014 -0.115 -0.111 0.438 0.069 -0.673 0.246 0.145 -0.828 -0.129 0.007 -0.868 -0.143 0.058 -0.830 0.016 -0.039 -0.543 -0.088 0.146 -0.517 -0.011 -0.004 -0.417 0.131 0.017 -0.391 
0.985 0.037 -0.106 0.128 0.979 -0.002 -0.141 -0.149 0.598 0.161 -0.597 0.094 0.175 -0.823 -0.148 -0.014 -0.865 -0.122 0.052 -0.787 0.193 -0.028 -0.509 -0.210 0.128 -0.486 -0.030 -0.014 -0.416 0.201 0.029 -0.359 
0.984 0.021 -0.108 0.143 0.978 0.001 -0.149 -0.144 0.602 0.206 -0.549 -0.048 0.186 -0.815 -0.177 -0.023 -0.864 -0.087 0.059 -0.771 0.206 -0.013 -0.505 -0.298 0.132 -0.436 -0.040 -0.015 -0.415 0.232 0.021 -0.341 
0.983 0.008 -0.118 0.142 0.979 0.008 -0.154 -0.134 0.602 0.195 -0.514 -0.141 0.179 -0.802 -0.206 -0.048 -0.855 -0.067 0.047 -0.762 0.203 -0.022 -0.505 -0.347 0.135 -0.397 -0.051 -0.025 -0.413 0.251 0.011 -0.327 
0.984 0.008 -0.121 0.127 0.980 0.006 -0.160 -0.120 0.596 0.164 -0.465 -0.176 0.171 -0.802 -0.224 -0.034 -0.846 -0.083 0.046 -0.761 0.189 -0.035 -0.510 -0.358 0.143 -0.384 -0.064 -0.025 -0.411 0.242 0.002 -0.334 
0.985 0.005 -0.131 0.114 0.982 0.006 -0.151 -0.113 0.627 0.151 -0.484 -0.160 0.172 -0.804 -0.214 -0.038 -0.845 -0.090 0.045 -0.764 0.209 -0.026 -0.503 -0.352 0.141 -0.391 -0.064 -0.028 -0.411 0.236 -0.003 -0.339 
0.988 0.013 -0.146 0.043 0.984 -0.006 -0.151 -0.094 0.572 0.065 -0.557 -0.087 0.193 -0.869 -0.225 -0.042 -0.836 -0.156 0.082 -0.800 0.123 -0.002 -0.531 -0.262 0.164 -0.448 -0.083 -0.034 -0.407 0.154 0.007 -0.383 
0.989 0.004 -0.148 0.014 0.986 -0.021 -0.146 -0.082 0.393 -0.026 -0.658 0.037 0.230 -0.862 -0.224 -0.027 -0.835 -0.192 0.117 -0.808 -0.046 -0.051 -0.541 -0.198 0.181 -0.474 -0.082 -0.025 -0.408 0.097 0.033 -0.400 
0.987 0.023 -0.158 0.007 0.984 -0.005 -0.135 -0.119 0.110 -0.051 -0.929 0.105 0.212 -0.903 -0.240 -0.115 -0.784 -0.232 0.045 -0.804 -0.110 -0.055 -0.531 -0.119 0.144 -0.511 -0.031 -0.061 -0.411 -0.001 0.031 -0.412 
0.985 0.017 -0.171 -0.026 0.984 0.000 -0.126 -0.124 0.214 -0.123 -0.862 0.310 0.151 -0.858 -0.189 -0.127 -0.771 -0.216 0.013 -0.799 -0.094 -0.085 -0.530 -0.005 0.130 -0.529 0.036 -0.048 -0.412 0.002 0.005 -0.413 
0.985 0.023 -0.154 -0.081 0.983 -0.004 -0.132 -0.131 -0.095 -0.138 -0.808 0.373 0.061 -0.758 -0.140 -0.135 -0.758 -0.159 -0.019 -0.812 -0.331 -0.097 -0.422 -0.014 0.134 -0.528 0.144 -0.020 -0.391 -0.003 -0.008 -0.412 
0.985 0.033 -0.142 -0.096 0.981 -0.018 -0.145 -0.129 -0.269 -0.161 -0.827 0.528 0.080 -0.625 -0.086 -0.098 -0.740 -0.200 -0.016 -0.795 -0.369 -0.100 -0.388 0.095 0.166 -0.510 0.191 -0.001 -0.371 -0.031 0.004 -0.411 
0.981 0.032 -0.139 -0.132 0.981 -0.020 -0.144 -0.128 -0.261 -0.160 -0.754 0.523 0.018 -0.532 -0.021 -0.079 -0.707 -0.210 -0.026 -0.792 -0.421 -0.075 -0.338 0.099 0.182 -0.504 0.253 0.005 -0.332 -0.033 -0.012 -0.411 
0.982 0.047 -0.138 -0.121 0.980 -0.032 -0.129 -0.149 -0.292 -0.123 -0.816 0.568 0.047 -0.453 0.074 -0.046 -0.695 -0.200 -0.006 -0.809 -0.388 -0.086 -0.373 0.144 0.215 -0.480 0.299 0.029 -0.290 -0.029 0.002 -0.412 
0.983 0.046 -0.128 -0.126 0.980 -0.037 -0.121 -0.156 -0.374 -0.140 -0.786 0.537 0.042 -0.441 0.108 -0.017 -0.693 -0.178 0.003 -0.821 -0.417 -0.105 -0.335 0.121 0.224 -0.482 0.315 0.037 -0.271 -0.035 0.009 -0.411 
0.982 0.043 -0.122 -0.135 0.980 -0.037 -0.117 -0.158 -0.384 -0.129 -0.774 0.529 0.018 -0.432 0.117 -0.014 -0.697 -0.171 0.001 -0.823 -0.428 -0.098 -0.323 0.122 0.217 -0.485 0.320 0.038 -0.264 -0.036 0.008 -0.411 
0.982 0.019 -0.121 -0.141 0.990 -0.037 -0.095 -0.101 0.010 -0.097 -0.799 0.523 -0.049 -0.434 0.074 -0.026 -0.718 -0.145 0.019 -0.859 -0.288 -0.074 -0.456 0.137 0.186 -0.493 0.315 -0.000 -0.274 -0.023 0.009 -0.412 
0.987 0.023 -0.106 -0.116 0.989 -0.042 -0.095 -0.106 -0.071 -0.070 -0.853 0.482 -0.032 -0.536 0.068 -0.017 -0.763 -0.151 0.037 -0.879 -0.289 -0.084 -0.454 0.078 0.179 -0.509 0.288 0.014 -0.301 -0.016 0.022 -0.412 
0.990 0.017 -0.109 -0.086 0.990 -0.042 -0.082 -0.107 -0.054 -0.079 -0.873 0.448 0.009 -0.594 0.005 -0.009 -0.801 -0.110 0.052 -0.875 -0.260 -0.098 -0.468 0.027 0.168 -0.517 0.232 0.031 -0.345 -0.006 0.031 -0.412 
0.993 0.009 -0.101 -0.058 0.991 -0.039 -0.076 -0.106 0.109 -0.098 -0.867 0.408 0.025 -0.640 -0.030 0.005 -0.862 -0.073 0.061 -0.884 -0.167 -0.113 -0.506 -0.019 0.139 -0.526 0.163 0.037 -0.382 -0.004 0.036 -0.411 
0.992 0.008 -0.116 -0.052 0.995 -0.037 -0.055 -0.073 0.246 -0.165 -0.796 0.348 0.132 -0.810 -0.044 0.012 -0.871 -0.013 0.108 -0.872 -0.112 -0.121 -0.519 -0.003 0.163 -0.519 0.087 0.015 -0.408 0.020 0.035 -0.411 
0.997 -0.005 -0.081 -0.010 0.995 -0.018 -0.057 -0.084 0.510 -0.149 -0.708 0.079 0.192 -0.914 -0.058 -0.012 -0.872 0.004 0.021 -0.887 0.096 -0.122 -0.522 -0.121 0.163 -0.505 0.029 -0.006 -0.416 0.034 0.024 -0.411 
0.997 -0.005 -0.083 -0.007 0.996 -0.017 -0.046 -0.072 0.554 -0.102 -0.652 0.075 0.196 -0.904 -0.034 -0.009 -0.884 0.040 0.041 -0.884 0.118 -0.104 -0.522 -0.133 0.174 -0.498 0.025 -0.009 -0.416 0.076 0.017 -0.405 
0.998 0.016 -0.051 0.031 0.996 -0.018 -0.026 -0.082 0.593 -0.067 -0.626 -0.117 0.230 -0.933 0.053 0.020 -0.870 0.029 0.091 -0.852 0.157 -0.122 -0.507 -0.175 0.181 -0.483 0.036 -0.013 -0.415 0.182 0.018 -0.370 
0.998 0.039 -0.040 0.040 0.997 -0.022 -0.014 -0.071 0.617 0.005 -0.535 -0.157 0.247 -0.935 0.071 0.028 -0.867 0.074 0.107 -0.840 0.170 -0.079 -0.512 -0.168 0.189 -0.482 0.040 -0.012 -0.415 0.228 0.017 -0.343 
0.998 0.052 -0.029 0.018 0.997 -0.022 -0.002 -0.068 0.597 0.011 -0.517 -0.219 0.247 -0.930 0.086 0.027 -0.867 0.177 0.092 -0.835 0.148 -0.064 -0.520 -0.178 0.187 -0.479 0.051 -0.014 -0.414 0.262 0.012 -0.318 
0.999 0.045 -0.017 0.015 0.998 -0.015 -0.004 -0.067 0.566 0.010 -0.535 -0.244 0.241 -0.923 0.078 0.010 -0.879 0.217 0.065 -0.847 0.118 -0.071 -0.527 -0.195 0.188 -0.472 0.050 -0.023 -0.413 0.258 0.006 -0.322 
0.999 0.038 -0.001 -0.004 0.998 -0.007 0.003 -0.057 0.506 -0.014 -0.593 -0.225 0.223 -0.936 0.094 -0.013 -0.881 0.245 0.015 -0.862 0.059 -0.075 -0.537 -0.175 0.176 -0.484 0.070 -0.035 -0.410 0.245 -0.003 -0.332 
0.999 0.036 -0.001 -0.022 0.999 -0.007 0.008 -0.048 0.472 -0.029 -0.616 -0.199 0.226 -0.944 0.102 -0.025 -0.884 0.265 0.002 -0.857 0.026 -0.069 -0.540 -0.153 0.173 -0.493 0.069 -0.037 -0.409 0.235 -0.007 -0.339 
0.999 0.023 -0.008 -0.022 0.998 -0.006 0.020 -0.065 0.424 -0.036 -0.727 -0.129 0.219 -0.952 0.129 -0.029 -0.885 0.262 -0.003 -0.859 0.011 -0.073 -0.540 -0.133 0.176 -0.498 0.072 -0.030 -0.410 0.198 -0.013 -0.362 
