0.999 0.020 0.006 0.027 0.990 -0.003 -0.006 -0.141 0.074 -0.165 -0.970 0.135 0.255 -0.940 0.149 -0.030 -0.895 0.178 0.085 -0.883 
-0.027 -0.125 -0.529 -0.016 0.176 -0.516 0.099 -0.017 -0.405 0.093 0.041 -0.400 0.999 0.018 0.003 0.030 0.991 -0.002 -0.011 -0.137 
0.030 -0.166 -0.980 0.127 0.247 -0.948 0.136 -0.036 -0.892 0.163 0.082 -0.884 -0.023 -0.112 -0.532 -0.010 0.164 -0.520 0.096 -0.018 
-0.405 0.091 0.046 -0.400 1.000 0.016 0.002 0.027 0.990 -0.007 -0.014 -0.138 0.017 -0.152 -0.985 0.143 0.243 -0.946 0.130 -0.029 
-0.892 0.161 0.088 -0.878 -0.020 -0.099 -0.535 -0.002 0.160 -0.521 0.091 -0.016 -0.407 0.090 0.050 -0.400 1.000 0.016 0.003 0.024 
0.990 -0.006 -0.015 -0.137 0.005 -0.155 -0.985 0.141 0.233 -0.949 0.130 -0.032 -0.891 0.155 0.085 -0.879 -0.027 -0.100 -0.535 -0.003 
0.155 -0.522 0.090 -0.018 -0.407 0.087 0.048 -0.401 1.000 0.014 -0.004 0.020 0.989 -0.005 -0.014 -0.148 0.000 -0.147 -0.988 0.133 
0.210 -0.963 0.137 -0.030 -0.883 0.139 0.081 -0.872 0.012 -0.074 -0.540 0.017 0.132 -0.528 0.091 -0.017 -0.407 0.076 0.046 -0.403 
1.000 0.012 0.001 0.018 0.990 -0.001 -0.009 -0.144 -0.002 -0.162 -0.985 0.161 0.185 -0.964 0.147 -0.038 -0.881 0.147 0.073 -0.872 
0.017 -0.079 -0.539 0.033 0.118 -0.531 0.090 -0.022 -0.407 0.076 0.042 -0.404 1.000 0.011 -0.002 0.020 0.988 -0.004 -0.008 -0.153 
0.038 -0.147 -0.987 0.179 0.184 -0.957 0.141 -0.034 -0.884 0.142 0.075 -0.875 0.025 -0.078 -0.538 0.027 0.121 -0.530 0.095 -0.017 
-0.406 0.072 0.048 -0.404 1.000 0.011 -0.000 0.022 0.988 -0.005 -0.005 -0.152 0.024 -0.159 -0.985 0.183 0.188 -0.956 0.146 -0.028 
-0.879 0.144 0.080 -0.874 0.026 -0.080 -0.538 0.033 0.122 -0.530 0.097 -0.014 -0.405 0.077 0.051 -0.403 1.000 0.011 -0.000 0.023 
0.989 -0.004 -0.004 -0.151 0.027 -0.161 -0.985 0.186 0.186 -0.956 0.148 -0.030 -0.878 0.148 0.077 -0.874 0.028 -0.081 -0.538 0.035 
0.121 -0.530 0.098 -0.015 -0.405 0.079 0.050 -0.402 0.999 0.016 -0.005 0.030 0.988 -0.004 -0.005 -0.152 0.041 -0.152 -0.986 0.185 
0.195 -0.952 0.140 -0.031 -0.880 0.141 0.079 -0.875 0.029 -0.080 -0.538 0.026 0.126 -0.529 0.099 -0.013 -0.405 0.076 0.051 -0.403 
0.999 0.017 -0.005 0.041 0.988 -0.003 -0.004 -0.157 0.046 -0.157 -0.984 0.161 0.215 -0.951 0.145 -0.022 -0.876 0.133 0.082 -0.872 
0.041 -0.076 -0.538 0.009 0.136 -0.528 0.104 -0.009 -0.404 0.078 0.055 -0.402 0.998 0.028 -0.010 0.054 0.991 -0.001 -0.006 -0.135 
0.052 -0.133 -0.989 0.094 0.250 -0.951 0.117 -0.021 -0.874 0.127 0.086 -0.867 0.036 -0.068 -0.539 -0.030 0.154 -0.522 0.086 -0.009 
-0.408 0.084 0.059 -0.400 0.998 0.034 -0.005 0.057 0.994 -0.004 -0.010 -0.108 -0.003 -0.128 -0.983 -0.064 0.282 -0.958 0.119 0.002 
-0.849 0.131 0.097 -0.842 0.056 -0.044 -0.540 -0.008 0.147 -0.524 0.075 -0.010 -0.410 0.094 0.059 -0.398 0.999 0.029 0.010 0.037 
0.998 -0.006 -0.012 -0.062 0.078 -0.096 -0.990 -0.229 0.284 -0.899 0.102 0.008 -0.851 0.161 0.095 -0.835 0.075 -0.042 -0.538 -0.018 
0.111 -0.532 0.068 -0.024 -0.411 0.140 0.049 -0.385 0.996 0.041 0.019 0.071 0.997 -0.004 -0.017 -0.070 0.163 -0.069 -0.984 -0.280 
0.288 -0.876 0.109 0.009 -0.845 0.174 0.085 -0.807 0.089 -0.038 -0.536 -0.043 0.103 -0.533 0.069 -0.027 -0.410 0.228 0.028 -0.343 
0.993 0.043 0.045 0.104 0.997 -0.005 -0.023 -0.073 0.341 -0.023 -0.904 -0.254 0.271 -0.929 0.114 0.032 -0.877 0.220 0.102 -0.816 
0.087 -0.083 -0.531 -0.126 0.141 -0.510 0.067 -0.013 -0.411 0.272 0.043 -0.307 0.991 0.025 0.052 0.118 0.995 0.011 -0.020 -0.102 
0.423 -0.040 -0.851 -0.319 0.220 -0.919 0.134 0.013 -0.880 0.269 0.077 -0.788 0.131 -0.127 -0.513 -0.213 0.136 -0.482 0.077 -0.021 
-0.409 0.296 0.042 -0.285 0.997 -0.007 0.047 0.060 0.998 0.032 -0.018 -0.043 0.475 -0.107 -0.798 -0.446 0.221 -0.867 0.098 -0.039 
-0.880 0.318 -0.018 -0.719 0.137 -0.169 -0.499 -0.232 0.112 -0.479 0.073 -0.051 -0.407 0.336 -0.020 -0.238 0.998 -0.006 0.042 0.049 
0.999 0.031 -0.017 -0.021 0.520 -0.091 -0.759 -0.428 0.245 -0.870 0.093 -0.036 -0.882 0.322 -0.031 -0.709 0.157 -0.164 -0.495 -0.228 
0.129 -0.477 0.073 -0.049 -0.408 0.343 -0.032 -0.227 0.999 0.001 0.033 0.031 0.999 0.032 -0.009 0.007 0.510 -0.102 -0.695 -0.389 
0.281 -0.877 0.096 -0.040 -0.878 0.297 -0.049 -0.683 0.110 -0.191 -0.499 -0.211 0.153 -0.477 0.074 -0.051 -0.407 0.363 -0.056 -0.188 
0.999 0.013 0.032 0.039 0.999 0.032 -0.015 -0.001 0.526 -0.075 -0.702 -0.381 0.308 -0.872 0.069 -0.038 -0.880 0.239 -0.043 -0.697 
0.127 -0.167 -0.503 -0.213 0.174 -0.469 0.070 -0.049 -0.408 0.357 -0.055 -0.199 0.997 0.012 0.004 0.070 0.999 0.025 -0.004 -0.037 
0.568 -0.034 -0.642 -0.261 0.286 -0.888 0.095 -0.022 -0.881 0.207 -0.003 -0.743 0.159 -0.168 -0.493 -0.241 0.217 -0.437 0.085 -0.034 
-0.407 0.332 -0.018 -0.244 0.999 0.013 0.018 0.049 0.999 0.019 -0.015 -0.043 0.450 -0.094 -0.748 -0.274 0.374 -0.854 0.124 -0.025 
-0.876 0.163 0.023 -0.826 0.068 -0.169 -0.513 -0.239 0.262 -0.412 0.070 -0.036 -0.409 0.268 -0.010 -0.314 1.000 0.004 0.007 0.024 
0.999 0.019 -0.003 -0.035 0.420 -0.116 -0.750 -0.216 0.369 -0.871 0.130 -0.031 -0.874 0.177 0.027 -0.828 0.035 -0.173 -0.515 -0.211 
0.264 -0.427 0.083 -0.040 -0.407 0.261 -0.013 -0.319 0.999 0.016 -0.011 0.040 0.997 0.007 0.004 -0.075 0.107 -0.164 -0.963 -0.075 
0.377 -0.911 0.099 -0.020 -0.862 0.135 0.063 -0.835 -0.022 -0.132 -0.528 -0.111 0.233 -0.479 0.096 -0.028 -0.405 0.191 0.015 -0.366 
0.999 0.028 -0.027 0.015 0.996 -0.001 0.013 -0.088 0.233 -0.207 -0.916 0.057 0.366 -0.915 0.096 -0.026 -0.856 0.132 0.071 -0.832 
0.013 -0.155 -0.522 -0.045 0.231 -0.491 0.098 -0.035 -0.404 0.154 0.027 -0.382 0.999 0.028 -0.024 0.001 0.994 -0.010 0.008 -0.105 
0.073 -0.189 -0.968 0.132 0.342 -0.924 0.132 -0.014 -0.845 0.096 0.075 -0.841 -0.028 -0.126 -0.529 0.015 0.211 -0.502 0.107 -0.023 
-0.402 0.121 0.036 -0.393 1.000 0.018 -0.024 -0.004 0.994 -0.004 0.007 -0.111 -0.095 -0.173 -0.972 0.264 0.279 -0.917 0.127 -0.028 
-0.846 0.098 0.053 -0.847 -0.105 -0.114 -0.522 0.091 0.177 -0.507 0.132 -0.022 -0.395 0.107 0.030 -0.397 0.999 0.006 -0.028 -0.017 
0.991 -0.008 0.008 -0.135 -0.255 -0.195 -0.941 0.334 0.176 -0.919 0.136 -0.037 -0.796 0.102 0.030 -0.828 -0.102 -0.084 -0.528 0.128 
0.122 -0.515 0.235 0.015 -0.344 0.095 0.034 -0.400 1.000 0.008 -0.017 -0.009 0.986 -0.003 -0.005 -0.168 -0.311 -0.221 -0.903 0.397 
0.112 -0.896 0.161 -0.059 -0.755 0.111 0.007 -0.838 -0.102 -0.069 -0.530 0.142 0.088 -0.518 0.277 0.012 -0.311 0.068 0.034 -0.406 
0.999 0.017 -0.004 -0.051 0.991 -0.008 -0.018 -0.130 -0.148 -0.091 -0.984 0.387 0.030 -0.900 0.158 -0.059 -0.741 0.106 -0.002 -0.870 
-0.095 -0.056 -0.534 0.134 0.071 -0.523 0.313 -0.008 -0.275 0.067 0.027 -0.406 0.997 0.023 -0.004 -0.077 0.994 -0.010 -0.016 -0.103 
-0.103 -0.063 -0.989 0.396 -0.013 -0.894 0.166 -0.070 -0.727 0.112 -0.004 -0.879 -0.094 -0.048 -0.535 0.144 0.062 -0.521 0.318 -0.021 
-0.268 0.075 0.025 -0.405 0.996 0.027 -0.032 -0.080 0.994 -0.013 -0.001 -0.107 0.184 -0.024 -0.913 0.536 -0.086 -0.684 0.161 -0.075 
-0.694 0.154 0.003 -0.907 -0.068 -0.069 -0.536 0.173 0.120 -0.502 0.356 -0.024 -0.216 0.077 0.011 -0.405 0.997 0.019 -0.037 -0.059 
0.991 -0.006 -0.001 -0.131 0.212 0.015 -0.904 0.572 -0.097 -0.562 0.155 -0.068 -0.662 0.144 -0.017 -0.914 -0.045 -0.071 -0.538 0.181 
0.129 -0.497 0.376 -0.012 -0.181 0.071 0.008 -0.406 0.998 0.010 -0.041 -0.050 0.990 -0.002 0.003 -0.144 0.233 0.019 -0.926 0.604 
-0.086 -0.545 0.164 -0.071 -0.652 0.153 -0.020 -0.904 0.003 -0.059 -0.541 0.196 0.113 -0.495 0.379 -0.008 -0.174 0.070 0.008 -0.407 
1.000 -0.003 -0.022 -0.012 0.980 0.004 0.004 -0.198 0.220 0.032 -0.931 0.589 -0.032 -0.509 0.176 -0.058 -0.680 0.157 -0.011 -0.910 
0.015 -0.076 -0.539 0.165 0.135 -0.502 0.367 0.020 -0.196 0.068 0.013 -0.407 1.000 -0.012 -0.023 -0.013 0.980 0.001 0.005 -0.199 
0.157 -0.016 -0.954 0.567 -0.008 -0.519 0.150 -0.070 -0.756 0.159 0.001 -0.902 -0.010 -0.091 -0.537 0.135 0.139 -0.509 0.325 0.011 
-0.261 0.070 0.026 -0.406 0.999 -0.000 -0.037 0.018 0.975 0.000 0.017 -0.222 0.148 -0.032 -0.944 0.552 0.052 -0.536 0.146 -0.072 
-0.799 0.173 0.023 -0.904 -0.029 -0.112 -0.531 0.107 0.149 -0.514 0.294 0.015 -0.296 0.076 0.034 -0.404 0.999 0.024 0.006 0.023 
0.985 -0.004 0.002 -0.170 -0.161 -0.180 -0.959 0.361 0.114 -0.809 0.220 0.014 -0.889 0.165 0.086 -0.899 -0.139 -0.139 -0.507 -0.001 
0.121 -0.531 0.121 0.019 -0.399 0.085 0.061 -0.400 0.999 0.022 -0.004 0.044 0.991 0.014 0.019 -0.135 -0.009 -0.169 -0.974 0.130 
0.178 -0.942 0.137 -0.037 -0.884 0.215 0.060 -0.874 -0.063 -0.131 -0.525 -0.052 0.135 -0.525 0.110 -0.004 -0.402 0.119 0.045 -0.393 
0.999 0.023 -0.003 0.043 0.992 0.016 0.019 -0.126 0.051 -0.174 -0.971 0.022 0.162 -0.969 0.136 -0.034 -0.879 0.203 0.053 -0.873 
-0.033 -0.134 -0.527 -0.077 0.117 -0.526 0.102 -0.011 -0.404 0.132 0.037 -0.389 0.998 0.023 -0.013 0.049 0.994 0.022 0.026 -0.104 
0.121 -0.182 -0.958 0.031 0.181 -0.977 0.125 -0.043 -0.867 0.210 0.036 -0.847 -0.010 -0.147 -0.524 -0.038 0.118 -0.530 0.100 -0.024 
-0.404 0.173 0.022 -0.374 0.998 0.019 -0.006 0.058 0.995 0.021 0.017 -0.097 0.270 -0.137 -0.924 -0.073 0.194 -0.975 0.116 -0.003 
-0.872 0.247 0.062 -0.810 0.053 -0.137 -0.524 -0.085 0.122 -0.524 0.081 -0.015 -0.409 0.240 0.039 -0.333 0.995 0.002 0.005 0.096 
0.993 0.030 0.007 -0.114 0.329 -0.136 -0.923 -0.224 0.176 -0.959 0.083 -0.011 -0.870 0.256 0.072 -0.731 0.129 -0.120 -0.515 -0.108 
0.092 -0.526 0.078 -0.027 -0.409 0.300 0.044 -0.280 0.996 0.001 0.011 0.091 0.994 0.032 -0.003 -0.103 0.322 -0.148 -0.931 -0.272 
0.175 -0.936 0.048 -0.012 -0.866 0.251 0.067 -0.695 0.147 -0.107 -0.514 -0.084 0.073 -0.533 0.072 -0.034 -0.409 0.321 0.032 -0.258 
0.995 0.000 0.017 0.103 0.994 0.034 -0.007 -0.105 0.327 -0.093 -0.931 -0.246 0.178 -0.952 0.040 -0.013 -0.877 0.236 0.075 -0.685 
0.137 -0.098 -0.518 -0.109 0.089 -0.526 0.071 -0.039 -0.409 0.335 0.034 -0.239 0.995 0.000 0.017 0.103 0.994 0.034 -0.007 -0.105 
0.327 -0.093 -0.931 -0.246 0.178 -0.952 0.040 -0.013 -0.877 0.236 0.075 -0.685 0.137 -0.098 -0.518 -0.109 0.089 -0.526 0.071 -0.039 
-0.409 0.335 0.034 -0.239 0.998 0.002 0.002 0.060 0.998 0.034 0.007 -0.055 0.520 -0.069 -0.792 -0.244 0.190 -0.951 0.077 -0.009 
-0.878 0.283 0.055 -0.642 0.181 -0.133 -0.496 -0.124 0.097 -0.521 0.093 -0.034 -0.405 0.366 0.000 -0.191 0.998 0.009 0.008 0.066 
0.997 0.030 -0.007 -0.064 0.535 -0.037 -0.757 -0.299 0.184 -0.937 0.046 -0.001 -0.881 0.270 0.044 -0.641 0.174 -0.136 -0.498 -0.165 
0.102 -0.508 0.086 -0.023 -0.407 0.375 0.007 -0.172 0.999 0.010 0.002 0.048 0.999 0.031 -0.009 -0.044 0.561 -0.047 -0.669 -0.308 
0.180 -0.934 0.028 -0.011 -0.880 0.260 0.005 -0.672 0.155 -0.160 -0.497 -0.179 0.108 -0.502 0.082 -0.031 -0.408 0.366 -0.018 -0.190 
1.000 0.002 -0.000 0.010 0.999 0.031 -0.008 -0.007 0.526 -0.090 -0.674 -0.316 0.200 -0.927 0.029 -0.013 -0.885 0.230 -0.009 -0.704 
0.108 -0.163 -0.509 -0.180 0.117 -0.500 0.077 -0.033 -0.408 0.349 -0.041 -0.217 1.000 0.001 -0.004 0.015 0.999 0.030 -0.012 -0.012 
0.528 -0.075 -0.676 -0.301 0.196 -0.930 0.028 -0.009 -0.889 0.219 -0.010 -0.749 0.111 -0.153 -0.511 -0.191 0.132 -0.492 0.068 -0.031 
-0.410 0.323 -0.036 -0.254 1.000 -0.008 -0.006 0.010 0.999 0.031 -0.016 -0.023 0.488 -0.085 -0.681 -0.241 0.174 -0.941 0.012 -0.015 
-0.895 0.187 -0.002 -0.814 0.070 -0.160 -0.516 -0.190 0.144 -0.489 0.074 -0.031 -0.409 0.276 -0.030 -0.305 1.000 -0.005 -0.015 0.027 
0.997 0.024 -0.015 -0.067 0.491 -0.064 -0.700 -0.256 0.160 -0.916 0.027 -0.009 -0.893 0.158 0.005 -0.858 0.085 -0.153 -0.516 -0.248 
0.153 -0.459 0.076 -0.025 -0.409 0.230 -0.009 -0.343 0.999 -0.012 -0.023 0.022 0.998 0.023 -0.009 -0.064 0.448 -0.083 -0.713 -0.164 
0.160 -0.916 0.028 -0.014 -0.896 0.148 0.003 -0.870 0.046 -0.166 -0.517 -0.231 0.164 -0.465 0.077 -0.027 -0.409 0.213 -0.015 -0.353 
0.999 0.009 -0.048 -0.004 0.996 0.014 -0.000 -0.086 0.449 -0.136 -0.804 -0.044 0.158 -0.980 0.049 -0.032 -0.868 0.133 0.000 -0.856 
0.092 -0.129 -0.521 -0.076 0.111 -0.527 0.081 -0.041 -0.407 0.152 -0.013 -0.383 0.998 0.001 -0.053 -0.027 0.996 0.015 0.006 -0.087 
0.384 -0.170 -0.850 0.063 0.159 -0.982 0.057 -0.046 -0.870 0.166 -0.012 -0.847 0.070 -0.132 -0.524 -0.007 0.108 -0.533 0.090 -0.044 
-0.405 0.128 -0.019 -0.392 0.997 0.007 -0.065 -0.040 0.995 0.010 0.010 -0.094 0.386 -0.199 -0.834 0.158 0.177 -0.968 0.064 -0.052 
-0.857 0.142 -0.019 -0.851 0.060 -0.141 -0.522 0.045 0.120 -0.529 0.103 -0.042 -0.402 0.101 -0.026 -0.399 0.997 0.007 -0.065 -0.046 
0.995 0.010 0.010 -0.096 0.335 -0.220 -0.848 0.196 0.174 -0.964 0.086 -0.053 -0.842 0.143 -0.026 -0.845 0.026 -0.153 -0.522 0.078 
0.112 -0.527 0.124 -0.053 -0.394 0.094 -0.034 -0.400 0.995 0.012 -0.058 -0.080 0.997 -0.001 0.007 -0.075 0.190 -0.128 -0.937 0.343 
0.130 -0.930 0.104 -0.038 -0.806 0.145 -0.031 -0.838 -0.023 -0.085 -0.538 0.168 0.087 -0.510 0.186 -0.042 -0.371 0.098 -0.020 -0.400 
0.996 0.008 -0.045 -0.074 0.995 -0.005 0.002 -0.096 -0.095 -0.112 -0.988 0.395 0.111 -0.911 0.134 -0.042 -0.771 0.131 -0.035 -0.833 
-0.063 -0.064 -0.537 0.191 0.079 -0.504 0.239 -0.011 -0.342 0.094 0.000 -0.402 0.996 0.006 -0.040 -0.083 0.996 -0.009 -0.004 -0.094 
-0.172 -0.105 -0.977 0.425 0.098 -0.896 0.138 -0.040 -0.755 0.125 -0.028 -0.828 -0.067 -0.050 -0.539 0.201 0.077 -0.500 0.257 0.003 
-0.328 0.090 0.016 -0.403 0.993 0.007 -0.051 -0.109 0.997 -0.011 -0.002 -0.082 0.119 -0.057 -0.987 0.503 0.033 -0.848 0.175 -0.027 
-0.735 0.131 -0.027 -0.839 0.020 -0.036 -0.543 0.223 0.076 -0.490 0.288 0.005 -0.301 0.091 0.014 -0.402 0.991 0.025 -0.049 -0.125 
0.998 -0.019 -0.007 -0.059 0.221 -0.034 -0.952 0.551 -0.028 -0.810 0.211 -0.038 -0.718 0.125 -0.028 -0.859 0.019 -0.022 -0.544 0.253 
0.065 -0.477 0.309 -0.014 -0.280 0.091 0.007 -0.402 0.987 0.029 -0.054 -0.148 0.999 -0.020 -0.009 -0.032 0.292 -0.054 -0.889 0.561 
-0.066 -0.787 0.194 -0.040 -0.700 0.124 -0.028 -0.872 -0.003 -0.013 -0.545 0.263 0.072 -0.471 0.320 -0.032 -0.266 0.088 0.004 -0.403 
0.985 0.047 -0.051 -0.157 0.999 -0.028 -0.010 -0.038 0.236 -0.067 -0.850 0.553 -0.101 -0.733 0.218 -0.024 -0.694 0.113 -0.021 -0.897 
-0.091 -0.018 -0.537 0.247 0.113 -0.471 0.335 -0.027 -0.246 0.083 0.008 -0.404 0.991 0.040 -0.044 -0.118 0.997 -0.023 -0.007 -0.077 
0.175 -0.018 -0.922 0.553 -0.069 -0.707 0.235 -0.025 -0.687 0.130 -0.022 -0.899 -0.071 -0.026 -0.540 0.216 0.138 -0.480 0.347 -0.007 
-0.232 0.080 0.009 -0.405 0.993 0.033 -0.046 -0.107 0.996 -0.020 -0.004 -0.089 0.190 -0.029 -0.894 0.572 -0.083 -0.655 0.241 -0.022 
-0.670 0.133 -0.026 -0.903 -0.090 -0.048 -0.535 0.220 0.145 -0.477 0.360 -0.002 -0.211 0.083 0.006 -0.404 0.995 0.033 -0.053 -0.083 
0.994 -0.014 0.000 -0.112 0.190 -0.025 -0.889 0.581 -0.061 -0.610 0.245 -0.025 -0.658 0.140 -0.036 -0.908 -0.090 -0.066 -0.533 0.204 
0.159 -0.479 0.368 0.006 -0.197 0.083 -0.001 -0.404 0.994 0.029 -0.069 -0.084 0.993 -0.011 0.013 -0.114 0.190 -0.022 -0.885 0.549 
-0.076 -0.594 0.229 -0.027 -0.637 0.153 -0.042 -0.892 -0.094 -0.070 -0.532 0.178 0.166 -0.487 0.383 0.002 -0.166 0.088 -0.005 -0.403 
0.994 0.019 -0.074 -0.083 0.994 -0.002 0.015 -0.107 0.203 -0.024 -0.880 0.548 -0.088 -0.561 0.222 -0.034 -0.618 0.138 -0.065 -0.886 
-0.086 -0.078 -0.532 0.171 0.159 -0.492 0.391 -0.009 -0.144 0.089 -0.018 -0.402 0.994 0.019 -0.075 -0.081 0.994 -0.007 0.016 -0.107 
0.206 -0.021 -0.880 0.545 -0.077 -0.558 0.225 -0.029 -0.620 0.126 -0.059 -0.887 -0.082 -0.080 -0.533 0.163 0.163 -0.493 0.392 -0.008 
-0.143 0.084 -0.015 -0.404 0.994 0.021 -0.075 -0.078 0.994 -0.008 0.019 -0.106 0.225 -0.014 -0.876 0.542 -0.071 -0.553 0.236 -0.026 
-0.620 0.121 -0.059 -0.887 -0.070 -0.078 -0.535 0.158 0.169 -0.493 0.394 -0.010 -0.137 0.082 -0.016 -0.404 0.994 0.027 -0.062 -0.080 
0.995 -0.006 0.016 -0.103 0.205 -0.021 -0.872 0.500 -0.096 -0.554 0.243 -0.027 -0.623 0.115 -0.066 -0.890 -0.089 -0.086 -0.530 0.131 
0.168 -0.501 0.396 -0.017 -0.130 0.077 -0.020 -0.405 0.994 0.027 -0.063 -0.080 0.994 -0.010 0.015 -0.105 0.202 -0.014 -0.873 0.500 
-0.090 -0.555 0.241 -0.022 -0.624 0.112 -0.060 -0.891 -0.090 -0.083 -0.531 0.130 0.172 -0.500 0.396 -0.014 -0.131 0.076 -0.017 -0.405 
0.995 0.025 -0.060 -0.075 0.995 -0.011 0.017 -0.100 0.206 -0.010 -0.863 0.527 -0.104 -0.531 0.244 -0.040 -0.624 0.111 -0.063 -0.897 
-0.093 -0.089 -0.529 0.154 0.157 -0.498 0.397 -0.021 -0.127 0.076 -0.021 -0.405 0.995 0.025 -0.060 -0.073 0.995 -0.011 0.015 -0.099 
0.204 -0.012 -0.866 0.527 -0.103 -0.532 0.238 -0.044 -0.624 0.109 -0.064 -0.897 -0.091 -0.091 -0.529 0.153 0.155 -0.499 0.396 -0.022 
-0.130 0.074 -0.021 -0.405 0.996 0.025 -0.052 -0.070 0.995 -0.012 0.013 -0.100 0.179 -0.007 -0.876 0.535 -0.105 -0.532 0.241 -0.039 
-0.628 0.111 -0.064 -0.899 -0.099 -0.097 -0.527 0.154 0.145 -0.502 0.396 -0.023 -0.130 0.077 -0.023 -0.405 0.997 0.024 -0.041 -0.068 
0.995 -0.012 0.009 -0.100 0.209 -0.003 -0.861 0.526 -0.107 -0.537 0.250 -0.039 -0.634 0.097 -0.068 -0.909 -0.086 -0.100 -0.528 0.147 
0.145 -0.504 0.396 -0.022 -0.128 0.083 -0.026 -0.403 0.997 0.024 -0.041 -0.068 0.995 -0.010 0.009 -0.099 0.209 -0.005 -0.861 0.526 
-0.109 -0.536 0.251 -0.040 -0.633 0.097 -0.070 -0.909 -0.086 -0.101 -0.528 0.148 0.144 -0.504 0.396 -0.023 -0.128 0.083 -0.027 -0.403 
0.997 0.024 -0.041 -0.068 0.995 -0.013 0.009 -0.101 0.207 -0.000 -0.861 0.526 -0.104 -0.538 0.250 -0.036 -0.634 0.095 -0.065 -0.909 
-0.087 -0.099 -0.528 0.146 0.147 -0.503 0.396 -0.020 -0.129 0.083 -0.024 -0.403 0.996 0.028 -0.040 -0.068 0.994 -0.019 0.010 -0.104 
0.175 -0.005 -0.875 0.535 -0.094 -0.535 0.260 -0.023 -0.649 0.096 -0.051 -0.912 -0.102 -0.097 -0.526 0.153 0.153 -0.499 0.391 -0.010 
-0.146 0.086 -0.016 -0.403 0.997 0.033 -0.036 -0.057 0.993 -0.024 0.014 -0.116 0.182 0.002 -0.872 0.539 -0.079 -0.532 0.270 0.001 
-0.660 0.102 -0.040 -0.915 -0.097 -0.097 -0.527 0.150 0.158 -0.499 0.389 -0.000 -0.152 0.088 -0.010 -0.403 0.998 0.033 -0.033 -0.053 
0.992 -0.025 0.012 -0.121 0.159 -0.002 -0.891 0.546 -0.071 -0.535 0.274 -0.010 -0.652 0.098 -0.037 -0.918 -0.097 -0.099 -0.527 0.155 
0.160 -0.497 0.390 0.003 -0.146 0.088 -0.006 -0.403 0.997 0.033 -0.035 -0.052 0.992 -0.024 0.011 -0.119 0.157 -0.007 -0.891 0.543 
-0.072 -0.537 0.271 -0.013 -0.651 0.097 -0.038 -0.918 -0.098 -0.102 -0.526 0.151 0.159 -0.498 0.391 0.003 -0.146 0.084 -0.007 -0.404 
0.998 0.033 -0.034 -0.052 0.993 -0.024 0.010 -0.119 0.148 -0.011 -0.893 0.541 -0.071 -0.539 0.277 -0.013 -0.650 0.099 -0.038 -0.917 
-0.103 -0.103 -0.525 0.149 0.159 -0.499 0.391 0.003 -0.145 0.085 -0.007 -0.404 0.998 0.026 -0.030 -0.054 0.993 -0.024 0.006 -0.114 
0.084 -0.007 -0.925 0.553 -0.057 -0.533 0.285 -0.014 -0.675 0.092 -0.033 -0.912 -0.111 -0.097 -0.524 0.147 0.148 -0.503 0.384 0.003 
-0.163 0.091 -0.006 -0.402 0.998 0.027 -0.028 -0.050 0.992 -0.026 0.007 -0.123 0.084 0.000 -0.925 0.548 -0.047 -0.525 0.277 -0.004 
-0.691 0.103 -0.023 -0.913 -0.110 -0.097 -0.524 0.142 0.160 -0.501 0.377 0.013 -0.178 0.094 -0.001 -0.402 0.998 0.022 -0.050 -0.035 
0.988 -0.023 0.012 -0.149 0.160 -0.003 -0.914 0.553 -0.005 -0.507 0.259 0.005 -0.758 0.116 -0.010 -0.897 -0.069 -0.096 -0.531 0.133 
0.172 -0.500 0.336 0.030 -0.245 0.102 0.002 -0.400 0.997 0.030 -0.058 -0.034 0.988 -0.025 0.015 -0.154 0.170 -0.052 -0.894 0.565 
0.026 -0.512 0.250 0.010 -0.783 0.179 0.000 -0.872 -0.087 -0.119 -0.524 0.137 0.182 -0.495 0.312 0.028 -0.275 0.103 0.008 -0.400 
0.997 0.035 -0.074 0.006 0.983 -0.020 0.019 -0.182 0.195 -0.072 -0.857 0.529 0.064 -0.520 0.217 0.001 -0.822 0.185 0.013 -0.876 
-0.090 -0.158 -0.512 0.086 0.173 -0.510 0.287 0.032 -0.301 0.117 0.014 -0.396 0.997 0.038 -0.074 -0.004 0.987 -0.021 0.005 -0.159 
0.120 -0.076 -0.824 0.507 0.081 -0.612 0.125 -0.014 -0.886 0.119 0.025 -0.895 -0.184 -0.143 -0.492 0.070 0.169 -0.514 0.183 0.016 
-0.375 0.083 0.010 -0.404 0.997 0.024 -0.070 0.013 0.989 -0.013 -0.004 -0.149 0.072 -0.079 -0.989 0.532 0.121 -0.759 0.118 -0.020 
-0.857 0.117 0.013 -0.863 -0.003 -0.064 -0.541 0.148 0.104 -0.514 0.138 0.023 -0.393 0.056 0.011 -0.409 0.998 0.025 -0.049 0.021 
0.989 -0.011 -0.008 -0.146 -0.028 -0.106 -0.993 0.344 0.156 -0.902 0.085 -0.014 -0.858 0.102 -0.014 -0.853 -0.003 -0.052 -0.542 0.090 
0.107 -0.526 0.116 0.021 -0.400 0.056 0.014 -0.409 0.999 0.024 -0.048 -0.009 0.995 -0.012 0.003 -0.103 0.042 -0.090 -0.990 0.296 
0.157 -0.929 0.108 -0.009 -0.852 0.134 -0.013 -0.847 -0.024 -0.064 -0.541 0.090 0.116 -0.524 0.118 0.017 -0.400 0.085 0.013 -0.404 
0.998 0.029 -0.033 -0.043 0.998 -0.013 0.005 -0.065 0.135 -0.080 -0.979 0.170 0.184 -0.968 0.112 0.000 -0.847 0.150 -0.007 -0.845 
0.013 -0.053 -0.542 0.075 0.112 -0.527 0.114 0.011 -0.401 0.107 0.016 -0.398 0.999 0.035 -0.037 0.001 0.995 -0.001 0.010 -0.096 
0.255 -0.044 -0.956 0.056 0.198 -0.977 0.133 0.020 -0.839 0.152 -0.011 -0.832 0.078 -0.047 -0.537 -0.002 0.128 -0.529 0.115 0.020 
-0.400 0.189 -0.007 -0.366 0.996 0.046 -0.001 0.080 0.992 -0.008 -0.002 -0.122 0.365 0.039 -0.902 -0.062 0.171 -0.980 0.121 0.065 
-0.850 0.199 0.057 -0.792 0.113 -0.041 -0.531 -0.073 0.115 -0.527 0.115 0.028 -0.400 0.287 0.048 -0.292 0.996 0.027 0.003 0.082 
0.993 0.003 -0.005 -0.115 0.432 0.028 -0.878 -0.147 0.153 -0.977 0.114 0.036 -0.863 0.300 0.037 -0.743 0.163 -0.045 -0.518 -0.097 
0.092 -0.528 0.119 0.015 -0.399 0.309 0.035 -0.272 0.998 0.004 -0.001 0.061 0.997 0.012 -0.003 -0.072 0.509 -0.009 -0.814 -0.172 
0.153 -0.972 0.144 0.029 -0.860 0.312 0.016 -0.670 0.187 -0.094 -0.503 -0.116 0.099 -0.522 0.126 0.006 -0.397 0.357 0.015 -0.206 
0.999 0.008 -0.010 0.053 0.998 0.019 -0.002 -0.056 0.586 -0.032 -0.732 -0.250 0.151 -0.956 0.109 0.017 -0.856 0.287 -0.008 -0.633 
0.213 -0.120 -0.487 -0.152 0.094 -0.514 0.134 -0.006 -0.395 0.370 -0.013 -0.182 0.999 0.005 -0.027 0.027 0.999 0.021 -0.001 -0.027 
0.637 -0.063 -0.688 -0.276 0.151 -0.949 0.099 0.010 -0.859 0.275 0.010 -0.616 0.246 -0.134 -0.468 -0.156 0.087 -0.514 0.122 -0.015 
-0.398 0.369 -0.036 -0.181 0.999 0.008 -0.035 0.003 1.000 0.019 -0.001 0.001 0.657 -0.078 -0.627 -0.269 0.127 -0.954 0.094 0.027 
-0.872 0.215 0.006 -0.630 0.234 -0.142 -0.471 -0.157 0.079 -0.514 0.093 -0.012 -0.406 0.358 -0.061 -0.196 0.999 -0.001 -0.033 0.012 
1.000 0.023 -0.004 -0.011 0.678 -0.079 -0.649 -0.298 0.117 -0.947 0.090 0.026 -0.874 0.207 -0.014 -0.636 0.268 -0.125 -0.458 -0.164 
0.065 -0.514 0.086 -0.010 -0.408 0.351 -0.057 -0.209 0.999 -0.007 -0.045 0.013 1.000 0.028 0.004 -0.002 0.696 -0.050 -0.589 -0.282 
0.105 -0.952 0.084 0.022 -0.880 0.172 0.005 -0.634 0.270 -0.134 -0.455 -0.175 0.073 -0.510 0.084 -0.016 -0.408 0.349 -0.079 -0.206 
0.999 -0.003 -0.027 0.033 0.999 0.032 -0.010 -0.019 0.676 -0.020 -0.564 -0.307 0.095 -0.943 0.064 0.017 -0.887 0.223 -0.020 -0.641 
0.251 -0.144 -0.462 -0.201 0.079 -0.499 0.084 -0.014 -0.408 0.365 -0.061 -0.183 0.999 -0.004 -0.026 0.030 0.999 0.032 -0.012 -0.016 
0.679 -0.016 -0.559 -0.314 0.110 -0.941 0.050 0.022 -0.890 0.261 -0.007 -0.617 0.254 -0.144 -0.461 -0.193 0.080 -0.502 0.080 -0.011 
-0.409 0.378 -0.060 -0.155 1.000 -0.003 -0.023 0.017 0.999 0.031 -0.016 -0.021 0.678 -0.010 -0.555 -0.139 0.078 -0.985 0.039 0.021 
-0.900 0.294 0.007 -0.622 0.252 -0.141 -0.463 -0.100 0.066 -0.530 0.079 -0.006 -0.409 0.381 -0.050 -0.149 1.000 -0.001 -0.000 0.020 
0.999 0.030 -0.020 -0.025 0.667 -0.002 -0.564 -0.177 0.105 -0.978 0.025 0.030 -0.905 0.361 0.015 -0.630 0.243 -0.136 -0.469 -0.105 
0.068 -0.529 0.073 -0.001 -0.411 0.383 -0.040 -0.147 0.999 -0.010 0.032 0.025 0.998 0.036 -0.032 -0.036 0.623 -0.001 -0.595 -0.286 
0.108 -0.952 0.017 0.024 -0.902 0.586 -0.013 -0.647 0.207 -0.147 -0.482 -0.142 0.045 -0.523 0.063 -0.010 -0.412 0.368 -0.033 -0.184 
1.000 -0.025 -0.006 -0.016 0.999 0.042 -0.011 0.004 0.651 -0.067 -0.577 -0.318 0.132 -0.938 0.061 0.010 -0.891 0.392 -0.028 -0.607 
0.220 -0.166 -0.471 -0.165 0.062 -0.514 0.077 -0.020 -0.409 0.385 -0.060 -0.136 1.000 -0.009 0.018 -0.015 0.999 0.038 -0.022 -0.017 
0.550 -0.074 -0.657 -0.297 0.169 -0.940 0.044 0.026 -0.894 0.307 -0.013 -0.656 0.130 -0.158 -0.505 -0.164 0.095 -0.510 0.086 -0.010 
-0.408 0.379 -0.057 -0.153 1.000 -0.016 0.018 -0.015 0.998 0.043 -0.014 -0.049 0.506 -0.097 -0.728 -0.270 0.171 -0.947 0.086 0.007 
-0.888 0.301 0.003 -0.714 0.110 -0.153 -0.511 -0.161 0.111 -0.508 0.107 -0.007 -0.403 0.357 -0.041 -0.202 0.999 -0.001 0.022 0.036 
0.991 0.032 -0.004 -0.128 0.335 -0.090 -0.883 -0.138 0.191 -0.965 0.113 0.049 -0.857 0.277 0.060 -0.775 0.065 -0.142 -0.521 -0.124 
0.138 -0.512 0.148 0.003 -0.390 0.308 0.035 -0.272 1.000 -0.008 0.014 0.021 0.992 0.037 0.008 -0.123 0.125 -0.160 -0.966 0.012 
0.206 -0.972 0.194 0.045 -0.816 0.264 0.054 -0.764 0.010 -0.136 -0.527 -0.047 0.145 -0.523 0.200 0.014 -0.366 0.296 0.025 -0.286 
0.999 -0.010 0.013 0.040 0.988 0.033 0.012 -0.148 0.052 -0.222 -0.965 0.105 0.192 -0.968 0.197 0.055 -0.807 0.243 0.080 -0.776 
-0.014 -0.160 -0.519 -0.003 0.137 -0.527 0.215 0.031 -0.356 0.271 0.048 -0.308 1.000 -0.018 -0.004 0.020 0.987 0.039 0.022 -0.151 
-0.023 -0.192 -0.973 0.244 0.148 -0.948 0.206 0.031 -0.803 0.250 0.064 -0.776 -0.056 -0.140 -0.523 0.068 0.115 -0.528 0.224 0.019 
-0.351 0.247 0.052 -0.327 0.999 -0.005 0.000 0.046 0.983 0.029 0.029 -0.180 -0.246 -0.201 -0.944 0.364 0.139 -0.911 0.246 0.042 
-0.823 0.242 0.075 -0.800 -0.115 -0.090 -0.525 0.132 0.093 -0.520 0.202 0.017 -0.364 0.196 0.055 -0.360 0.999 0.001 0.003 0.049 
0.979 0.012 0.029 -0.201 -0.175 -0.177 -0.961 0.427 0.100 -0.882 0.241 0.069 -0.846 0.230 0.103 -0.829 -0.059 -0.061 -0.538 0.153 
0.070 -0.518 0.160 0.048 -0.383 0.150 0.072 -0.378 0.999 -0.004 -0.009 0.034 0.978 0.011 0.035 -0.205 -0.199 -0.193 -0.959 0.179 
0.025 -0.861 0.227 0.042 -0.858 0.244 0.089 -0.839 -0.110 -0.107 -0.522 -0.132 0.027 -0.527 0.132 0.036 -0.394 0.105 0.053 -0.396 
0.999 -0.016 -0.019 0.032 0.974 0.010 0.032 -0.223 0.091 -0.190 -0.969 0.168 0.029 -0.758 0.200 0.037 -0.873 0.222 0.095 -0.850 
0.006 -0.140 -0.525 -0.209 0.036 -0.501 0.115 0.034 -0.400 0.077 0.048 -0.403 0.999 -0.004 -0.039 -0.019 0.987 -0.002 0.019 -0.157 
0.334 -0.071 -0.576 0.486 -0.007 -0.269 0.056 -0.020 -0.958 0.127 0.030 -0.952 -0.089 -0.214 -0.491 0.130 0.155 -0.506 0.103 0.006 
-0.404 0.053 0.017 -0.409 0.998 0.001 -0.021 -0.061 0.992 -0.017 -0.006 -0.126 0.323 -0.064 -0.442 0.504 -0.085 -0.263 -0.009 -0.006 
-0.965 0.033 0.026 -0.977 -0.115 -0.167 -0.505 0.190 0.162 -0.484 0.098 0.006 -0.405 0.036 0.021 -0.411 0.997 -0.007 -0.023 -0.068 
0.995 -0.014 -0.027 -0.095 0.300 -0.080 -0.450 0.533 -0.082 -0.248 -0.026 -0.028 -0.924 -0.021 -0.014 -0.972 -0.144 -0.163 -0.499 0.227 
0.183 -0.460 0.153 0.000 -0.388 0.032 0.008 -0.411 0.998 -0.009 -0.015 -0.067 0.992 -0.015 -0.039 -0.116 0.288 -0.066 -0.434 0.467 
-0.090 -0.226 -0.066 -0.047 -0.858 -0.070 -0.030 -0.974 -0.151 -0.169 -0.495 0.205 0.200 -0.464 0.210 0.007 -0.360 0.012 0.003 -0.412 
1.000 -0.009 -0.030 0.000 0.985 -0.014 -0.021 -0.168 0.117 -0.010 -0.904 0.589 0.004 -0.251 0.061 -0.036 -0.784 0.052 0.009 -0.935 
-0.084 -0.145 -0.517 0.219 0.150 -0.476 0.301 0.043 -0.286 0.033 0.022 -0.411 0.999 0.006 -0.033 0.004 0.978 -0.029 -0.012 -0.206 
0.225 0.024 -0.874 0.585 -0.026 -0.295 0.033 -0.019 -0.650 0.089 0.016 -0.921 -0.025 -0.133 -0.527 0.215 0.180 -0.468 0.354 0.075 
-0.209 0.029 0.027 -0.411 1.000 0.011 -0.017 -0.011 0.983 -0.034 -0.015 -0.182 0.179 -0.009 -0.901 0.643 -0.061 -0.327 0.156 0.054 
-0.667 0.087 0.015 -0.918 -0.045 -0.136 -0.525 0.260 0.153 -0.454 0.377 0.049 -0.173 0.027 0.020 -0.411 1.000 0.019 0.005 0.008 
0.977 -0.036 -0.001 -0.212 0.263 0.004 -0.881 0.708 -0.001 -0.352 0.486 0.169 -0.756 0.117 0.031 -0.915 0.001 -0.121 -0.530 0.288 
0.156 -0.436 0.309 0.043 -0.277 0.061 0.021 -0.408 0.999 0.022 -0.013 0.035 0.971 -0.038 0.024 -0.235 0.287 0.021 -0.890 0.742 
0.098 -0.432 0.405 0.159 -0.776 0.157 0.059 -0.903 0.027 -0.097 -0.534 0.293 0.179 -0.424 0.284 0.040 -0.303 0.086 0.033 -0.403 
1.000 0.015 -0.012 0.012 0.978 -0.035 0.020 -0.203 0.177 -0.043 -0.934 0.677 0.081 -0.559 0.323 0.111 -0.798 0.145 0.046 -0.911 
-0.024 -0.113 -0.531 0.239 0.165 -0.461 0.282 0.034 -0.306 0.066 0.028 -0.407 0.997 0.019 0.002 -0.070 0.995 -0.046 -0.026 -0.084 
-0.285 -0.146 -0.945 0.477 -0.012 -0.820 0.209 0.007 -0.695 0.065 0.040 -0.883 -0.137 -0.068 -0.523 0.153 0.089 -0.514 0.348 0.042 
-0.226 0.014 0.041 -0.411 0.999 0.047 -0.014 -0.000 0.989 -0.061 -0.010 -0.134 -0.299 -0.166 -0.922 0.375 0.128 -0.897 0.173 0.064 
-0.746 0.094 0.101 -0.849 -0.098 -0.042 -0.534 0.118 0.109 -0.520 0.289 0.090 -0.288 0.042 0.070 -0.405 0.999 0.011 -0.036 -0.012 
0.996 -0.031 -0.002 -0.082 -0.141 -0.153 -0.971 0.224 0.126 -0.945 0.114 0.001 -0.827 0.138 0.040 -0.836 -0.031 -0.060 -0.541 0.024 
0.095 -0.535 0.186 0.020 -0.373 0.067 0.036 -0.406 0.999 0.018 -0.040 0.001 0.995 -0.031 0.005 -0.091 -0.046 -0.148 -0.985 0.173 
0.140 -0.953 0.113 0.005 -0.832 0.147 0.044 -0.836 0.003 -0.067 -0.541 -0.005 0.102 -0.535 0.175 0.022 -0.378 0.083 0.038 -0.403 
0.998 0.005 -0.050 0.038 0.996 -0.013 0.018 -0.083 0.268 -0.104 -0.946 -0.011 0.184 -0.957 0.092 0.010 -0.860 0.194 0.046 -0.842 
0.079 -0.085 -0.532 -0.116 0.128 -0.516 0.087 0.015 -0.408 0.107 0.033 -0.397 0.997 0.018 -0.025 0.075 0.996 -0.003 0.015 -0.088 
0.435 -0.001 -0.858 -0.181 0.196 -0.950 0.130 0.015 -0.863 0.196 0.030 -0.842 0.133 -0.067 -0.524 -0.174 0.136 -0.497 0.087 -0.001 
-0.408 0.209 0.014 -0.355 0.997 0.019 -0.013 0.070 0.996 0.014 0.018 -0.086 0.586 0.010 -0.704 -0.271 0.152 -0.937 0.151 -0.007 
-0.867 0.263 0.014 -0.793 0.194 -0.097 -0.500 -0.215 0.119 -0.485 0.091 -0.016 -0.407 0.286 0.004 -0.297 0.997 0.021 0.013 0.079 
0.996 0.024 0.012 -0.079 0.567 0.017 -0.675 -0.314 0.147 -0.921 0.143 -0.018 -0.875 0.260 -0.019 -0.736 0.181 -0.142 -0.494 -0.243 
0.127 -0.470 0.096 -0.027 -0.405 0.342 -0.007 -0.231 0.999 0.009 0.027 0.037 0.999 0.035 0.008 -0.041 0.592 0.014 -0.645 -0.383 
0.176 -0.901 0.138 -0.048 -0.880 0.275 -0.061 -0.685 0.188 -0.130 -0.494 -0.242 0.132 -0.469 0.095 -0.041 -0.404 0.366 -0.036 -0.186 
1.000 0.002 0.025 0.002 0.999 0.046 0.009 -0.013 0.619 0.037 -0.563 -0.337 0.171 -0.924 0.087 -0.061 -0.895 0.288 -0.098 -0.643 
0.189 -0.098 -0.502 -0.196 0.115 -0.494 0.071 -0.049 -0.408 0.384 -0.059 -0.139 1.000 0.004 0.029 -0.011 0.999 0.050 0.008 -0.007 
0.596 0.012 -0.583 -0.371 0.178 -0.911 0.095 -0.068 -0.890 0.261 -0.105 -0.650 0.163 -0.105 -0.510 -0.207 0.108 -0.491 0.072 -0.055 
-0.407 0.380 -0.070 -0.143 0.998 -0.001 0.042 -0.037 0.998 0.057 0.010 0.023 0.482 -0.035 -0.598 -0.325 0.187 -0.925 0.122 -0.090 
-0.894 0.251 -0.128 -0.678 0.044 -0.135 -0.527 -0.186 0.127 -0.495 0.083 -0.069 -0.403 0.366 -0.100 -0.163 0.997 -0.008 0.033 -0.071 
0.998 0.057 0.019 0.027 0.381 -0.103 -0.717 -0.240 0.181 -0.953 0.129 -0.090 -0.889 0.250 -0.129 -0.713 -0.031 -0.139 -0.527 -0.135 
0.110 -0.515 0.104 -0.071 -0.398 0.340 -0.106 -0.208 0.998 -0.008 0.030 -0.061 0.998 0.058 0.021 0.010 0.386 -0.124 -0.755 -0.218 
0.163 -0.962 0.108 -0.080 -0.891 0.249 -0.120 -0.736 -0.004 -0.155 -0.523 -0.127 0.103 -0.518 0.110 -0.068 -0.397 0.329 -0.096 -0.230 
0.999 0.011 0.022 -0.020 0.998 0.045 0.022 -0.038 0.329 -0.106 -0.763 -0.126 0.139 -0.971 0.133 -0.056 -0.893 0.269 -0.067 -0.794 
-0.048 -0.168 -0.516 -0.119 0.130 -0.515 0.113 -0.049 -0.398 0.303 -0.058 -0.274 1.000 0.011 0.014 0.019 0.995 0.034 0.028 -0.086 
0.212 -0.104 -0.874 -0.000 0.120 -0.962 0.238 -0.035 -0.866 0.228 -0.018 -0.844 -0.060 -0.168 -0.514 -0.109 0.122 -0.519 0.127 -0.038 
-0.395 0.246 -0.021 -0.330 0.999 0.016 -0.001 0.046 0.990 0.013 0.028 -0.137 0.042 -0.170 -0.954 0.146 0.162 -0.942 0.181 -0.004 
-0.866 0.229 0.037 -0.859 -0.072 -0.163 -0.514 -0.044 0.126 -0.528 0.126 -0.013 -0.397 0.171 0.017 -0.375 1.000 0.014 -0.008 0.020 
0.992 0.004 0.023 -0.126 -0.035 -0.181 -0.960 0.245 0.131 -0.928 0.183 -0.002 -0.873 0.227 0.034 -0.853 -0.106 -0.152 -0.512 0.018 
0.110 -0.533 0.127 -0.004 -0.397 0.124 0.017 -0.393 1.000 0.003 -0.028 -0.006 0.993 0.007 0.027 -0.111 -0.061 -0.170 -0.967 0.346 
0.120 -0.879 0.155 -0.021 -0.865 0.195 0.013 -0.854 -0.110 -0.133 -0.516 0.053 0.115 -0.529 0.157 -0.004 -0.386 0.107 0.008 -0.398 
0.999 0.004 -0.041 -0.003 0.994 0.006 0.016 -0.107 -0.113 -0.177 -0.966 0.439 0.102 -0.839 0.126 -0.040 -0.854 0.166 -0.001 -0.847 
-0.122 -0.131 -0.514 0.109 0.100 -0.524 0.191 -0.001 -0.371 0.081 0.003 -0.404 0.998 -0.009 -0.035 -0.042 0.995 0.003 0.006 -0.101 
-0.194 -0.171 -0.961 0.484 0.037 -0.790 0.128 -0.051 -0.827 0.144 -0.009 -0.847 -0.143 -0.117 -0.512 0.118 0.090 -0.524 0.242 0.010 
-0.340 0.072 0.007 -0.406 0.998 -0.014 -0.035 -0.049 0.995 0.003 -0.002 -0.104 -0.225 -0.163 -0.957 0.534 0.014 -0.739 0.136 -0.059 
-0.810 0.136 -0.018 -0.849 -0.154 -0.109 -0.511 0.141 0.084 -0.519 0.266 0.009 -0.321 0.062 0.004 -0.408 0.996 -0.007 -0.027 -0.080 
0.996 -0.017 -0.009 -0.088 -0.036 -0.091 -0.954 0.508 -0.001 -0.640 0.195 -0.029 -0.772 0.119 -0.007 -0.874 -0.148 -0.107 -0.513 0.103 
0.162 -0.510 0.313 0.000 -0.276 0.062 0.015 -0.408 0.999 -0.007 -0.026 -0.037 0.992 -0.017 -0.001 -0.125 -0.067 -0.099 -0.962 0.559 
0.015 -0.544 0.237 0.004 -0.742 0.144 0.001 -0.873 -0.136 -0.123 -0.513 0.130 0.164 -0.503 0.339 0.022 -0.241 0.070 0.021 -0.406 
1.000 0.005 0.010 -0.000 0.989 -0.018 -0.003 -0.149 -0.191 -0.116 -0.960 0.553 0.022 -0.546 0.282 0.043 -0.667 0.162 0.002 -0.894 
-0.149 -0.127 -0.508 0.123 0.168 -0.503 0.379 0.060 -0.163 0.082 0.019 -0.404 1.000 0.004 0.022 0.007 0.988 -0.019 0.002 -0.156 
-0.126 -0.098 -0.968 0.539 0.021 -0.549 0.291 0.065 -0.669 0.162 0.006 -0.898 -0.121 -0.131 -0.514 0.109 0.167 -0.507 0.379 0.063 
-0.162 0.088 0.022 -0.403 0.999 0.012 0.043 0.027 0.984 -0.023 0.012 -0.175 -0.233 -0.154 -0.946 0.487 0.048 -0.596 0.318 0.095 
-0.661 0.170 0.011 -0.894 -0.159 -0.153 -0.497 0.055 0.169 -0.515 0.382 0.072 -0.152 0.101 0.028 -0.399 0.998 0.015 0.056 0.030 
0.985 -0.030 0.024 -0.168 -0.304 -0.173 -0.933 0.423 0.064 -0.648 0.327 0.102 -0.654 0.208 0.031 -0.881 -0.178 -0.126 -0.499 0.001 
0.175 -0.516 0.384 0.078 -0.143 0.105 0.042 -0.397 0.997 0.030 0.075 0.015 0.988 -0.043 0.043 -0.142 -0.255 -0.156 -0.947 0.324 
0.069 -0.735 0.328 0.101 -0.682 0.239 0.063 -0.879 -0.164 -0.130 -0.502 -0.047 0.200 -0.505 0.376 0.077 -0.165 0.116 0.059 -0.392 
0.996 0.029 0.082 -0.005 0.991 -0.047 0.063 -0.106 -0.211 -0.135 -0.957 0.352 0.082 -0.807 0.360 0.081 -0.735 0.304 0.063 -0.868 
-0.160 -0.125 -0.505 0.023 0.189 -0.510 0.350 0.060 -0.219 0.132 0.048 -0.388 0.996 0.020 0.080 -0.027 0.993 -0.025 0.101 -0.062 
-0.176 -0.162 -0.949 0.311 0.105 -0.864 0.449 -0.001 -0.779 0.376 0.019 -0.827 -0.175 -0.147 -0.495 0.029 0.180 -0.513 0.289 -0.013 
-0.300 0.161 0.031 -0.379 0.997 0.016 0.076 -0.014 0.988 -0.018 0.130 -0.085 -0.010 -0.169 -0.923 0.293 0.105 -0.840 0.504 0.018 
-0.760 0.434 0.031 -0.789 -0.142 -0.194 -0.489 -0.003 0.200 -0.506 0.285 -0.012 -0.304 0.188 0.033 -0.366 0.994 0.028 0.104 -0.017 
0.985 -0.014 0.159 -0.068 0.026 -0.146 -0.921 0.189 0.112 -0.889 0.550 0.007 -0.739 0.470 0.023 -0.794 -0.128 -0.188 -0.495 -0.028 
0.213 -0.500 0.281 -0.011 -0.308 0.224 0.032 -0.345 0.994 0.020 0.103 0.008 0.980 -0.006 0.186 -0.077 0.048 -0.170 -0.923 0.170 
0.133 -0.893 0.590 0.006 -0.710 0.502 0.044 -0.773 -0.093 -0.213 -0.492 -0.053 0.205 -0.502 0.280 -0.010 -0.309 0.231 0.035 -0.340 
0.993 0.021 0.107 0.036 0.972 0.003 0.215 -0.092 0.081 -0.163 -0.938 0.183 0.165 -0.895 0.628 0.006 -0.657 0.547 0.039 -0.734 
-0.048 -0.203 -0.503 -0.049 0.201 -0.504 0.288 -0.008 -0.302 0.247 0.033 -0.329 0.994 0.007 0.100 0.047 0.968 0.025 0.234 -0.092 
0.082 -0.148 -0.950 0.209 0.172 -0.902 0.644 -0.006 -0.647 0.582 0.028 -0.676 -0.035 -0.183 -0.511 -0.028 0.183 -0.512 0.285 -0.014 
-0.304 0.257 0.022 -0.322 0.994 0.013 0.098 0.046 0.966 0.026 0.237 -0.098 0.092 -0.142 -0.957 0.210 0.177 -0.893 0.645 0.010 
-0.646 0.580 0.051 -0.670 -0.019 -0.170 -0.517 -0.036 0.191 -0.509 0.287 -0.007 -0.303 0.266 0.028 -0.314 0.993 0.018 0.090 0.069 
0.965 0.023 0.241 -0.102 0.088 -0.127 -0.955 0.205 0.192 -0.883 0.634 0.032 -0.633 0.580 0.065 -0.672 -0.024 -0.172 -0.516 -0.053 
0.191 -0.507 0.285 0.001 -0.305 0.276 0.045 -0.303 0.995 0.019 0.092 0.044 0.969 0.023 0.229 -0.092 0.081 -0.121 -0.962 0.173 
0.177 -0.912 0.607 0.033 -0.668 0.568 0.071 -0.698 -0.022 -0.158 -0.521 -0.041 0.190 -0.509 0.284 0.005 -0.305 0.291 0.045 -0.289 
0.995 0.015 0.076 0.058 0.968 0.024 0.228 -0.099 0.084 -0.106 -0.961 0.152 0.160 -0.920 0.594 0.046 -0.674 0.550 0.077 -0.694 
-0.026 -0.153 -0.522 -0.056 0.172 -0.514 0.282 0.008 -0.307 0.289 0.055 -0.290 0.996 0.015 0.071 0.061 0.971 0.027 0.216 -0.101 
0.103 -0.097 -0.950 0.135 0.160 -0.917 0.582 0.048 -0.684 0.528 0.079 -0.713 -0.026 -0.162 -0.519 -0.073 0.173 -0.511 0.274 0.003 
-0.314 0.286 0.057 -0.292 0.996 0.014 0.062 0.057 0.971 0.031 0.215 -0.097 0.118 -0.109 -0.943 0.152 0.153 -0.911 0.575 0.037 
-0.691 0.527 0.071 -0.714 -0.025 -0.172 -0.516 -0.070 0.171 -0.512 0.271 0.000 -0.317 0.285 0.051 -0.294 0.997 0.015 0.056 0.056 
0.973 0.034 0.205 -0.098 0.129 -0.103 -0.939 0.150 0.144 -0.910 0.562 0.034 -0.700 0.508 0.067 -0.731 -0.024 -0.173 -0.516 -0.073 
0.167 -0.513 0.269 -0.003 -0.319 0.284 0.050 -0.296 0.998 0.013 0.054 0.040 0.980 0.036 0.172 -0.094 0.147 -0.117 -0.943 0.130 
0.144 -0.923 0.499 0.030 -0.750 0.445 0.063 -0.775 -0.011 -0.163 -0.519 -0.072 0.164 -0.514 0.237 -0.001 -0.343 0.262 0.053 -0.315 
0.998 0.009 0.050 0.029 0.982 0.038 0.167 -0.083 0.170 -0.099 -0.932 0.156 0.131 -0.922 0.488 0.026 -0.757 0.445 0.055 -0.775 
-0.014 -0.159 -0.521 -0.054 0.159 -0.518 0.225 -0.002 -0.351 0.262 0.052 -0.315 0.999 -0.005 0.036 -0.010 0.984 0.067 0.160 -0.048 
0.321 -0.084 -0.820 0.223 0.068 -0.918 0.469 -0.058 -0.773 0.455 -0.016 -0.763 -0.007 -0.173 -0.516 -0.002 0.136 -0.527 0.206 -0.044 
-0.360 0.277 -0.003 -0.306 0.998 0.002 0.036 -0.048 0.988 0.077 0.136 -0.014 0.341 -0.091 -0.764 0.202 0.047 -0.932 0.416 -0.096 
-0.814 0.415 -0.045 -0.800 -0.033 -0.169 -0.517 0.010 0.133 -0.527 0.168 -0.058 -0.377 0.268 -0.031 -0.312 0.997 -0.013 0.027 -0.070 
0.991 0.085 0.101 0.011 0.359 -0.116 -0.733 0.161 0.023 -0.949 0.323 -0.122 -0.859 0.342 -0.075 -0.834 -0.038 -0.170 -0.516 -0.004 
0.110 -0.533 0.119 -0.069 -0.394 0.241 -0.052 -0.331 0.997 -0.010 0.015 -0.073 0.992 0.086 0.097 0.010 0.416 -0.110 -0.684 0.147 
0.028 -0.966 0.309 -0.136 -0.857 0.350 -0.080 -0.803 -0.006 -0.158 -0.522 0.011 0.095 -0.535 0.117 -0.077 -0.393 0.265 -0.068 -0.308 
0.997 0.004 0.001 -0.073 0.994 0.076 0.074 0.001 0.492 -0.081 -0.695 0.052 0.076 -0.983 0.247 -0.109 -0.865 0.118 -0.047 -0.774 
0.070 -0.117 -0.528 -0.016 0.106 -0.533 0.082 -0.065 -0.404 0.292 -0.075 -0.282 0.997 0.005 -0.004 -0.071 0.995 0.073 0.061 0.014 
0.496 -0.098 -0.656 0.053 0.092 -0.980 0.212 -0.104 -0.874 0.095 -0.053 -0.770 0.062 -0.135 -0.525 -0.022 0.118 -0.530 0.058 -0.063 
-0.408 0.290 -0.082 -0.282 0.998 0.015 0.005 -0.066 0.997 0.062 0.035 0.006 0.497 -0.080 -0.635 -0.019 0.162 -0.980 0.155 -0.083 
-0.890 0.173 -0.060 -0.798 0.055 -0.110 -0.531 -0.041 0.134 -0.525 0.030 -0.053 -0.413 0.289 -0.075 -0.285 0.996 0.018 0.004 -0.082 
0.997 0.057 0.043 0.002 0.467 -0.101 -0.660 -0.021 0.184 -0.974 0.181 -0.092 -0.875 0.238 -0.075 -0.849 0.030 -0.104 -0.534 -0.046 
0.156 -0.519 0.045 -0.053 -0.411 0.253 -0.060 -0.320 0.997 0.013 0.020 -0.077 0.998 0.042 0.042 -0.010 0.401 -0.100 -0.744 -0.037 
0.201 -0.972 0.190 -0.074 -0.880 0.252 -0.043 -0.869 -0.004 -0.095 -0.537 -0.055 0.157 -0.518 0.052 -0.044 -0.411 0.208 -0.035 -0.355 
0.998 -0.006 0.025 -0.062 0.997 0.039 0.040 -0.048 0.319 -0.107 -0.828 -0.066 0.184 -0.972 0.213 -0.090 -0.872 0.271 -0.022 -0.883 
-0.026 -0.114 -0.532 -0.084 0.145 -0.518 0.048 -0.046 -0.412 0.158 -0.027 -0.380 0.999 0.003 0.009 -0.032 0.993 0.009 0.043 -0.105 
0.156 -0.143 -0.939 -0.037 0.181 -0.976 0.181 -0.029 -0.871 0.218 0.047 -0.875 -0.041 -0.118 -0.530 -0.073 0.129 -0.524 0.073 -0.031 
-0.409 0.092 0.008 -0.402 1.000 0.013 -0.003 -0.020 0.991 -0.010 0.051 -0.124 0.071 -0.139 -0.976 0.017 0.188 -0.974 0.199 0.007 
-0.845 0.209 0.080 -0.845 -0.030 -0.096 -0.535 -0.052 0.128 -0.527 0.098 -0.012 -0.405 0.073 0.031 -0.405 1.000 0.015 -0.006 -0.017 
0.989 -0.014 0.047 -0.143 -0.070 -0.191 -0.977 0.046 0.169 -0.976 0.200 0.015 -0.829 0.204 0.077 -0.828 -0.032 -0.102 -0.534 -0.040 
0.118 -0.530 0.165 0.005 -0.383 0.054 0.032 -0.408 1.000 0.023 -0.016 0.008 0.984 -0.023 0.038 -0.171 -0.182 -0.223 -0.951 0.095 
0.152 -0.967 0.216 0.025 -0.792 0.177 0.095 -0.831 -0.060 -0.101 -0.531 -0.037 0.109 -0.532 0.212 0.024 -0.359 0.034 0.037 -0.410 
0.999 0.047 -0.017 0.009 0.981 -0.042 0.038 -0.184 -0.211 -0.193 -0.956 0.220 0.201 -0.929 0.185 0.045 -0.760 0.159 0.121 -0.851 
-0.107 -0.101 -0.524 0.015 0.148 -0.525 0.229 0.042 -0.347 0.022 0.046 -0.410 0.999 0.052 -0.010 0.001 0.980 -0.049 0.029 -0.192 
-0.275 -0.196 -0.939 0.186 0.145 -0.948 0.206 0.061 -0.757 0.144 0.127 -0.857 -0.148 -0.106 -0.513 0.001 0.121 -0.531 0.251 0.056 
-0.329 0.010 0.043 -0.411 0.999 0.032 -0.007 0.010 0.979 -0.044 0.024 -0.198 -0.303 -0.217 -0.926 0.055 0.091 -0.933 0.213 0.052 
-0.780 0.139 0.112 -0.869 -0.170 -0.122 -0.502 -0.136 0.094 -0.519 0.256 0.050 -0.326 0.015 0.038 -0.411 0.999 0.010 -0.019 0.044 
0.972 -0.042 0.023 -0.229 -0.253 -0.232 -0.933 0.104 0.061 -0.795 0.195 0.055 -0.818 0.132 0.115 -0.876 -0.165 -0.154 -0.494 -0.232 
0.073 -0.487 0.230 0.058 -0.344 0.019 0.046 -0.410 0.996 -0.004 -0.005 0.092 0.967 -0.039 0.016 -0.250 -0.180 -0.204 -0.946 0.179 
0.062 -0.624 0.185 0.052 -0.888 0.145 0.131 -0.891 -0.138 -0.176 -0.495 -0.253 0.029 -0.481 0.184 0.059 -0.370 0.019 0.052 -0.410 
0.997 -0.000 -0.011 0.079 0.974 -0.038 0.015 -0.224 -0.100 -0.166 -0.937 0.186 0.078 -0.610 0.179 0.040 -0.912 0.159 0.126 -0.898 
-0.142 -0.199 -0.485 -0.251 0.066 -0.479 0.157 0.045 -0.384 0.037 0.056 -0.408 0.995 0.004 -0.011 0.098 0.975 -0.029 0.016 -0.218 
0.001 -0.147 -0.946 0.151 0.080 -0.630 0.195 0.024 -0.915 0.181 0.124 -0.895 -0.086 -0.191 -0.501 -0.274 0.053 -0.467 0.142 0.034 
-0.391 0.047 0.055 -0.407 0.997 0.006 -0.014 0.078 0.982 -0.021 0.013 -0.187 0.047 -0.128 -0.949 0.380 0.134 -0.653 0.165 0.008 
-0.919 0.187 0.108 -0.894 -0.070 -0.169 -0.512 -0.059 0.119 -0.529 0.109 0.022 -0.402 0.064 0.058 -0.404 0.998 0.012 -0.020 0.063 
0.129 -0.524 0.086 0.012 -0.408 0.081 0.058 -0.401 0.997 0.013 -0.019 0.080 0.992 -0.012 -0.002 -0.129 0.165 -0.131 -0.943 0.209 
0.175 -0.829 0.106 -0.007 -0.910 0.196 0.089 -0.887 -0.005 -0.155 -0.522 -0.119 0.132 -0.515 0.065 0.004 -0.412 0.103 0.056 -0.396 
0.998 0.013 -0.033 0.052 0.994 -0.006 -0.009 -0.113 0.363 -0.096 -0.869 0.119 0.183 -0.881 0.080 0.001 -0.897 0.130 0.064 -0.880 
0.071 -0.137 -0.522 -0.137 0.152 -0.505 0.055 -0.009 -0.413 0.141 0.056 -0.384 0.998 0.012 -0.039 0.039 0.994 0.008 -0.033 -0.099 
0.499 -0.084 -0.800 0.004 0.193 -0.913 0.007 -0.027 -0.892 0.122 0.033 -0.858 0.152 -0.125 -0.508 -0.170 0.156 -0.493 0.030 -0.034 
-0.414 0.172 0.035 -0.374 0.999 0.008 -0.042 0.031 0.995 0.014 -0.046 -0.082 0.495 -0.045 -0.797 -0.074 0.200 -0.936 -0.026 -0.041 
-0.892 0.117 0.017 -0.852 0.142 -0.103 -0.516 -0.171 0.157 -0.492 0.017 -0.043 -0.414 0.189 0.020 -0.366 0.999 0.008 -0.049 0.016 
0.996 0.017 -0.055 -0.062 0.527 -0.046 -0.707 -0.090 0.215 -0.933 -0.068 -0.049 -0.899 0.111 0.000 -0.866 0.117 -0.109 -0.521 -0.172 
0.175 -0.486 -0.002 -0.049 -0.414 0.186 0.001 -0.368 0.998 0.011 -0.062 0.009 0.996 0.014 -0.065 -0.058 0.501 -0.042 -0.670 -0.102 
0.235 -0.923 -0.095 -0.048 -0.897 0.079 0.004 -0.876 0.073 -0.104 -0.530 -0.180 0.196 -0.475 -0.011 -0.046 -0.414 0.170 -0.000 -0.376 
0.997 0.003 -0.071 -0.013 0.996 0.011 -0.070 -0.050 0.479 -0.034 -0.549 -0.099 0.238 -0.888 -0.129 -0.038 -0.905 0.055 -0.007 -0.901 
0.027 -0.084 -0.538 -0.207 0.236 -0.444 -0.016 -0.040 -0.415 0.152 -0.000 -0.384 0.997 0.003 -0.076 -0.013 0.996 0.008 -0.069 -0.050 
0.505 -0.016 -0.515 -0.070 0.238 -0.890 -0.130 -0.036 -0.905 0.049 -0.009 -0.903 0.054 -0.069 -0.538 -0.192 0.238 -0.450 -0.015 -0.039 
-0.415 0.150 -0.001 -0.384 0.996 0.000 -0.088 -0.006 0.994 0.004 -0.085 -0.064 0.564 0.005 -0.488 -0.007 0.213 -0.851 -0.171 -0.057 
-0.896 0.041 -0.034 -0.931 0.114 -0.047 -0.531 -0.213 0.231 -0.444 -0.029 -0.040 -0.414 0.079 -0.009 -0.405 0.995 0.005 -0.097 -0.032 
0.994 -0.002 -0.090 -0.058 0.549 -0.004 -0.534 0.103 0.179 -0.884 -0.145 -0.054 -0.889 0.025 -0.042 -0.924 0.095 -0.025 -0.536 -0.120 
0.211 -0.487 -0.009 -0.039 -0.415 0.051 -0.019 -0.409 0.992 -0.003 -0.108 -0.064 0.993 0.011 -0.096 -0.062 0.520 -0.092 -0.622 0.154 
0.101 -0.898 -0.146 -0.090 -0.845 0.004 -0.098 -0.895 0.074 -0.079 -0.534 -0.078 0.169 -0.511 0.084 -0.058 -0.404 0.023 -0.042 -0.410 
0.987 -0.002 -0.109 -0.118 0.991 0.003 -0.122 -0.044 0.424 -0.185 -0.689 0.269 0.076 -0.813 -0.109 -0.083 -0.779 -0.060 -0.108 -0.880 
0.002 -0.122 -0.531 -0.041 0.204 -0.503 0.185 -0.055 -0.369 -0.021 -0.039 -0.410 0.981 0.008 -0.110 -0.157 0.989 -0.019 -0.147 -0.031 
0.146 -0.167 -0.751 0.391 0.031 -0.745 -0.053 -0.050 -0.744 -0.135 -0.067 -0.870 -0.217 -0.064 -0.496 0.041 0.198 -0.505 0.235 -0.050 
-0.341 -0.083 -0.011 -0.404 0.979 0.012 -0.103 -0.174 0.985 -0.028 -0.169 -0.023 0.077 -0.161 -0.809 0.391 0.040 -0.726 -0.041 -0.047 
-0.715 -0.186 -0.063 -0.874 -0.231 -0.058 -0.490 0.044 0.224 -0.494 0.264 -0.042 -0.320 -0.098 -0.002 -0.401 0.976 0.002 -0.096 -0.194 
0.983 -0.031 -0.183 -0.004 0.003 -0.170 -0.815 0.384 -0.003 -0.722 -0.040 -0.056 -0.701 -0.215 -0.061 -0.871 -0.271 -0.058 -0.470 0.047 
0.209 -0.500 0.277 -0.053 -0.308 -0.110 0.000 -0.398 0.979 0.013 -0.098 -0.180 0.982 -0.033 -0.184 -0.022 -0.042 -0.164 -0.822 0.406 
-0.001 -0.646 0.020 -0.044 -0.691 -0.230 -0.060 -0.865 -0.292 -0.063 -0.456 0.035 0.219 -0.497 0.305 -0.041 -0.281 -0.119 -0.000 -0.395 
0.979 0.019 -0.107 -0.170 0.981 -0.038 -0.188 -0.028 -0.084 -0.144 -0.840 0.361 -0.009 -0.545 0.068 -0.043 -0.679 -0.270 -0.052 -0.863 
-0.302 -0.084 -0.446 -0.008 0.251 -0.483 0.340 -0.010 -0.242 -0.123 -0.002 -0.394 0.980 0.025 -0.107 -0.164 0.980 -0.040 -0.191 -0.024 
-0.078 -0.129 -0.850 0.365 -0.011 -0.537 0.072 -0.043 -0.682 -0.277 -0.049 -0.864 -0.293 -0.081 -0.452 -0.007 0.249 -0.484 0.340 -0.012 
-0.242 -0.125 -0.002 -0.393 0.981 0.031 -0.107 -0.158 0.980 -0.041 -0.194 -0.028 -0.100 -0.123 -0.868 0.360 -0.012 -0.511 0.075 -0.043 
-0.681 -0.294 -0.050 -0.861 -0.287 -0.085 -0.455 -0.014 0.248 -0.484 0.343 -0.006 -0.237 -0.129 -0.001 -0.392 0.986 0.031 -0.102 -0.132 
0.980 -0.046 -0.192 -0.041 -0.098 -0.106 -0.896 0.377 -0.012 -0.471 0.072 -0.023 -0.682 -0.290 -0.045 -0.860 -0.257 -0.098 -0.470 -0.006 
0.235 -0.491 0.347 0.006 -0.231 -0.130 0.003 -0.392 0.988 0.037 -0.109 -0.103 0.980 -0.040 -0.182 -0.073 -0.096 -0.113 -0.915 0.397 
0.011 -0.432 0.082 -0.017 -0.683 -0.267 -0.063 -0.862 -0.230 -0.112 -0.481 0.000 0.227 -0.495 0.345 0.029 -0.233 -0.119 -0.002 -0.395 
0.988 0.037 -0.111 -0.100 0.980 -0.041 -0.182 -0.071 -0.083 -0.103 -0.920 0.411 0.010 -0.421 0.070 -0.018 -0.684 -0.261 -0.062 -0.862 
-0.220 -0.108 -0.487 0.016 0.225 -0.496 0.342 0.029 -0.237 -0.119 -0.001 -0.395 0.990 0.039 -0.105 -0.091 0.980 -0.042 -0.180 -0.069 
-0.145 -0.109 -0.929 0.470 0.014 -0.458 0.062 -0.025 -0.709 -0.234 -0.060 -0.871 -0.231 -0.103 -0.483 0.057 0.204 -0.502 0.325 0.030 
-0.259 -0.114 0.001 -0.397 0.989 0.039 -0.106 -0.090 0.981 -0.041 -0.179 -0.068 -0.137 -0.110 -0.930 0.471 0.014 -0.462 0.056 -0.027 
-0.708 -0.236 -0.062 -0.870 -0.227 -0.104 -0.484 0.057 0.202 -0.502 0.324 0.029 -0.261 -0.114 0.000 -0.396 0.990 0.038 -0.105 -0.088 
0.981 -0.040 -0.176 -0.066 -0.131 -0.112 -0.932 0.463 0.017 -0.473 0.041 -0.029 -0.706 -0.223 -0.064 -0.870 -0.222 -0.105 -0.486 0.046 
0.199 -0.505 0.321 0.031 -0.264 -0.111 -0.000 -0.397 0.989 0.029 -0.115 -0.093 0.982 -0.043 -0.173 -0.059 -0.114 -0.102 -0.927 0.449 
0.004 -0.457 0.040 -0.023 -0.706 -0.221 -0.057 -0.868 -0.224 -0.103 -0.486 0.037 0.194 -0.507 0.319 0.030 -0.267 -0.106 0.002 -0.399 
0.989 0.027 -0.113 -0.095 0.982 -0.042 -0.172 -0.061 -0.051 -0.102 -0.927 0.460 0.002 -0.467 0.046 -0.027 -0.707 -0.202 -0.063 -0.870 
-0.198 -0.102 -0.497 0.047 0.192 -0.508 0.320 0.030 -0.266 -0.102 -0.003 -0.400 0.987 0.023 -0.116 -0.104 0.984 -0.040 -0.170 -0.046 
-0.041 -0.094 -0.910 0.462 -0.027 -0.459 0.056 -0.038 -0.705 -0.199 -0.073 -0.875 -0.217 -0.098 -0.490 0.057 0.177 -0.512 0.325 0.012 
-0.261 -0.096 -0.012 -0.401 0.989 0.031 -0.116 -0.089 0.982 -0.038 -0.172 -0.064 -0.048 -0.096 -0.933 0.480 -0.013 -0.457 0.076 -0.034 
-0.697 -0.204 -0.079 -0.867 -0.189 -0.102 -0.501 0.066 0.171 -0.513 0.333 0.022 -0.251 -0.096 -0.011 -0.401 0.989 0.031 -0.116 -0.090 
0.982 -0.040 -0.174 -0.065 -0.058 -0.093 -0.934 0.479 -0.012 -0.458 0.073 -0.031 -0.698 -0.207 -0.076 -0.867 -0.193 -0.100 -0.500 0.065 
0.173 -0.512 0.332 0.024 -0.252 -0.098 -0.010 -0.401 0.989 0.024 -0.114 -0.095 0.981 -0.039 -0.180 -0.055 -0.099 -0.101 -0.932 0.481 
-0.019 -0.441 0.078 -0.024 -0.686 -0.202 -0.086 -0.859 -0.212 -0.104 -0.491 0.073 0.174 -0.511 0.341 0.010 -0.240 -0.101 -0.012 -0.400 
0.989 0.026 -0.114 -0.092 0.982 -0.037 -0.180 -0.053 -0.099 -0.106 -0.928 0.492 -0.029 -0.435 0.086 -0.023 -0.681 -0.205 -0.091 -0.857 
-0.215 -0.112 -0.488 0.086 0.166 -0.511 0.345 0.005 -0.235 -0.098 -0.016 -0.400 0.989 0.028 -0.112 -0.093 0.982 -0.037 -0.180 -0.047 
-0.103 -0.106 -0.926 0.498 -0.023 -0.436 0.083 -0.025 -0.681 -0.201 -0.091 -0.854 -0.220 -0.109 -0.486 0.091 0.173 -0.508 0.344 0.005 
-0.236 -0.100 -0.016 -0.400 0.987 0.029 -0.127 -0.099 0.984 -0.044 -0.166 -0.040 -0.079 -0.100 -0.932 0.501 -0.023 -0.421 0.099 -0.015 
-0.681 -0.182 -0.022 -0.856 -0.203 -0.107 -0.494 0.097 0.171 -0.507 0.349 0.003 -0.228 -0.092 -0.004 -0.402 0.987 0.028 -0.126 -0.098 
0.984 -0.043 -0.170 -0.040 -0.088 -0.101 -0.931 0.498 -0.023 -0.425 0.093 -0.015 -0.682 -0.190 -0.023 -0.854 -0.208 -0.107 -0.492 0.093 
0.171 -0.508 0.347 0.003 -0.231 -0.095 -0.004 -0.401 0.989 0.034 -0.107 -0.094 0.983 -0.052 -0.172 -0.042 -0.195 -0.094 -0.921 0.511 
-0.009 -0.449 0.073 0.005 -0.683 -0.185 -0.039 -0.865 -0.257 -0.099 -0.470 0.099 0.178 -0.505 0.341 0.019 -0.240 -0.089 0.006 -0.403 
0.990 0.029 -0.110 -0.087 0.984 -0.043 -0.164 -0.051 -0.182 -0.115 -0.929 0.526 -0.015 -0.453 0.074 -0.002 -0.683 -0.161 -0.064 -0.865 
-0.239 -0.109 -0.478 0.108 0.161 -0.508 0.336 0.025 -0.247 -0.081 -0.002 -0.405 0.991 0.032 -0.100 -0.078 0.985 -0.052 -0.155 -0.055 
-0.156 -0.097 -0.943 0.551 -0.015 -0.475 0.088 0.016 -0.684 -0.145 -0.050 -0.868 -0.211 -0.101 -0.492 0.131 0.162 -0.503 0.336 0.037 
-0.245 -0.066 0.006 -0.407 0.992 0.028 -0.093 -0.076 0.987 -0.052 -0.145 -0.050 -0.140 -0.106 -0.948 0.570 -0.031 -0.473 0.113 0.016 
-0.691 -0.111 -0.057 -0.866 -0.196 -0.110 -0.496 0.152 0.150 -0.501 0.339 0.031 -0.241 -0.048 0.003 -0.410 0.994 0.023 -0.056 -0.090 
0.989 -0.064 -0.133 -0.018 -0.119 -0.092 -0.944 0.544 -0.059 -0.470 0.129 0.022 -0.703 -0.074 -0.039 -0.880 -0.196 -0.112 -0.496 0.155 
0.180 -0.489 0.351 0.019 -0.225 -0.030 0.013 -0.411 0.992 0.030 -0.050 -0.116 0.990 -0.069 -0.120 0.032 -0.097 -0.098 -0.931 0.591 
-0.132 -0.502 0.143 0.011 -0.704 -0.044 0.001 -0.892 -0.211 -0.109 -0.491 0.226 0.141 -0.474 0.351 -0.019 -0.224 -0.012 0.018 -0.412 
0.993 0.030 -0.017 -0.114 0.992 -0.073 -0.088 0.059 0.018 -0.162 -0.941 0.597 -0.116 -0.588 0.173 0.013 -0.722 0.045 0.016 -0.898 
-0.129 -0.138 -0.512 0.242 0.143 -0.465 0.343 -0.020 -0.236 0.026 0.033 -0.410 0.996 0.001 0.010 -0.085 0.995 -0.053 -0.069 0.040 
0.150 -0.179 -0.931 0.606 -0.114 -0.595 0.161 -0.002 -0.735 0.088 -0.062 -0.903 -0.042 -0.162 -0.519 0.224 0.109 -0.483 0.340 -0.016 
-0.241 0.036 0.012 -0.411 0.999 -0.000 0.025 -0.047 0.997 -0.051 -0.055 0.016 0.271 -0.207 -0.920 0.640 -0.078 -0.633 0.178 0.017 
-0.795 0.145 -0.005 -0.911 0.072 -0.175 -0.511 0.235 0.073 -0.485 0.300 0.011 -0.289 0.049 0.021 -0.409 1.000 -0.001 0.028 -0.004 
0.998 -0.051 -0.036 -0.010 0.401 -0.183 -0.883 0.617 0.011 -0.648 0.205 0.032 -0.842 0.176 0.011 -0.886 0.164 -0.155 -0.496 0.198 
0.106 -0.495 0.261 0.012 -0.325 0.056 0.029 -0.408 0.999 -0.003 0.037 -0.027 0.998 -0.050 -0.027 -0.008 0.498 -0.179 -0.844 0.662 
-0.041 -0.731 0.210 0.037 -0.862 0.199 0.011 -0.872 0.239 -0.122 -0.475 0.312 0.022 -0.445 0.213 -0.006 -0.359 0.063 0.029 -0.407 
0.999 0.001 0.040 -0.002 0.999 -0.044 -0.007 -0.020 0.564 -0.155 -0.803 0.613 -0.007 -0.776 0.227 0.023 -0.870 0.228 -0.005 -0.872 
